#Zeit (s)	Istwert	P	I	D	Regelausgang	Sollwert
133.565000	59.153959	0.846041	0.000000	0.000000	0.846041	60.000000
133.468000	59.154080	0.845920	0.000000	-0.000000	0.845920	60.000000
133.368000	59.149614	0.850386	0.000000	-0.000000	0.850386	60.000000
133.275000	59.148342	0.851658	0.000000	-0.000000	0.851658	60.000000
133.184000	59.147322	0.852678	0.000000	0.000000	0.852678	60.000000
133.090000	59.156071	0.843929	0.000000	-0.000000	0.843929	60.000000
132.993000	59.154325	0.845675	0.000000	-0.000000	0.845675	60.000000
132.895000	59.147860	0.852140	0.000000	-0.000000	0.852140	60.000000
132.799000	59.137840	0.862160	0.000000	-0.000000	0.862160	60.000000
132.705000	59.131981	0.868019	0.000000	-0.000000	0.868019	60.000000
132.613000	59.125232	0.874768	0.000000	0.000000	0.874768	60.000000
132.518000	59.126974	0.873026	0.000000	-0.000000	0.873026	60.000000
132.423000	59.126854	0.873146	0.000000	-0.000000	0.873146	60.000000
132.325000	59.118706	0.881294	0.000000	-0.000000	0.881294	60.000000
132.227000	59.109768	0.890232	0.000000	-0.000000	0.890232	60.000000
132.128000	59.102532	0.897468	0.000000	-0.000000	0.897468	60.000000
132.030000	59.102113	0.897887	0.000000	-0.000000	0.897887	60.000000
131.931000	59.099637	0.900363	0.000000	-0.000000	0.900363	60.000000
131.836000	59.095045	0.904955	0.000000	-0.000000	0.904955	60.000000
131.742000	59.086776	0.913224	0.000000	-0.000000	0.913224	60.000000
131.651000	59.082069	0.917931	0.000000	-0.000000	0.917931	60.000000
131.557000	59.078627	0.921373	0.000000	-0.000000	0.921373	60.000000
131.459000	59.069390	0.930610	0.000000	-0.000000	0.930610	60.000000
131.360000	59.058706	0.941294	0.000000	-0.000000	0.941294	60.000000
131.264000	59.054727	0.945273	0.000000	-0.000000	0.945273	60.000000
131.172000	59.050557	0.949443	0.000000	-0.000000	0.949443	60.000000
131.079000	59.045188	0.954812	0.000000	-0.000000	0.954812	60.000000
130.982000	59.043196	0.956804	0.000000	-0.000000	0.956804	60.000000
130.884000	59.034688	0.965312	0.000000	-0.000000	0.965312	60.000000
130.791000	59.032570	0.967430	0.000000	-0.000000	0.967430	60.000000
130.696000	59.019712	0.980288	0.000000	-0.000000	0.980288	60.000000
130.602000	59.019652	0.980348	0.000000	-0.000000	0.980348	60.000000
130.509000	59.017724	0.982276	0.000000	-0.000000	0.982276	60.000000
130.412000	59.014886	0.985114	0.000000	0.000000	0.985114	60.000000
130.314000	59.016397	0.983603	0.000000	-0.000000	0.983603	60.000000
130.218000	59.015493	0.984507	0.000000	0.000000	0.984507	60.000000
130.124000	59.021706	0.978294	0.000000	0.000000	0.978294	60.000000
130.004000	59.024843	0.975157	0.000000	-0.000000	0.975157	60.000000
129.912000	59.021956	0.978044	0.000000	0.000000	0.978044	60.000000
129.820000	59.022791	0.977209	0.000000	-0.000000	0.977209	60.000000
129.721000	59.010596	0.989404	0.000000	-0.000000	0.989404	60.000000
129.622000	58.994541	1.005459	0.000000	-0.000000	1.005459	60.000000
129.523000	58.992193	1.007807	0.000000	-0.000000	1.007807	60.000000
129.425000	58.983675	1.016325	0.000000	-0.000000	1.016325	60.000000
129.326000	58.975771	1.024229	0.000000	-0.000000	1.024229	60.000000
129.230000	58.964062	1.035938	0.000000	-0.000000	1.035938	60.000000
129.143000	58.961765	1.038235	0.000000	-0.000000	1.038235	60.000000
129.045000	58.955855	1.044145	0.000000	-0.000000	1.044145	60.000000
128.951000	58.944687	1.055313	0.000000	0.000000	1.055313	60.000000
128.854000	58.945046	1.054954	0.000000	-0.000000	1.054954	60.000000
128.757000	58.944626	1.055374	0.000000	-0.000000	1.055374	60.000000
128.658000	58.944022	1.055978	0.000000	0.000000	1.055978	60.000000
128.564000	58.946740	1.053260	0.000000	-0.000000	1.053260	60.000000
128.470000	58.940703	1.059297	0.000000	0.000000	1.059297	60.000000
128.372000	58.942085	1.057915	0.000000	-0.000000	1.057915	60.000000
128.272000	58.940468	1.059532	0.000000	0.000000	1.059532	60.000000
128.174000	58.948678	1.051322	0.000000	0.000000	1.051322	60.000000
128.080000	58.953501	1.046499	0.000000	-0.000000	1.046499	60.000000
127.980000	58.952351	1.047649	0.000000	-0.000000	1.047649	60.000000
127.882000	58.947760	1.052240	0.000000	0.000000	1.052240	60.000000
127.785000	58.956571	1.043429	0.000000	0.000000	1.043429	60.000000
127.692000	58.958509	1.041491	0.000000	-0.000000	1.041491	60.000000
127.591000	58.950296	1.049704	0.000000	0.000000	1.049704	60.000000
127.493000	58.955367	1.044633	0.000000	0.000000	1.044633	60.000000
127.397000	58.962738	1.037262	0.000000	0.000000	1.037262	60.000000
127.302000	58.968168	1.031832	0.000000	0.000000	1.031832	60.000000
127.204000	58.977045	1.022955	0.000000	0.000000	1.022955	60.000000
127.105000	58.987725	1.012275	0.000000	0.000000	1.012275	60.000000
127.012000	58.998104	1.001896	0.000000	0.000000	1.001896	60.000000
126.917000	59.004380	0.995620	0.000000	0.000000	0.995620	60.000000
126.825000	59.022614	0.977386	0.000000	0.000000	0.977386	60.000000
126.732000	59.039809	0.960191	0.000000	0.000000	0.960191	60.000000
126.639000	59.055209	0.944791	0.000000	0.000000	0.944791	60.000000
126.546000	59.068795	0.931205	0.000000	0.000000	0.931205	60.000000
126.446000	59.074459	0.925541	0.000000	0.000000	0.925541	60.000000
126.353000	59.085152	0.914848	0.000000	0.000000	0.914848	60.000000
126.256000	59.101447	0.898553	0.000000	0.000000	0.898553	60.000000
126.159000	59.121426	0.878574	0.000000	0.000000	0.878574	60.000000
126.063000	59.135190	0.864810	0.000000	0.000000	0.864810	60.000000
125.967000	59.157823	0.842177	0.000000	0.000000	0.842177	60.000000
125.871000	59.180699	0.819301	0.000000	0.000000	0.819301	60.000000
125.775000	59.207866	0.792134	0.000000	0.000000	0.792134	60.000000
125.682000	59.230740	0.769260	0.000000	0.000000	0.769260	60.000000
125.587000	59.247943	0.752057	0.000000	0.000000	0.752057	60.000000
125.491000	59.267431	0.732569	0.000000	0.000000	0.732569	60.000000
125.393000	59.292066	0.707934	0.000000	0.000000	0.707934	60.000000
125.296000	59.310722	0.689278	0.000000	0.000000	0.689278	60.000000
125.199000	59.335107	0.664893	0.000000	0.000000	0.664893	60.000000
125.101000	59.359428	0.640572	0.000000	0.000000	0.640572	60.000000
125.003000	59.375664	0.624336	0.000000	0.000000	0.624336	60.000000
124.908000	59.377660	0.622340	0.000000	0.000000	0.622340	60.000000
124.814000	59.385320	0.614680	0.000000	0.000000	0.614680	60.000000
124.721000	59.390638	0.609362	0.000000	0.000000	0.609362	60.000000
124.621000	59.409950	0.590050	0.000000	0.000000	0.590050	60.000000
124.523000	59.438081	0.561919	0.000000	0.000000	0.561919	60.000000
124.426000	59.465125	0.534875	0.000000	0.000000	0.534875	60.000000
124.263000	59.479491	0.520509	0.000000	0.000000	0.520509	60.000000
124.166000	59.486188	0.513812	0.000000	0.000000	0.513812	60.000000
124.069000	59.490469	0.509531	0.000000	0.000000	0.509531	60.000000
123.978000	59.502789	0.497211	0.000000	0.000000	0.497211	60.000000
123.883000	59.506591	0.493409	0.000000	0.000000	0.493409	60.000000
123.791000	59.516915	0.483085	0.000000	0.000000	0.483085	60.000000
123.699000	59.522277	0.477723	0.000000	0.000000	0.477723	60.000000
123.601000	59.524998	0.475002	0.000000	0.000000	0.475002	60.000000
123.504000	59.525782	0.474218	0.000000	0.000000	0.474218	60.000000
123.407000	59.529945	0.470055	0.000000	0.000000	0.470055	60.000000
123.315000	59.533269	0.466731	0.000000	-0.000000	0.466731	60.000000
123.223000	59.528683	0.471317	0.000000	-0.000000	0.471317	60.000000
123.126000	59.526933	0.473067	0.000000	-0.000000	0.473067	60.000000
123.029000	59.520539	0.479461	0.000000	-0.000000	0.479461	60.000000
122.936000	59.517029	0.482971	0.000000	0.000000	0.482971	60.000000
122.846000	59.521200	0.478800	0.000000	-0.000000	0.478800	60.000000
122.754000	59.515342	0.484658	0.000000	-0.000000	0.484658	60.000000
122.654000	59.506886	0.493114	0.000000	-0.000000	0.493114	60.000000
122.562000	59.491622	0.508378	0.000000	-0.000000	0.508378	60.000000
122.470000	59.475142	0.524858	0.000000	-0.000000	0.524858	60.000000
122.372000	59.455645	0.544355	0.000000	-0.000000	0.544355	60.000000
122.274000	59.436998	0.563002	0.000000	-0.000000	0.563002	60.000000
122.180000	59.421726	0.578274	0.000000	-0.000000	0.578274	60.000000
122.083000	59.402107	0.597893	0.000000	-0.000000	0.597893	60.000000
121.986000	59.371561	0.628439	0.000000	-0.000000	0.628439	60.000000
121.889000	59.326230	0.673770	0.000000	-0.000000	0.673770	60.000000
121.791000	59.277337	0.722663	0.000000	-0.000000	0.722663	60.000000
121.695000	59.226997	0.773003	0.000000	-0.000000	0.773003	60.000000
121.600000	59.193136	0.806864	0.000000	-0.000000	0.806864	60.000000
121.505000	59.183117	0.816883	0.000000	-0.000000	0.816883	60.000000
121.410000	59.157879	0.842121	0.000000	-0.000000	0.842121	60.000000
121.320000	59.107905	0.892095	0.000000	-0.000000	0.892095	60.000000
121.222000	59.054125	0.945875	0.000000	-0.000000	0.945875	60.000000
121.126000	58.997926	1.002074	0.000000	-0.000000	1.002074	60.000000
121.034000	58.944628	1.055372	0.000000	-0.000000	1.055372	60.000000
120.940000	58.902313	1.097687	0.000000	-0.000000	1.097687	60.000000
120.843000	58.861207	1.138793	0.000000	-0.000000	1.138793	60.000000
120.747000	58.808022	1.191978	0.000000	-0.000000	1.191978	60.000000
120.652000	58.753710	1.246290	0.000000	-0.000000	1.246290	60.000000
120.556000	58.710068	1.289932	0.000000	-0.000000	1.289932	60.000000
120.458000	58.657668	1.342332	0.000000	-0.000000	1.342332	60.000000
120.359000	58.606546	1.393454	0.000000	-0.000000	1.393454	60.000000
120.262000	58.567489	1.432511	0.000000	-0.000000	1.432511	60.000000
120.166000	58.530361	1.469639	0.000000	-0.000000	1.469639	60.000000
120.046000	58.462768	1.537232	0.000000	-0.000000	1.537232	60.000000
119.953000	58.400468	1.599532	0.000000	-0.000000	1.599532	60.000000
119.853000	58.342764	1.657236	0.000000	-0.000000	1.657236	60.000000
119.754000	58.280168	1.719832	0.000000	-0.000000	1.719832	60.000000
119.659000	58.202426	1.797574	0.000000	-0.000000	1.797574	60.000000
119.568000	58.089184	1.910816	0.000000	-0.000000	1.910816	60.000000
119.473000	57.930254	2.069746	0.000000	-0.000000	2.069746	60.000000
119.380000	57.753638	2.246362	0.000000	0.000000	2.246362	60.000000
119.288000	57.798311	2.201689	0.000000	0.000000	2.201689	60.000000
119.191000	57.983251	2.016749	0.000000	0.000000	2.016749	60.000000
119.092000	57.993388	2.006612	0.000000	0.000000	2.006612	60.000000
118.996000	58.119301	1.880699	0.000000	0.000000	1.880699	60.000000
118.905000	58.149186	1.850814	0.000000	0.000000	1.850814	60.000000
118.813000	58.165117	1.834883	0.000000	0.000000	1.834883	60.000000
118.719000	58.383149	1.616851	0.000000	0.000000	1.616851	60.000000
118.620000	58.542497	1.457503	0.000000	0.000000	1.457503	60.000000
118.522000	58.726965	1.273035	0.000000	0.000000	1.273035	60.000000
118.426000	58.996651	1.003349	0.000000	0.000000	1.003349	60.000000
118.328000	59.198990	0.801010	0.000000	0.000000	0.801010	60.000000
118.231000	59.207013	0.792987	0.000000	-0.000000	0.792987	60.000000
118.134000	59.200315	0.799685	0.000000	-0.000000	0.799685	60.000000
118.036000	59.193011	0.806989	0.000000	-0.000000	0.806989	60.000000
117.938000	59.184205	0.815795	0.000000	-0.000000	0.815795	60.000000
117.842000	59.175323	0.824677	0.000000	-0.000000	0.824677	60.000000
117.749000	59.173754	0.826246	0.000000	-0.000000	0.826246	60.000000
117.652000	59.173097	0.826903	0.000000	0.000000	0.826903	60.000000
117.555000	59.174725	0.825275	0.000000	0.000000	0.825275	60.000000
117.461000	59.178827	0.821173	0.000000	0.000000	0.821173	60.000000
117.362000	59.185527	0.814473	0.000000	0.000000	0.814473	60.000000
117.268000	59.192588	0.807412	0.000000	0.000000	0.807412	60.000000
117.174000	59.205746	0.794254	0.000000	0.000000	0.794254	60.000000
117.078000	59.219631	0.780369	0.000000	0.000000	0.780369	60.000000
116.980000	59.222526	0.777474	0.000000	0.000000	0.777474	60.000000
116.882000	59.230977	0.769023	0.000000	0.000000	0.769023	60.000000
116.785000	59.241844	0.758156	0.000000	-0.000000	0.758156	60.000000
116.693000	59.239911	0.760089	0.000000	0.000000	0.760089	60.000000
116.597000	59.246971	0.753029	0.000000	0.000000	0.753029	60.000000
116.504000	59.249992	0.750008	0.000000	0.000000	0.750008	60.000000
116.414000	59.254399	0.745601	0.000000	-0.000000	0.745601	60.000000
116.318000	59.249270	0.750730	0.000000	-0.000000	0.750730	60.000000
116.220000	59.242687	0.757313	0.000000	-0.000000	0.757313	60.000000
116.118000	59.237079	0.762921	0.000000	-0.000000	0.762921	60.000000
116.020000	59.235145	0.764855	0.000000	-0.000000	0.764855	60.000000
115.926000	59.229714	0.770286	0.000000	0.000000	0.770286	60.000000
115.827000	59.233210	0.766790	0.000000	-0.000000	0.766790	60.000000
115.729000	59.219148	0.780852	0.000000	-0.000000	0.780852	60.000000
115.633000	59.207736	0.792264	0.000000	-0.000000	0.792264	60.000000
115.539000	59.197358	0.802642	0.000000	-0.000000	0.802642	60.000000
115.442000	59.196632	0.803368	0.000000	-0.000000	0.803368	60.000000
115.347000	59.188610	0.811390	0.000000	-0.000000	0.811390	60.000000
115.252000	59.182571	0.817429	0.000000	-0.000000	0.817429	60.000000
115.155000	59.177981	0.822019	0.000000	-0.000000	0.822019	60.000000
115.061000	59.171403	0.828597	0.000000	-0.000000	0.828597	60.000000
114.968000	59.168693	0.831307	0.000000	-0.000000	0.831307	60.000000
114.870000	59.164280	0.835720	0.000000	-0.000000	0.835720	60.000000
114.774000	59.153777	0.846223	0.000000	-0.000000	0.846223	60.000000
114.673000	59.137902	0.862098	0.000000	-0.000000	0.862098	60.000000
114.580000	59.125103	0.874897	0.000000	-0.000000	0.874897	60.000000
114.482000	59.107058	0.892942	0.000000	-0.000000	0.892942	60.000000
114.381000	59.092934	0.907066	0.000000	-0.000000	0.907066	60.000000
114.287000	59.083154	0.916846	0.000000	-0.000000	0.916846	60.000000
114.191000	59.068004	0.931996	0.000000	-0.000000	0.931996	60.000000
114.090000	59.043918	0.956082	0.000000	-0.000000	0.956082	60.000000
113.995000	59.024545	0.975455	0.000000	-0.000000	0.975455	60.000000
113.901000	59.016031	0.983969	0.000000	-0.000000	0.983969	60.000000
113.809000	59.004622	0.995378	0.000000	-0.000000	0.995378	60.000000
113.714000	58.981151	1.018849	0.000000	-0.000000	1.018849	60.000000
113.621000	58.963099	1.036901	0.000000	-0.000000	1.036901	60.000000
113.528000	58.951869	1.048131	0.000000	-0.000000	1.048131	60.000000
113.434000	58.916433	1.083567	0.000000	-0.000000	1.083567	60.000000
113.337000	58.912757	1.087243	0.000000	-0.000000	1.087243	60.000000
113.240000	58.905574	1.094426	0.000000	-0.000000	1.094426	60.000000
113.148000	58.896941	1.103059	0.000000	-0.000000	1.103059	60.000000
113.055000	58.881484	1.118516	0.000000	-0.000000	1.118516	60.000000
112.958000	58.867969	1.132031	0.000000	-0.000000	1.132031	60.000000
112.858000	58.845757	1.154243	0.000000	-0.000000	1.154243	60.000000
112.762000	58.833077	1.166923	0.000000	-0.000000	1.166923	60.000000
112.667000	58.813161	1.186839	0.000000	-0.000000	1.186839	60.000000
112.573000	58.809717	1.190283	0.000000	-0.000000	1.190283	60.000000
112.472000	58.790225	1.209775	0.000000	-0.000000	1.209775	60.000000
112.378000	58.784490	1.215510	0.000000	-0.000000	1.215510	60.000000
112.279000	58.763838	1.236162	0.000000	-0.000000	1.236162	60.000000
112.185000	58.762759	1.237241	0.000000	0.000000	1.237241	60.000000
112.092000	58.833621	1.166379	0.000000	0.000000	1.166379	60.000000
111.999000	58.898148	1.101852	0.000000	0.000000	1.101852	60.000000
111.901000	58.905449	1.094551	0.000000	0.000000	1.094551	60.000000
111.808000	59.018570	0.981430	0.000000	0.000000	0.981430	60.000000
111.712000	59.086537	0.913463	0.000000	-0.000000	0.913463	60.000000
111.616000	59.083280	0.916720	0.000000	0.000000	0.916720	60.000000
111.523000	59.088772	0.911228	0.000000	0.000000	0.911228	60.000000
111.430000	59.091971	0.908029	0.000000	-0.000000	0.908029	60.000000
111.340000	59.085321	0.914679	0.000000	-0.000000	0.914679	60.000000
111.246000	59.075970	0.924030	0.000000	0.000000	0.924030	60.000000
111.149000	59.076158	0.923842	0.000000	0.000000	0.923842	60.000000
111.053000	59.080138	0.919862	0.000000	-0.000000	0.919862	60.000000
110.956000	59.079172	0.920828	0.000000	0.000000	0.920828	60.000000
110.863000	59.082789	0.917211	0.000000	0.000000	0.917211	60.000000
110.771000	59.084968	0.915032	0.000000	-0.000000	0.915032	60.000000
110.675000	59.081946	0.918054	0.000000	0.000000	0.918054	60.000000
110.580000	59.088168	0.911832	0.000000	0.000000	0.911832	60.000000
110.485000	59.091065	0.908935	0.000000	0.000000	0.908935	60.000000
110.392000	59.094018	0.905982	0.000000	0.000000	0.905982	60.000000
110.300000	59.097463	0.902537	0.000000	0.000000	0.902537	60.000000
110.206000	59.104286	0.895714	0.000000	0.000000	0.895714	60.000000
110.086000	59.110197	0.889803	0.000000	0.000000	0.889803	60.000000
109.992000	59.114845	0.885155	0.000000	0.000000	0.885155	60.000000
109.894000	59.116412	0.883588	0.000000	-0.000000	0.883588	60.000000
109.798000	59.115445	0.884555	0.000000	0.000000	0.884555	60.000000
109.703000	59.124137	0.875863	0.000000	0.000000	0.875863	60.000000
109.605000	59.132346	0.867654	0.000000	0.000000	0.867654	60.000000
109.515000	59.134160	0.865840	0.000000	-0.000000	0.865840	60.000000
109.422000	59.128426	0.871574	0.000000	0.000000	0.871574	60.000000
109.323000	59.131502	0.868498	0.000000	0.000000	0.868498	60.000000
109.224000	59.131994	0.868006	0.000000	0.000000	0.868006	60.000000
109.131000	59.136272	0.863728	0.000000	-0.000000	0.863728	60.000000
109.039000	59.135425	0.864575	0.000000	-0.000000	0.864575	60.000000
108.945000	59.125587	0.874413	0.000000	-0.000000	0.874413	60.000000
108.851000	59.111344	0.888656	0.000000	-0.000000	0.888656	60.000000
108.756000	59.107488	0.892512	0.000000	0.000000	0.892512	60.000000
108.659000	59.118648	0.881352	0.000000	0.000000	0.881352	60.000000
108.559000	59.130480	0.869520	0.000000	0.000000	0.869520	60.000000
108.463000	59.131506	0.868494	0.000000	-0.000000	0.868494	60.000000
108.371000	59.130357	0.869643	0.000000	-0.000000	0.869643	60.000000
108.274000	59.124502	0.875498	0.000000	0.000000	0.875498	60.000000
108.177000	59.129932	0.870068	0.000000	-0.000000	0.870068	60.000000
108.084000	59.129457	0.870543	0.000000	0.000000	0.870543	60.000000
107.986000	59.133738	0.866262	0.000000	0.000000	0.866262	60.000000
107.895000	59.139597	0.860403	0.000000	0.000000	0.860403	60.000000
107.797000	59.142306	0.857694	0.000000	0.000000	0.857694	60.000000
107.698000	59.146052	0.853948	0.000000	0.000000	0.853948	60.000000
107.602000	59.163919	0.836081	0.000000	-0.000000	0.836081	60.000000
107.506000	59.156849	0.843151	0.000000	-0.000000	0.843151	60.000000
107.412000	59.153053	0.846947	0.000000	-0.000000	0.846947	60.000000
107.320000	59.151543	0.848457	0.000000	-0.000000	0.848457	60.000000
107.227000	59.140315	0.859685	0.000000	-0.000000	0.859685	60.000000
107.132000	59.137537	0.862463	0.000000	-0.000000	0.862463	60.000000
107.036000	59.129931	0.870069	0.000000	-0.000000	0.870069	60.000000
106.938000	59.125111	0.874889	0.000000	-0.000000	0.874889	60.000000
106.842000	59.110192	0.889808	0.000000	-0.000000	0.889808	60.000000
106.749000	59.097884	0.902116	0.000000	-0.000000	0.902116	60.000000
106.655000	59.093716	0.906284	0.000000	-0.000000	0.906284	60.000000
106.558000	59.090161	0.909839	0.000000	-0.000000	0.909839	60.000000
106.461000	59.086535	0.913465	0.000000	-0.000000	0.913465	60.000000
106.367000	59.086175	0.913825	0.000000	0.000000	0.913825	60.000000
106.272000	59.088829	0.911171	0.000000	-0.000000	0.911171	60.000000
106.179000	59.078266	0.921734	0.000000	-0.000000	0.921734	60.000000
106.082000	59.068665	0.931335	0.000000	-0.000000	0.931335	60.000000
105.984000	59.060213	0.939787	0.000000	-0.000000	0.939787	60.000000
105.887000	59.051404	0.948596	0.000000	-0.000000	0.948596	60.000000
105.791000	59.045243	0.954757	0.000000	-0.000000	0.954757	60.000000
105.699000	59.032928	0.967072	0.000000	-0.000000	0.967072	60.000000
105.601000	59.027689	0.972311	0.000000	-0.000000	0.972311	60.000000
105.504000	59.023094	0.976906	0.000000	-0.000000	0.976906	60.000000
105.410000	59.010662	0.989338	0.000000	-0.000000	0.989338	60.000000
105.319000	59.000157	0.999843	0.000000	-0.000000	0.999843	60.000000
105.224000	58.984345	1.015655	0.000000	-0.000000	1.015655	60.000000
105.130000	58.977340	1.022660	0.000000	0.000000	1.022660	60.000000
105.033000	58.982112	1.017888	0.000000	-0.000000	1.017888	60.000000
104.936000	58.975110	1.024890	0.000000	0.000000	1.024890	60.000000
104.836000	58.976738	1.023262	0.000000	0.000000	1.023262	60.000000
104.743000	58.987242	1.012758	0.000000	-0.000000	1.012758	60.000000
104.653000	58.975836	1.024164	0.000000	0.000000	1.024164	60.000000
104.558000	59.005889	0.994111	0.000000	0.000000	0.994111	60.000000
104.460000	59.039995	0.960005	0.000000	0.000000	0.960005	60.000000
104.364000	59.097881	0.902119	0.000000	0.000000	0.902119	60.000000
104.270000	59.117688	0.882312	0.000000	-0.000000	0.882312	60.000000
104.174000	59.116414	0.883586	0.000000	0.000000	0.883586	60.000000
104.081000	59.125166	0.874834	0.000000	0.000000	0.874834	60.000000
103.984000	59.128545	0.871455	0.000000	0.000000	0.871455	60.000000
103.887000	59.132896	0.867104	0.000000	-0.000000	0.867104	60.000000
103.791000	59.117015	0.882985	0.000000	-0.000000	0.882985	60.000000
103.694000	59.116235	0.883765	0.000000	-0.000000	0.883765	60.000000
103.603000	59.109411	0.890589	0.000000	-0.000000	0.890589	60.000000
103.504000	59.106934	0.893066	0.000000	-0.000000	0.893066	60.000000
103.409000	59.106155	0.893845	0.000000	0.000000	0.893845	60.000000
103.311000	59.118467	0.881533	0.000000	-0.000000	0.881533	60.000000
103.217000	59.115875	0.884125	0.000000	-0.000000	0.884125	60.000000
103.125000	59.109288	0.890712	0.000000	0.000000	0.890712	60.000000
103.026000	59.115144	0.884856	0.000000	0.000000	0.884856	60.000000
102.929000	59.125828	0.874172	0.000000	0.000000	0.874172	60.000000
102.833000	59.136759	0.863241	0.000000	0.000000	0.863241	60.000000
102.737000	59.147501	0.852499	0.000000	-0.000000	0.852499	60.000000
102.644000	59.141095	0.858905	0.000000	-0.000000	0.858905	60.000000
102.546000	59.130358	0.869642	0.000000	0.000000	0.869642	60.000000
102.449000	59.134880	0.865120	0.000000	-0.000000	0.865120	60.000000
102.352000	59.129031	0.870969	0.000000	0.000000	0.870969	60.000000
102.258000	59.134222	0.865778	0.000000	0.000000	0.865778	60.000000
102.162000	59.144848	0.855152	0.000000	0.000000	0.855152	60.000000
102.069000	59.151901	0.848099	0.000000	0.000000	0.848099	60.000000
101.976000	59.161261	0.838739	0.000000	0.000000	0.838739	60.000000
101.880000	59.164824	0.835176	0.000000	-0.000000	0.835176	60.000000
101.783000	59.163918	0.836082	0.000000	0.000000	0.836082	60.000000
101.690000	59.165248	0.834752	0.000000	0.000000	0.834752	60.000000
101.595000	59.166875	0.833125	0.000000	-0.000000	0.833125	60.000000
101.496000	59.157099	0.842901	0.000000	-0.000000	0.842901	60.000000
101.401000	59.144423	0.855577	0.000000	0.000000	0.855577	60.000000
101.307000	59.149068	0.850932	0.000000	0.000000	0.850932	60.000000
101.208000	59.156614	0.843386	0.000000	0.000000	0.843386	60.000000
101.111000	59.161261	0.838739	0.000000	-0.000000	0.838739	60.000000
101.014000	59.151301	0.848699	0.000000	-0.000000	0.848699	60.000000
100.920000	59.139353	0.860647	0.000000	-0.000000	0.860647	60.000000
100.826000	59.132407	0.867593	0.000000	-0.000000	0.867593	60.000000
100.726000	59.129694	0.870306	0.000000	-0.000000	0.870306	60.000000
100.632000	59.127585	0.872415	0.000000	-0.000000	0.872415	60.000000
100.536000	59.123291	0.876709	0.000000	-0.000000	0.876709	60.000000
100.438000	59.113640	0.886360	0.000000	-0.000000	0.886360	60.000000
100.341000	59.099154	0.900846	0.000000	-0.000000	0.900846	60.000000
100.244000	59.076634	0.923366	0.000000	-0.000000	0.923366	60.000000
100.148000	59.076096	0.923904	0.000000	0.000000	0.923904	60.000000
100.031000	59.088833	0.911167	0.000000	-0.000000	0.911167	60.000000
99.934000	59.088348	0.911652	0.000000	0.000000	0.911652	60.000000
99.837000	59.094558	0.905442	0.000000	0.000000	0.905442	60.000000
99.736000	59.105427	0.894573	0.000000	0.000000	0.894573	60.000000
99.642000	59.113759	0.886241	0.000000	0.000000	0.886241	60.000000
99.552000	59.119133	0.880867	0.000000	-0.000000	0.880867	60.000000
99.452000	59.115632	0.884368	0.000000	-0.000000	0.884368	60.000000
99.357000	59.108864	0.891136	0.000000	-0.000000	0.891136	60.000000
99.264000	59.102227	0.897773	0.000000	0.000000	0.897773	60.000000
99.167000	59.103493	0.896507	0.000000	-0.000000	0.896507	60.000000
99.072000	59.103134	0.896866	0.000000	0.000000	0.896866	60.000000
98.981000	59.109351	0.890649	0.000000	0.000000	0.890649	60.000000
98.886000	59.130058	0.869942	0.000000	0.000000	0.869942	60.000000
98.790000	59.135909	0.864091	0.000000	-0.000000	0.864091	60.000000
98.695000	59.125104	0.874896	0.000000	-0.000000	0.874896	60.000000
98.600000	59.110919	0.889081	0.000000	-0.000000	0.889081	60.000000
98.506000	59.097759	0.902241	0.000000	-0.000000	0.902241	60.000000
98.413000	59.088885	0.911115	0.000000	0.000000	0.911115	60.000000
98.315000	59.092990	0.907010	0.000000	0.000000	0.907010	60.000000
98.218000	59.101325	0.898675	0.000000	0.000000	0.898675	60.000000
98.121000	59.123056	0.876944	0.000000	0.000000	0.876944	60.000000
98.021000	59.130482	0.869518	0.000000	0.000000	0.869518	60.000000
97.857000	59.131388	0.868612	0.000000	0.000000	0.868612	60.000000
97.761000	59.133912	0.866088	0.000000	-0.000000	0.866088	60.000000
97.668000	59.128844	0.871156	0.000000	-0.000000	0.871156	60.000000
97.575000	59.121719	0.878281	0.000000	-0.000000	0.878281	60.000000
97.485000	59.115206	0.884794	0.000000	-0.000000	0.884794	60.000000
97.392000	59.110494	0.889506	0.000000	0.000000	0.889506	60.000000
97.295000	59.111400	0.888600	0.000000	-0.000000	0.888600	60.000000
97.198000	59.102954	0.897046	0.000000	-0.000000	0.897046	60.000000
97.099000	59.093654	0.906346	0.000000	-0.000000	0.906346	60.000000
97.005000	59.088411	0.911589	0.000000	0.000000	0.911589	60.000000
96.912000	59.092930	0.907070	0.000000	0.000000	0.907070	60.000000
96.820000	59.100654	0.899346	0.000000	0.000000	0.899346	60.000000
96.721000	59.105490	0.894510	0.000000	-0.000000	0.894510	60.000000
96.626000	59.101141	0.898859	0.000000	-0.000000	0.898859	60.000000
96.532000	59.098123	0.901877	0.000000	0.000000	0.901877	60.000000
96.437000	59.101503	0.898497	0.000000	-0.000000	0.898497	60.000000
96.343000	59.094020	0.905980	0.000000	-0.000000	0.905980	60.000000
96.250000	59.087139	0.912861	0.000000	0.000000	0.912861	60.000000
96.155000	59.090756	0.909244	0.000000	0.000000	0.909244	60.000000
96.059000	59.091848	0.908152	0.000000	-0.000000	0.908152	60.000000
95.960000	59.087194	0.912806	0.000000	-0.000000	0.912806	60.000000
95.866000	59.082733	0.917267	0.000000	0.000000	0.917267	60.000000
95.773000	59.085329	0.914671	0.000000	0.000000	0.914671	60.000000
95.673000	59.089305	0.910695	0.000000	-0.000000	0.910695	60.000000
95.576000	59.086598	0.913402	0.000000	-0.000000	0.913402	60.000000
95.479000	59.080257	0.919743	0.000000	-0.000000	0.919743	60.000000
95.383000	59.076995	0.923005	0.000000	0.000000	0.923005	60.000000
95.286000	59.083212	0.916788	0.000000	0.000000	0.916788	60.000000
95.188000	59.085992	0.914008	0.000000	-0.000000	0.914008	60.000000
95.094000	59.085029	0.914971	0.000000	0.000000	0.914971	60.000000
94.999000	59.091541	0.908459	0.000000	0.000000	0.908459	60.000000
94.904000	59.100544	0.899456	0.000000	0.000000	0.899456	60.000000
94.814000	59.111644	0.888356	0.000000	0.000000	0.888356	60.000000
94.726000	59.124015	0.875985	0.000000	0.000000	0.875985	60.000000
94.633000	59.130478	0.869522	0.000000	0.000000	0.869522	60.000000
94.540000	59.132409	0.867591	0.000000	-0.000000	0.867591	60.000000
94.446000	59.128486	0.871514	0.000000	-0.000000	0.871514	60.000000
94.351000	59.124322	0.875678	0.000000	-0.000000	0.875678	60.000000
94.256000	59.123952	0.876048	0.000000	0.000000	0.876048	60.000000
94.161000	59.126617	0.873383	0.000000	0.000000	0.873383	60.000000
94.066000	59.131136	0.868864	0.000000	-0.000000	0.868864	60.000000
93.973000	59.130298	0.869702	0.000000	-0.000000	0.869702	60.000000
93.881000	59.127645	0.872355	0.000000	0.000000	0.872355	60.000000
93.790000	59.132414	0.867586	0.000000	0.000000	0.867586	60.000000
93.694000	59.136877	0.863123	0.000000	-0.000000	0.863123	60.000000
93.598000	59.134699	0.865301	0.000000	0.000000	0.865301	60.000000
93.505000	59.137910	0.862090	0.000000	0.000000	0.862090	60.000000
93.410000	59.142370	0.857630	0.000000	0.000000	0.857630	60.000000
93.317000	59.148584	0.851416	0.000000	0.000000	0.851416	60.000000
93.225000	59.154262	0.845738	0.000000	0.000000	0.845738	60.000000
93.135000	59.155049	0.844951	0.000000	0.000000	0.844951	60.000000
93.041000	59.161441	0.838559	0.000000	0.000000	0.838559	60.000000
92.944000	59.166333	0.833667	0.000000	-0.000000	0.833667	60.000000
92.849000	59.160297	0.839703	0.000000	-0.000000	0.839703	60.000000
92.756000	59.150097	0.849903	0.000000	-0.000000	0.849903	60.000000
92.661000	59.139829	0.860171	0.000000	-0.000000	0.860171	60.000000
92.496000	59.129817	0.870183	0.000000	-0.000000	0.870183	60.000000
92.400000	59.126795	0.873205	0.000000	-0.000000	0.873205	60.000000
92.308000	59.117559	0.882441	0.000000	-0.000000	0.882441	60.000000
92.216000	59.108752	0.891248	0.000000	-0.000000	0.891248	60.000000
92.120000	59.104763	0.895237	0.000000	-0.000000	0.895237	60.000000
92.023000	59.098493	0.901507	0.000000	-0.000000	0.901507	60.000000
91.933000	59.097940	0.902060	0.000000	-0.000000	0.902060	60.000000
91.839000	59.097644	0.902356	0.000000	0.000000	0.902356	60.000000
91.746000	59.104523	0.895477	0.000000	0.000000	0.895477	60.000000
91.651000	59.109890	0.890110	0.000000	0.000000	0.890110	60.000000
91.556000	59.114727	0.885273	0.000000	0.000000	0.885273	60.000000
91.462000	59.119010	0.880990	0.000000	0.000000	0.880990	60.000000
91.367000	59.120880	0.879120	0.000000	0.000000	0.879120	60.000000
91.274000	59.131446	0.868554	0.000000	0.000000	0.868554	60.000000
91.179000	59.131564	0.868436	0.000000	-0.000000	0.868436	60.000000
91.084000	59.129567	0.870433	0.000000	0.000000	0.870433	60.000000
90.990000	59.134338	0.865662	0.000000	0.000000	0.865662	60.000000
90.895000	59.140741	0.859259	0.000000	0.000000	0.859259	60.000000
90.801000	59.144845	0.855155	0.000000	-0.000000	0.855155	60.000000
90.708000	59.143572	0.856428	0.000000	0.000000	0.856428	60.000000
90.613000	59.144121	0.855879	0.000000	0.000000	0.855879	60.000000
90.522000	59.146412	0.853588	0.000000	0.000000	0.853588	60.000000
90.434000	59.147265	0.852735	0.000000	-0.000000	0.852735	60.000000
90.342000	59.143455	0.856545	0.000000	-0.000000	0.856545	60.000000
90.249000	59.141525	0.858475	0.000000	-0.000000	0.858475	60.000000
90.151000	59.137171	0.862829	0.000000	0.000000	0.862829	60.000000
90.038000	59.137596	0.862404	0.000000	-0.000000	0.862404	60.000000
89.942000	59.136333	0.863667	0.000000	-0.000000	0.863667	60.000000
89.845000	59.132953	0.867047	0.000000	-0.000000	0.867047	60.000000
89.749000	59.128245	0.871755	0.000000	-0.000000	0.871755	60.000000
89.658000	59.128242	0.871758	0.000000	0.000000	0.871758	60.000000
89.564000	59.131501	0.868499	0.000000	0.000000	0.868499	60.000000
89.472000	59.138151	0.861849	0.000000	0.000000	0.861849	60.000000
89.372000	59.139705	0.860295	0.000000	0.000000	0.860295	60.000000
89.279000	59.140620	0.859380	0.000000	0.000000	0.859380	60.000000
89.184000	59.151662	0.848338	0.000000	0.000000	0.848338	60.000000
89.085000	59.152391	0.847609	0.000000	-0.000000	0.847609	60.000000
88.990000	59.151488	0.848512	0.000000	0.000000	0.848512	60.000000
88.899000	59.152206	0.847794	0.000000	0.000000	0.847794	60.000000
88.804000	59.154138	0.845862	0.000000	-0.000000	0.845862	60.000000
88.708000	59.153112	0.846888	0.000000	-0.000000	0.846888	60.000000
88.611000	59.146778	0.853222	0.000000	-0.000000	0.853222	60.000000
88.516000	59.139172	0.860828	0.000000	0.000000	0.860828	60.000000
88.423000	59.139597	0.860403	0.000000	-0.000000	0.860403	60.000000
88.327000	59.138870	0.861130	0.000000	-0.000000	0.861130	60.000000
88.229000	59.135307	0.864693	0.000000	-0.000000	0.864693	60.000000
88.132000	59.126919	0.873081	0.000000	-0.000000	0.873081	60.000000
88.036000	59.112791	0.887209	0.000000	-0.000000	0.887209	60.000000
87.935000	59.100657	0.899343	0.000000	-0.000000	0.899343	60.000000
87.840000	59.092628	0.907372	0.000000	-0.000000	0.907372	60.000000
87.748000	59.092276	0.907724	0.000000	-0.000000	0.907724	60.000000
87.655000	59.090092	0.909908	0.000000	-0.000000	0.909908	60.000000
87.559000	59.087499	0.912501	0.000000	-0.000000	0.912501	60.000000
87.463000	59.085206	0.914794	0.000000	-0.000000	0.914794	60.000000
87.368000	59.073733	0.926267	0.000000	-0.000000	0.926267	60.000000
87.275000	59.067461	0.932539	0.000000	0.000000	0.932539	60.000000
87.180000	59.068365	0.931635	0.000000	0.000000	0.931635	60.000000
87.085000	59.068849	0.931151	0.000000	-0.000000	0.931151	60.000000
86.992000	59.065050	0.934950	0.000000	0.000000	0.934950	60.000000
86.896000	59.065407	0.934593	0.000000	0.000000	0.934593	60.000000
86.806000	59.067464	0.932536	0.000000	0.000000	0.932536	60.000000
86.708000	59.069207	0.930793	0.000000	-0.000000	0.930793	60.000000
86.613000	59.057563	0.942437	0.000000	-0.000000	0.942437	60.000000
86.519000	59.056599	0.943401	0.000000	0.000000	0.943401	60.000000
86.422000	59.061664	0.938336	0.000000	0.000000	0.938336	60.000000
86.327000	59.071626	0.928374	0.000000	0.000000	0.928374	60.000000
86.233000	59.076752	0.923248	0.000000	0.000000	0.923248	60.000000
86.137000	59.078260	0.921740	0.000000	-0.000000	0.921740	60.000000
86.039000	59.069395	0.930605	0.000000	-0.000000	0.930605	60.000000
85.945000	59.064866	0.935134	0.000000	0.000000	0.935134	60.000000
85.851000	59.065829	0.934171	0.000000	-0.000000	0.934171	60.000000
85.755000	59.061604	0.938396	0.000000	-0.000000	0.938396	60.000000
85.662000	59.061126	0.938874	0.000000	-0.000000	0.938874	60.000000
85.570000	59.059616	0.940384	0.000000	-0.000000	0.940384	60.000000
85.477000	59.056717	0.943283	0.000000	-0.000000	0.943283	60.000000
85.384000	59.054007	0.945993	0.000000	-0.000000	0.945993	60.000000
85.290000	59.051767	0.948233	0.000000	-0.000000	0.948233	60.000000
85.196000	59.051406	0.948594	0.000000	0.000000	0.948594	60.000000
85.101000	59.057744	0.942256	0.000000	0.000000	0.942256	60.000000
85.008000	59.059975	0.940025	0.000000	0.000000	0.940025	60.000000
84.912000	59.061909	0.938091	0.000000	0.000000	0.938091	60.000000
84.820000	59.067099	0.932901	0.000000	0.000000	0.932901	60.000000
84.726000	59.072404	0.927596	0.000000	0.000000	0.927596	60.000000
84.631000	59.074341	0.925659	0.000000	-0.000000	0.925659	60.000000
84.537000	59.070964	0.929036	0.000000	0.000000	0.929036	60.000000
84.438000	59.071747	0.928253	0.000000	0.000000	0.928253	60.000000
84.344000	59.075969	0.924031	0.000000	0.000000	0.924031	60.000000
84.252000	59.078931	0.921069	0.000000	0.000000	0.921069	60.000000
84.160000	59.080441	0.919559	0.000000	0.000000	0.919559	60.000000
84.065000	59.086956	0.913044	0.000000	0.000000	0.913044	60.000000
83.971000	59.095292	0.904708	0.000000	0.000000	0.904708	60.000000
83.879000	59.105976	0.894024	0.000000	0.000000	0.894024	60.000000
83.783000	59.114535	0.885465	0.000000	0.000000	0.885465	60.000000
83.684000	59.121420	0.878580	0.000000	0.000000	0.878580	60.000000
83.589000	59.121966	0.878034	0.000000	-0.000000	0.878034	60.000000
83.494000	59.119492	0.880508	0.000000	-0.000000	0.880508	60.000000
83.397000	59.117679	0.882321	0.000000	-0.000000	0.882321	60.000000
83.305000	59.112128	0.887872	0.000000	0.000000	0.887872	60.000000
83.212000	59.114605	0.885395	0.000000	-0.000000	0.885395	60.000000
83.118000	59.113752	0.886248	0.000000	0.000000	0.886248	60.000000
83.020000	59.118887	0.881113	0.000000	-0.000000	0.881113	60.000000
82.924000	59.117680	0.882320	0.000000	-0.000000	0.882320	60.000000
82.829000	59.109532	0.890468	0.000000	-0.000000	0.890468	60.000000
82.736000	59.102408	0.897592	0.000000	-0.000000	0.897592	60.000000
82.641000	59.101383	0.898617	0.000000	0.000000	0.898617	60.000000
82.543000	59.115202	0.884798	0.000000	0.000000	0.884798	60.000000
82.448000	59.121178	0.878822	0.000000	0.000000	0.878822	60.000000
82.354000	59.121427	0.878573	0.000000	0.000000	0.878573	60.000000
82.261000	59.125590	0.874410	0.000000	0.000000	0.874410	60.000000
82.168000	59.128481	0.871519	0.000000	-0.000000	0.871519	60.000000
82.076000	59.122576	0.877424	0.000000	-0.000000	0.877424	60.000000
81.982000	59.110502	0.889498	0.000000	-0.000000	0.889498	60.000000
81.886000	59.104223	0.895777	0.000000	-0.000000	0.895777	60.000000
81.788000	59.096250	0.903750	0.000000	-0.000000	0.903750	60.000000
81.696000	59.083819	0.916181	0.000000	-0.000000	0.916181	60.000000
81.603000	59.066615	0.933385	0.000000	-0.000000	0.933385	60.000000
81.511000	59.063476	0.936524	0.000000	0.000000	0.936524	60.000000
81.418000	59.075251	0.924749	0.000000	0.000000	0.924749	60.000000
81.325000	59.082727	0.917273	0.000000	-0.000000	0.917273	60.000000
81.232000	59.077543	0.922457	0.000000	0.000000	0.922457	60.000000
81.140000	59.091844	0.908156	0.000000	0.000000	0.908156	60.000000
81.047000	59.107660	0.892340	0.000000	0.000000	0.892340	60.000000
80.953000	59.112909	0.887091	0.000000	0.000000	0.887091	60.000000
80.861000	59.113157	0.886843	0.000000	-0.000000	0.886843	60.000000
80.767000	59.107294	0.892706	0.000000	-0.000000	0.892706	60.000000
80.672000	59.102469	0.897531	0.000000	-0.000000	0.897531	60.000000
80.577000	59.097464	0.902536	0.000000	-0.000000	0.902536	60.000000
80.487000	59.092516	0.907484	0.000000	-0.000000	0.907484	60.000000
80.393000	59.083634	0.916366	0.000000	-0.000000	0.916366	60.000000
80.300000	59.077727	0.922273	0.000000	-0.000000	0.922273	60.000000
80.206000	59.072170	0.927830	0.000000	0.000000	0.927830	60.000000
80.088000	59.073257	0.926743	0.000000	0.000000	0.926743	60.000000
79.993000	59.077723	0.922277	0.000000	-0.000000	0.922277	60.000000
79.893000	59.073678	0.926322	0.000000	0.000000	0.926322	60.000000
79.800000	59.085204	0.914796	0.000000	-0.000000	0.914796	60.000000
79.704000	59.083461	0.916539	0.000000	0.000000	0.916539	60.000000
79.607000	59.085326	0.914674	0.000000	0.000000	0.914674	60.000000
79.509000	59.092205	0.907795	0.000000	0.000000	0.907795	60.000000
79.416000	59.098729	0.901271	0.000000	0.000000	0.901271	60.000000
79.322000	59.105848	0.894152	0.000000	0.000000	0.894152	60.000000
79.227000	59.110009	0.889991	0.000000	-0.000000	0.889991	60.000000
79.134000	59.107117	0.892883	0.000000	0.000000	0.892883	60.000000
79.041000	59.107781	0.892219	0.000000	0.000000	0.892219	60.000000
78.949000	59.109108	0.890892	0.000000	-0.000000	0.890892	60.000000
78.856000	59.106933	0.893067	0.000000	-0.000000	0.893067	60.000000
78.763000	59.105073	0.894927	0.000000	-0.000000	0.894927	60.000000
78.669000	59.100354	0.899646	0.000000	-0.000000	0.899646	60.000000
78.570000	59.091722	0.908278	0.000000	-0.000000	0.908278	60.000000
78.476000	59.085750	0.914250	0.000000	0.000000	0.914250	60.000000
78.382000	59.089795	0.910205	0.000000	0.000000	0.910205	60.000000
78.286000	59.109714	0.890286	0.000000	0.000000	0.890286	60.000000
78.194000	59.112795	0.887205	0.000000	0.000000	0.887205	60.000000
78.100000	59.113636	0.886364	0.000000	0.000000	0.886364	60.000000
78.007000	59.118890	0.881110	0.000000	-0.000000	0.881110	60.000000
77.911000	59.117197	0.882803	0.000000	0.000000	0.882803	60.000000
77.817000	59.120030	0.879970	0.000000	0.000000	0.879970	60.000000
77.723000	59.129876	0.870124	0.000000	0.000000	0.870124	60.000000
77.628000	59.132712	0.867288	0.000000	-0.000000	0.867288	60.000000
77.534000	59.128666	0.871334	0.000000	-0.000000	0.871334	60.000000
77.438000	59.125350	0.874650	0.000000	-0.000000	0.874650	60.000000
77.343000	59.121123	0.878877	0.000000	0.000000	0.878877	60.000000
77.248000	59.123954	0.876046	0.000000	-0.000000	0.876046	60.000000
77.155000	59.121426	0.878574	0.000000	-0.000000	0.878574	60.000000
77.062000	59.115750	0.884250	0.000000	0.000000	0.884250	60.000000
76.969000	59.116652	0.883348	0.000000	0.000000	0.883348	60.000000
76.877000	59.122390	0.877610	0.000000	0.000000	0.877610	60.000000
76.783000	59.122692	0.877308	0.000000	0.000000	0.877308	60.000000
76.694000	59.131200	0.868800	0.000000	0.000000	0.868800	60.000000
76.600000	59.132473	0.867527	0.000000	-0.000000	0.867527	60.000000
76.507000	59.128787	0.871213	0.000000	-0.000000	0.871213	60.000000
76.412000	59.124742	0.875258	0.000000	-0.000000	0.875258	60.000000
76.317000	59.124501	0.875499	0.000000	0.000000	0.875499	60.000000
76.224000	59.135005	0.864995	0.000000	0.000000	0.864995	60.000000
76.125000	59.147141	0.852859	0.000000	0.000000	0.852859	60.000000
76.027000	59.156250	0.843750	0.000000	0.000000	0.843750	60.000000
75.932000	59.162233	0.837767	0.000000	0.000000	0.837767	60.000000
75.837000	59.170074	0.829926	0.000000	0.000000	0.829926	60.000000
75.742000	59.176596	0.823404	0.000000	0.000000	0.823404	60.000000
75.644000	59.177014	0.822986	0.000000	0.000000	0.822986	60.000000
75.552000	59.177202	0.822798	0.000000	-0.000000	0.822798	60.000000
75.459000	59.172435	0.827565	0.000000	-0.000000	0.827565	60.000000
75.364000	59.169413	0.830587	0.000000	-0.000000	0.830587	60.000000
75.270000	59.165247	0.834753	0.000000	-0.000000	0.834753	60.000000
75.178000	59.156369	0.843631	0.000000	-0.000000	0.843631	60.000000
75.085000	59.143515	0.856485	0.000000	-0.000000	0.856485	60.000000
74.990000	59.135009	0.864991	0.000000	0.000000	0.864991	60.000000
74.894000	59.135071	0.864929	0.000000	0.000000	0.864929	60.000000
74.801000	59.136633	0.863367	0.000000	0.000000	0.863367	60.000000
74.706000	59.141706	0.858294	0.000000	-0.000000	0.858294	60.000000
74.611000	59.138565	0.861435	0.000000	-0.000000	0.861435	60.000000
74.518000	59.137177	0.862823	0.000000	-0.000000	0.862823	60.000000
74.425000	59.135364	0.864636	0.000000	-0.000000	0.864636	60.000000
74.331000	59.131141	0.868859	0.000000	-0.000000	0.868859	60.000000
74.235000	59.122875	0.877125	0.000000	-0.000000	0.877125	60.000000
74.139000	59.115455	0.884545	0.000000	0.000000	0.884545	60.000000
74.046000	59.120153	0.879847	0.000000	0.000000	0.879847	60.000000
73.951000	59.121310	0.878690	0.000000	-0.000000	0.878690	60.000000
73.792000	59.115573	0.884427	0.000000	-0.000000	0.884427	60.000000
73.698000	59.115509	0.884491	0.000000	0.000000	0.884491	60.000000
73.601000	59.117259	0.882741	0.000000	0.000000	0.882741	60.000000
73.508000	59.120762	0.879238	0.000000	0.000000	0.879238	60.000000
73.412000	59.128068	0.871932	0.000000	0.000000	0.871932	60.000000
73.319000	59.134640	0.865360	0.000000	-0.000000	0.865360	60.000000
73.226000	59.132346	0.867654	0.000000	-0.000000	0.867654	60.000000
73.133000	59.126011	0.873989	0.000000	0.000000	0.873989	60.000000
73.041000	59.126615	0.873385	0.000000	-0.000000	0.873385	60.000000
72.943000	59.123115	0.876885	0.000000	0.000000	0.876885	60.000000
72.847000	59.124443	0.875557	0.000000	0.000000	0.875557	60.000000
72.754000	59.126015	0.873985	0.000000	0.000000	0.873985	60.000000
72.660000	59.131564	0.868436	0.000000	-0.000000	0.868436	60.000000
72.567000	59.124924	0.875076	0.000000	-0.000000	0.875076	60.000000
72.472000	59.108624	0.891376	0.000000	-0.000000	0.891376	60.000000
72.379000	59.098852	0.901148	0.000000	-0.000000	0.901148	60.000000
72.285000	59.090645	0.909355	0.000000	-0.000000	0.909355	60.000000
72.189000	59.087502	0.912498	0.000000	-0.000000	0.912498	60.000000
72.091000	59.086894	0.913106	0.000000	0.000000	0.913106	60.000000
71.998000	59.090037	0.909963	0.000000	-0.000000	0.909963	60.000000
71.903000	59.086657	0.913343	0.000000	-0.000000	0.913343	60.000000
71.804000	59.081884	0.918116	0.000000	-0.000000	0.918116	60.000000
71.706000	59.080500	0.919500	0.000000	0.000000	0.919500	60.000000
71.614000	59.082305	0.917695	0.000000	-0.000000	0.917695	60.000000
71.520000	59.073858	0.926142	0.000000	0.000000	0.926142	60.000000
71.427000	59.076331	0.923669	0.000000	-0.000000	0.923669	60.000000
71.334000	59.074522	0.925478	0.000000	-0.000000	0.925478	60.000000
71.242000	59.071807	0.928193	0.000000	-0.000000	0.928193	60.000000
71.148000	59.068006	0.931994	0.000000	0.000000	0.931994	60.000000
71.052000	59.070660	0.929340	0.000000	-0.000000	0.929340	60.000000
70.955000	59.067645	0.932355	0.000000	0.000000	0.932355	60.000000
70.859000	59.070233	0.929767	0.000000	0.000000	0.929767	60.000000
70.766000	59.076516	0.923484	0.000000	-0.000000	0.923484	60.000000
70.672000	59.075191	0.924809	0.000000	-0.000000	0.924809	60.000000
70.574000	59.074764	0.925236	0.000000	-0.000000	0.925236	60.000000
70.480000	59.072955	0.927045	0.000000	-0.000000	0.927045	60.000000
70.319000	59.052366	0.947634	0.000000	0.000000	0.947634	60.000000
70.223000	59.053154	0.946846	0.000000	-0.000000	0.946846	60.000000
70.131000	59.043556	0.956444	0.000000	-0.000000	0.956444	60.000000
70.010000	59.042649	0.957351	0.000000	-0.000000	0.957351	60.000000
69.917000	59.041204	0.958796	0.000000	0.000000	0.958796	60.000000
69.827000	59.042470	0.957530	0.000000	0.000000	0.957530	60.000000
69.732000	59.048507	0.951493	0.000000	0.000000	0.951493	60.000000
69.640000	59.054361	0.945639	0.000000	-0.000000	0.945639	60.000000
69.550000	59.053760	0.946240	0.000000	0.000000	0.946240	60.000000
69.453000	59.066319	0.933681	0.000000	0.000000	0.933681	60.000000
69.289000	59.074465	0.925535	0.000000	0.000000	0.925535	60.000000
69.196000	59.079113	0.920887	0.000000	0.000000	0.920887	60.000000
69.107000	59.082187	0.917813	0.000000	-0.000000	0.917813	60.000000
69.014000	59.078388	0.921612	0.000000	0.000000	0.921612	60.000000
68.920000	59.082309	0.917691	0.000000	0.000000	0.917691	60.000000
68.826000	59.086177	0.913823	0.000000	0.000000	0.913823	60.000000
68.733000	59.089793	0.910207	0.000000	0.000000	0.910207	60.000000
68.575000	59.107239	0.892761	0.000000	0.000000	0.892761	60.000000
68.483000	59.121064	0.878936	0.000000	0.000000	0.878936	60.000000
68.384000	59.131145	0.868855	0.000000	0.000000	0.868855	60.000000
68.294000	59.135556	0.864444	0.000000	0.000000	0.864444	60.000000
68.199000	59.142732	0.857268	0.000000	0.000000	0.857268	60.000000
68.105000	59.143814	0.856186	0.000000	0.000000	0.856186	60.000000
68.011000	59.148225	0.851775	0.000000	-0.000000	0.851775	60.000000
67.917000	59.146538	0.853462	0.000000	0.000000	0.853462	60.000000
67.825000	59.148768	0.851232	0.000000	-0.000000	0.851232	60.000000
67.732000	59.148225	0.851775	0.000000	-0.000000	0.851775	60.000000
67.642000	59.147861	0.852139	0.000000	0.000000	0.852139	60.000000
67.548000	59.148831	0.851169	0.000000	0.000000	0.851169	60.000000
67.456000	59.152571	0.847429	0.000000	-0.000000	0.847429	60.000000
67.363000	59.148647	0.851353	0.000000	-0.000000	0.851353	60.000000
67.272000	59.140857	0.859143	0.000000	-0.000000	0.859143	60.000000
67.178000	59.129452	0.870548	0.000000	-0.000000	0.870548	60.000000
67.084000	59.121420	0.878580	0.000000	-0.000000	0.878580	60.000000
66.993000	59.118765	0.881235	0.000000	-0.000000	0.881235	60.000000
66.900000	59.117745	0.882255	0.000000	-0.000000	0.882255	60.000000
66.810000	59.109952	0.890048	0.000000	-0.000000	0.890048	60.000000
66.716000	59.094681	0.905319	0.000000	-0.000000	0.905319	60.000000
66.622000	59.092272	0.907728	0.000000	0.000000	0.907728	60.000000
66.530000	59.096377	0.903623	0.000000	0.000000	0.903623	60.000000
66.437000	59.109599	0.890401	0.000000	0.000000	0.890401	60.000000
66.343000	59.124198	0.875802	0.000000	0.000000	0.875802	60.000000
66.251000	59.127825	0.872175	0.000000	0.000000	0.872175	60.000000
66.159000	59.128674	0.871326	0.000000	0.000000	0.871326	60.000000
66.067000	59.129874	0.870126	0.000000	0.000000	0.870126	60.000000
65.971000	59.135311	0.864689	0.000000	0.000000	0.864689	60.000000
65.876000	59.135733	0.864267	0.000000	0.000000	0.864267	60.000000
65.784000	59.138870	0.861130	0.000000	-0.000000	0.861130	60.000000
65.690000	59.133677	0.866323	0.000000	-0.000000	0.866323	60.000000
65.598000	59.121969	0.878031	0.000000	-0.000000	0.878031	60.000000
65.505000	59.108809	0.891191	0.000000	-0.000000	0.891191	60.000000
65.413000	59.100841	0.899159	0.000000	-0.000000	0.899159	60.000000
65.320000	59.087739	0.912261	0.000000	-0.000000	0.912261	60.000000
65.227000	59.081467	0.918533	0.000000	-0.000000	0.918533	60.000000
65.147000	59.074279	0.925721	0.000000	-0.000000	0.925721	60.000000
65.035000	59.073014	0.926986	0.000000	0.000000	0.926986	60.000000
64.943000	59.077480	0.922520	0.000000	0.000000	0.922520	60.000000
64.850000	59.083702	0.916298	0.000000	0.000000	0.916298	60.000000
64.757000	59.085023	0.914977	0.000000	-0.000000	0.914977	60.000000
64.662000	59.083641	0.916359	0.000000	-0.000000	0.916359	60.000000
64.570000	59.073319	0.926681	0.000000	0.000000	0.926681	60.000000
64.477000	59.076274	0.923726	0.000000	-0.000000	0.923726	60.000000
64.388000	59.071569	0.928431	0.000000	-0.000000	0.928431	60.000000
64.292000	59.069450	0.930550	0.000000	-0.000000	0.930550	60.000000
64.200000	59.062813	0.937187	0.000000	-0.000000	0.937187	60.000000
64.109000	59.047541	0.952459	0.000000	-0.000000	0.952459	60.000000
64.017000	59.037038	0.962962	0.000000	-0.000000	0.962962	60.000000
63.924000	59.031489	0.968511	0.000000	-0.000000	0.968511	60.000000
63.832000	59.029741	0.970259	0.000000	0.000000	0.970259	60.000000
63.740000	59.036621	0.963379	0.000000	0.000000	0.963379	60.000000
63.650000	59.041927	0.958073	0.000000	-0.000000	0.958073	60.000000
63.558000	59.041743	0.958257	0.000000	0.000000	0.958257	60.000000
63.464000	59.051589	0.948411	0.000000	0.000000	0.948411	60.000000
63.370000	59.065830	0.934170	0.000000	0.000000	0.934170	60.000000
63.280000	59.079111	0.920889	0.000000	0.000000	0.920889	60.000000
63.187000	59.090035	0.909965	0.000000	0.000000	0.909965	60.000000
63.090000	59.108206	0.891794	0.000000	0.000000	0.891794	60.000000
62.995000	59.120333	0.879667	0.000000	0.000000	0.879667	60.000000
62.902000	59.123896	0.876104	0.000000	0.000000	0.876104	60.000000
62.811000	59.128364	0.871636	0.000000	0.000000	0.871636	60.000000
62.719000	59.128673	0.871327	0.000000	-0.000000	0.871327	60.000000
62.625000	59.124805	0.875195	0.000000	-0.000000	0.875195	60.000000
62.531000	59.122757	0.877243	0.000000	-0.000000	0.877243	60.000000
62.443000	59.118530	0.881470	0.000000	-0.000000	0.881470	60.000000
62.352000	59.118463	0.881537	0.000000	0.000000	0.881537	60.000000
62.257000	59.119735	0.880265	0.000000	0.000000	0.880265	60.000000
62.164000	59.129394	0.870606	0.000000	0.000000	0.870606	60.000000
62.070000	59.135607	0.864393	0.000000	-0.000000	0.864393	60.000000
61.980000	59.135127	0.864873	0.000000	0.000000	0.864873	60.000000
61.891000	59.137051	0.862949	0.000000	-0.000000	0.862949	60.000000
61.797000	59.135064	0.864936	0.000000	0.000000	0.864936	60.000000
61.705000	59.135975	0.864025	0.000000	-0.000000	0.864025	60.000000
61.613000	59.133736	0.866264	0.000000	-0.000000	0.866264	60.000000
61.519000	59.131929	0.868071	0.000000	-0.000000	0.868071	60.000000
61.426000	59.130900	0.869100	0.000000	-0.000000	0.869100	60.000000
61.329000	59.124019	0.875981	0.000000	-0.000000	0.875981	60.000000
61.237000	59.120577	0.879423	0.000000	-0.000000	0.879423	60.000000
61.147000	59.108446	0.891554	0.000000	-0.000000	0.891554	60.000000
61.057000	59.097878	0.902122	0.000000	-0.000000	0.902122	60.000000
60.963000	59.095042	0.904958	0.000000	0.000000	0.904958	60.000000
60.870000	59.102591	0.897409	0.000000	0.000000	0.897409	60.000000
60.779000	59.116117	0.883883	0.000000	-0.000000	0.883883	60.000000
60.685000	59.111517	0.888483	0.000000	-0.000000	0.888483	60.000000
60.592000	59.100956	0.899044	0.000000	-0.000000	0.899044	60.000000
60.499000	59.095589	0.904411	0.000000	-0.000000	0.904411	60.000000
60.403000	59.092277	0.907723	0.000000	0.000000	0.907723	60.000000
60.315000	59.096493	0.903507	0.000000	0.000000	0.903507	60.000000
60.226000	59.105247	0.894753	0.000000	0.000000	0.894753	60.000000
60.136000	59.108029	0.891971	0.000000	0.000000	0.891971	60.000000
60.015000	59.118949	0.881051	0.000000	0.000000	0.881051	60.000000
59.926000	59.131872	0.868128	0.000000	0.000000	0.868128	60.000000
59.835000	59.144786	0.855214	0.000000	0.000000	0.855214	60.000000
59.741000	59.150455	0.849545	0.000000	0.000000	0.849545	60.000000
59.648000	59.152086	0.847914	0.000000	-0.000000	0.847914	60.000000
59.558000	59.151544	0.848456	0.000000	-0.000000	0.848456	60.000000
59.468000	59.148222	0.851778	0.000000	-0.000000	0.851778	60.000000
59.379000	59.148100	0.851900	0.000000	-0.000000	0.851900	60.000000
59.287000	59.140918	0.859082	0.000000	-0.000000	0.859082	60.000000
59.196000	59.127459	0.872541	0.000000	-0.000000	0.872541	60.000000
59.103000	59.124683	0.875317	0.000000	-0.000000	0.875317	60.000000
59.011000	59.119499	0.880501	0.000000	-0.000000	0.880501	60.000000
58.920000	59.111530	0.888470	0.000000	-0.000000	0.888470	60.000000
58.828000	59.105850	0.894150	0.000000	-0.000000	0.894150	60.000000
58.738000	59.101867	0.898133	0.000000	-0.000000	0.898133	60.000000
58.647000	59.096799	0.903201	0.000000	-0.000000	0.903201	60.000000
58.555000	59.091786	0.908214	0.000000	-0.000000	0.908214	60.000000
58.465000	59.088649	0.911351	0.000000	-0.000000	0.911351	60.000000
58.370000	59.084000	0.916000	0.000000	0.000000	0.916000	60.000000
58.279000	59.090033	0.909967	0.000000	0.000000	0.909967	60.000000
58.189000	59.095824	0.904176	0.000000	0.000000	0.904176	60.000000
58.095000	59.099327	0.900673	0.000000	0.000000	0.900673	60.000000
58.002000	59.100480	0.899520	0.000000	0.000000	0.899520	60.000000
57.908000	59.113153	0.886847	0.000000	-0.000000	0.886847	60.000000
57.818000	59.111285	0.888715	0.000000	-0.000000	0.888715	60.000000
57.725000	59.110681	0.889319	0.000000	-0.000000	0.889319	60.000000
57.635000	59.109594	0.890406	0.000000	0.000000	0.890406	60.000000
57.544000	59.114967	0.885033	0.000000	0.000000	0.885033	60.000000
57.452000	59.125647	0.874353	0.000000	-0.000000	0.874353	60.000000
57.360000	59.117983	0.882017	0.000000	0.000000	0.882017	60.000000
57.269000	59.146963	0.853037	0.000000	0.000000	0.853037	60.000000
57.177000	59.163680	0.836320	0.000000	0.000000	0.836320	60.000000
57.085000	59.164757	0.835243	0.000000	0.000000	0.835243	60.000000
56.996000	59.169348	0.830652	0.000000	0.000000	0.830652	60.000000
56.907000	59.180396	0.819604	0.000000	0.000000	0.819604	60.000000
56.816000	59.184077	0.815923	0.000000	0.000000	0.815923	60.000000
56.726000	59.186258	0.813742	0.000000	0.000000	0.813742	60.000000
56.634000	59.187941	0.812059	0.000000	0.000000	0.812059	60.000000
56.541000	59.189511	0.810489	0.000000	-0.000000	0.810489	60.000000
56.452000	59.187159	0.812841	0.000000	-0.000000	0.812841	60.000000
56.362000	59.183537	0.816463	0.000000	-0.000000	0.816463	60.000000
56.270000	59.180280	0.819720	0.000000	-0.000000	0.819720	60.000000
56.177000	59.174363	0.825637	0.000000	-0.000000	0.825637	60.000000
56.089000	59.172672	0.827328	0.000000	-0.000000	0.827328	60.000000
56.001000	59.169353	0.830647	0.000000	-0.000000	0.830647	60.000000
55.913000	59.160595	0.839405	0.000000	-0.000000	0.839405	60.000000
55.824000	59.141642	0.858358	0.000000	-0.000000	0.858358	60.000000
55.729000	59.124808	0.875192	0.000000	-0.000000	0.875192	60.000000
55.635000	59.109834	0.890166	0.000000	-0.000000	0.890166	60.000000
55.545000	59.105730	0.894270	0.000000	0.000000	0.894270	60.000000
55.454000	59.108148	0.891852	0.000000	0.000000	0.891852	60.000000
55.365000	59.111041	0.888959	0.000000	0.000000	0.888959	60.000000
55.274000	59.126433	0.873567	0.000000	0.000000	0.873567	60.000000
55.181000	59.129147	0.870853	0.000000	-0.000000	0.870853	60.000000
55.064000	59.125470	0.874530	0.000000	-0.000000	0.874530	60.000000
54.973000	59.118045	0.881955	0.000000	-0.000000	0.881955	60.000000
54.884000	59.106697	0.893303	0.000000	-0.000000	0.893303	60.000000
54.792000	59.098670	0.901330	0.000000	-0.000000	0.901330	60.000000
54.703000	59.094687	0.905313	0.000000	-0.000000	0.905313	60.000000
54.612000	59.088949	0.911051	0.000000	-0.000000	0.911051	60.000000
54.522000	59.082554	0.917446	0.000000	-0.000000	0.917446	60.000000
54.430000	59.075369	0.924631	0.000000	-0.000000	0.924631	60.000000
54.341000	59.070845	0.929155	0.000000	-0.000000	0.929155	60.000000
54.251000	59.064204	0.935796	0.000000	-0.000000	0.935796	60.000000
54.162000	59.061306	0.938694	0.000000	-0.000000	0.938694	60.000000
54.073000	59.056840	0.943160	0.000000	-0.000000	0.943160	60.000000
53.985000	59.045549	0.954451	0.000000	-0.000000	0.954451	60.000000
53.892000	59.044103	0.955897	0.000000	-0.000000	0.955897	60.000000
53.804000	59.041991	0.958009	0.000000	-0.000000	0.958009	60.000000
53.713000	59.033541	0.966459	0.000000	-0.000000	0.966459	60.000000
53.625000	59.025811	0.974189	0.000000	-0.000000	0.974189	60.000000
53.533000	59.014042	0.985958	0.000000	-0.000000	0.985958	60.000000
53.442000	59.011747	0.988253	0.000000	-0.000000	0.988253	60.000000
53.351000	59.006014	0.993986	0.000000	0.000000	0.993986	60.000000
53.262000	59.010360	0.989640	0.000000	-0.000000	0.989640	60.000000
53.175000	59.006909	0.993091	0.000000	-0.000000	0.993091	60.000000
53.081000	58.995995	1.004005	0.000000	-0.000000	1.004005	60.000000
52.990000	58.987063	1.012937	0.000000	-0.000000	1.012937	60.000000
52.900000	58.984160	1.015840	0.000000	0.000000	1.015840	60.000000
52.812000	58.985489	1.014511	0.000000	0.000000	1.014511	60.000000
52.721000	58.990140	1.009860	0.000000	0.000000	1.009860	60.000000
52.633000	58.997505	1.002495	0.000000	0.000000	1.002495	60.000000
52.541000	59.001363	0.998637	0.000000	0.000000	0.998637	60.000000
52.450000	59.002512	0.997488	0.000000	-0.000000	0.997488	60.000000
52.359000	58.999131	1.000869	0.000000	-0.000000	1.000869	60.000000
52.270000	58.993820	1.006180	0.000000	0.000000	1.006180	60.000000
52.177000	58.996117	1.003883	0.000000	0.000000	1.003883	60.000000
52.084000	59.005047	0.994953	0.000000	0.000000	0.994953	60.000000
51.996000	59.013375	0.986625	0.000000	-0.000000	0.986625	60.000000
51.905000	59.009994	0.990006	0.000000	-0.000000	0.990006	60.000000
51.815000	59.006923	0.993077	0.000000	0.000000	0.993077	60.000000
51.724000	59.009507	0.990493	0.000000	0.000000	0.990493	60.000000
51.635000	59.012355	0.987645	0.000000	0.000000	0.987645	60.000000
51.544000	59.026243	0.973757	0.000000	0.000000	0.973757	60.000000
51.453000	59.032751	0.967249	0.000000	0.000000	0.967249	60.000000
51.362000	59.035837	0.964163	0.000000	-0.000000	0.964163	60.000000
51.271000	59.035653	0.964347	0.000000	-0.000000	0.964347	60.000000
51.180000	59.032091	0.967909	0.000000	0.000000	0.967909	60.000000
51.090000	59.036436	0.963564	0.000000	0.000000	0.963564	60.000000
51.001000	59.036800	0.963200	0.000000	0.000000	0.963200	60.000000
50.912000	59.054053	0.945947	0.000000	0.000000	0.945947	60.000000
50.822000	59.079657	0.920343	0.000000	0.000000	0.920343	60.000000
50.730000	59.107358	0.892642	0.000000	0.000000	0.892642	60.000000
50.638000	59.117863	0.882137	0.000000	0.000000	0.882137	60.000000
50.551000	59.123846	0.876154	0.000000	0.000000	0.876154	60.000000
50.463000	59.134403	0.865597	0.000000	0.000000	0.865597	60.000000
50.373000	59.142729	0.857271	0.000000	0.000000	0.857271	60.000000
50.282000	59.149799	0.850201	0.000000	0.000000	0.850201	60.000000
50.189000	59.160481	0.839519	0.000000	0.000000	0.839519	60.000000
50.086000	59.176712	0.823288	0.000000	0.000000	0.823288	60.000000
49.930000	59.211963	0.788037	0.000000	0.000000	0.788037	60.000000
49.839000	59.233576	0.766424	0.000000	0.000000	0.766424	60.000000
49.749000	59.244680	0.755320	0.000000	0.000000	0.755320	60.000000
49.660000	59.257841	0.742159	0.000000	0.000000	0.742159	60.000000
49.569000	59.272028	0.727972	0.000000	-0.000000	0.727972	60.000000
49.480000	59.270695	0.729305	0.000000	0.000000	0.729305	60.000000
49.393000	59.275226	0.724774	0.000000	0.000000	0.724774	60.000000
49.302000	59.286270	0.713730	0.000000	0.000000	0.713730	60.000000
49.210000	59.295930	0.704070	0.000000	0.000000	0.704070	60.000000
49.120000	59.310238	0.689762	0.000000	-0.000000	0.689762	60.000000
49.032000	59.310233	0.689767	0.000000	0.000000	0.689767	60.000000
48.943000	59.310473	0.689527	0.000000	0.000000	0.689527	60.000000
48.855000	59.312414	0.687586	0.000000	0.000000	0.687586	60.000000
48.765000	59.312768	0.687232	0.000000	-0.000000	0.687232	60.000000
48.672000	59.308541	0.691459	0.000000	-0.000000	0.691459	60.000000
48.583000	59.303411	0.696589	0.000000	-0.000000	0.696589	60.000000
48.493000	59.295324	0.704676	0.000000	-0.000000	0.704676	60.000000
48.405000	59.292005	0.707995	0.000000	-0.000000	0.707995	60.000000
48.317000	59.283794	0.716206	0.000000	-0.000000	0.716206	60.000000
48.227000	59.283370	0.716630	0.000000	0.000000	0.716630	60.000000
48.137000	59.290741	0.709259	0.000000	0.000000	0.709259	60.000000
48.050000	59.293880	0.706120	0.000000	-0.000000	0.706120	60.000000
47.960000	59.284457	0.715543	0.000000	-0.000000	0.715543	60.000000
47.874000	59.276433	0.723567	0.000000	-0.000000	0.723567	60.000000
47.784000	59.273225	0.726775	0.000000	-0.000000	0.726775	60.000000
47.694000	59.272874	0.727126	0.000000	0.000000	0.727126	60.000000
47.606000	59.277156	0.722844	0.000000	0.000000	0.722844	60.000000
47.518000	59.278359	0.721641	0.000000	-0.000000	0.721641	60.000000
47.429000	59.274678	0.725322	0.000000	-0.000000	0.725322	60.000000
47.340000	59.263392	0.736608	0.000000	-0.000000	0.736608	60.000000
47.255000	59.247642	0.752358	0.000000	-0.000000	0.752358	60.000000
47.163000	59.231460	0.768540	0.000000	-0.000000	0.768540	60.000000
47.072000	59.208948	0.791052	0.000000	-0.000000	0.791052	60.000000
46.983000	59.187580	0.812420	0.000000	-0.000000	0.812420	60.000000
46.896000	59.169110	0.830890	0.000000	-0.000000	0.830890	60.000000
46.806000	59.161328	0.838672	0.000000	0.000000	0.838672	60.000000
46.717000	59.168870	0.831130	0.000000	-0.000000	0.831130	60.000000
46.626000	59.167360	0.832640	0.000000	0.000000	0.832640	60.000000
46.540000	59.170497	0.829503	0.000000	0.000000	0.829503	60.000000
46.450000	59.177496	0.822504	0.000000	0.000000	0.822504	60.000000
46.364000	59.184381	0.815619	0.000000	-0.000000	0.815619	60.000000
46.273000	59.176959	0.823041	0.000000	-0.000000	0.823041	60.000000
46.180000	59.165433	0.834567	0.000000	-0.000000	0.834567	60.000000
46.092000	59.148102	0.851898	0.000000	-0.000000	0.851898	60.000000
46.003000	59.129749	0.870251	0.000000	-0.000000	0.870251	60.000000
45.913000	59.105856	0.894144	0.000000	-0.000000	0.894144	60.000000
45.823000	59.080322	0.919678	0.000000	-0.000000	0.919678	60.000000
45.732000	59.052497	0.947503	0.000000	-0.000000	0.947503	60.000000
45.642000	59.027560	0.972440	0.000000	-0.000000	0.972440	60.000000
45.552000	59.007880	0.992120	0.000000	-0.000000	0.992120	60.000000
45.465000	58.992133	1.007867	0.000000	-0.000000	1.007867	60.000000
45.375000	58.974813	1.025187	0.000000	-0.000000	1.025187	60.000000
45.285000	58.956940	1.043060	0.000000	-0.000000	1.043060	60.000000
45.193000	58.931950	1.068050	0.000000	-0.000000	1.068050	60.000000
45.079000	58.903400	1.096600	0.000000	-0.000000	1.096600	60.000000
44.990000	58.879310	1.120690	0.000000	-0.000000	1.120690	60.000000
44.899000	58.858253	1.141747	0.000000	-0.000000	1.141747	60.000000
44.811000	58.829453	1.170547	0.000000	-0.000000	1.170547	60.000000
44.721000	58.798674	1.201326	0.000000	-0.000000	1.201326	60.000000
44.634000	58.774283	1.225717	0.000000	-0.000000	1.225717	60.000000
44.548000	58.751594	1.248406	0.000000	-0.000000	1.248406	60.000000
44.461000	58.733600	1.266400	0.000000	-0.000000	1.266400	60.000000
44.373000	58.730462	1.269538	0.000000	0.000000	1.269538	60.000000
44.284000	58.732157	1.267843	0.000000	-0.000000	1.267843	60.000000
44.195000	58.726302	1.273698	0.000000	-0.000000	1.273698	60.000000
44.107000	58.724552	1.275448	0.000000	-0.000000	1.275448	60.000000
44.020000	58.723646	1.276354	0.000000	-0.000000	1.276354	60.000000
43.933000	58.720868	1.279132	0.000000	-0.000000	1.279132	60.000000
43.844000	58.719956	1.280044	0.000000	-0.000000	1.280044	60.000000
43.756000	58.717671	1.282329	0.000000	-0.000000	1.282329	60.000000
43.666000	58.713683	1.286317	0.000000	0.000000	1.286317	60.000000
43.580000	58.716155	1.283845	0.000000	0.000000	1.283845	60.000000
43.492000	58.726596	1.273404	0.000000	0.000000	1.273404	60.000000
43.407000	58.732939	1.267061	0.000000	0.000000	1.267061	60.000000
43.316000	58.738670	1.261330	0.000000	0.000000	1.261330	60.000000
43.231000	58.742960	1.257040	0.000000	0.000000	1.257040	60.000000
43.142000	58.746946	1.253054	0.000000	0.000000	1.253054	60.000000
43.055000	58.753341	1.246659	0.000000	0.000000	1.246659	60.000000
42.968000	58.763363	1.236637	0.000000	0.000000	1.236637	60.000000
42.880000	58.768971	1.231029	0.000000	0.000000	1.231029	60.000000
42.793000	58.774827	1.225173	0.000000	0.000000	1.225173	60.000000
42.703000	58.783098	1.216902	0.000000	0.000000	1.216902	60.000000
42.615000	58.791914	1.208086	0.000000	0.000000	1.208086	60.000000
42.525000	58.799032	1.200968	0.000000	0.000000	1.200968	60.000000
42.439000	58.812435	1.187565	0.000000	0.000000	1.187565	60.000000
42.352000	58.834644	1.165356	0.000000	0.000000	1.165356	60.000000
42.266000	58.854083	1.145917	0.000000	0.000000	1.145917	60.000000
42.176000	58.875150	1.124850	0.000000	0.000000	1.124850	60.000000
42.086000	58.893375	1.106625	0.000000	0.000000	1.106625	60.000000
41.998000	58.917825	1.082175	0.000000	0.000000	1.082175	60.000000
41.911000	58.941663	1.058337	0.000000	0.000000	1.058337	60.000000
41.824000	58.960861	1.039139	0.000000	0.000000	1.039139	60.000000
41.739000	58.989775	1.010225	0.000000	0.000000	1.010225	60.000000
41.653000	59.022009	0.977991	0.000000	0.000000	0.977991	60.000000
41.564000	59.053276	0.946724	0.000000	0.000000	0.946724	60.000000
41.478000	59.084298	0.915702	0.000000	0.000000	0.915702	60.000000
41.392000	59.114117	0.885883	0.000000	0.000000	0.885883	60.000000
41.307000	59.153775	0.846225	0.000000	0.000000	0.846225	60.000000
41.220000	59.193559	0.806441	0.000000	0.000000	0.806441	60.000000
41.133000	59.237373	0.762627	0.000000	0.000000	0.762627	60.000000
41.047000	59.281561	0.718439	0.000000	0.000000	0.718439	60.000000
40.957000	59.329073	0.670927	0.000000	0.000000	0.670927	60.000000
40.868000	59.363168	0.636832	0.000000	0.000000	0.636832	60.000000
40.781000	59.400589	0.599411	0.000000	0.000000	0.599411	60.000000
40.695000	59.444361	0.555639	0.000000	0.000000	0.555639	60.000000
40.609000	59.487211	0.512789	0.000000	0.000000	0.512789	60.000000
40.524000	59.529714	0.470286	0.000000	0.000000	0.470286	60.000000
40.438000	59.571600	0.428400	0.000000	0.000000	0.428400	60.000000
40.351000	59.620251	0.379749	0.000000	0.000000	0.379749	60.000000
40.261000	59.667213	0.332787	0.000000	0.000000	0.332787	60.000000
40.176000	59.715138	0.284862	0.000000	0.000000	0.284862	60.000000
40.062000	59.764156	0.235844	0.000000	0.000000	0.235844	60.000000
39.974000	59.796502	0.203498	0.000000	0.000000	0.203498	60.000000
39.886000	59.826446	0.173554	0.000000	0.000000	0.173554	60.000000
39.798000	59.866406	0.133594	0.000000	0.000000	0.133594	60.000000
39.714000	59.906840	0.093160	0.000000	0.000000	0.093160	60.000000
39.627000	59.944870	0.055130	0.000000	0.000000	0.055130	60.000000
39.542000	59.979815	0.020185	0.000000	0.000000	0.020185	60.000000
39.455000	60.017419	-0.017419	0.000000	0.000000	-0.017419	60.000000
39.368000	60.058051	-0.058051	0.000000	0.000000	-0.058051	60.000000
39.278000	60.096130	-0.096130	0.000000	0.000000	-0.096130	60.000000
39.190000	60.124111	-0.124111	0.000000	0.000000	-0.124111	60.000000
39.102000	60.155296	-0.155296	0.000000	0.000000	-0.155296	60.000000
39.014000	60.179030	-0.179030	0.000000	0.000000	-0.179030	60.000000
38.927000	60.205491	-0.205491	0.000000	0.000000	-0.205491	60.000000
38.838000	60.232252	-0.232252	0.000000	0.000000	-0.232252	60.000000
38.752000	60.253201	-0.253201	0.000000	0.000000	-0.253201	60.000000
38.663000	60.279660	-0.279660	0.000000	0.000000	-0.279660	60.000000
38.579000	60.302858	-0.302858	0.000000	0.000000	-0.302858	60.000000
38.492000	60.319198	-0.319198	0.000000	0.000000	-0.319198	60.000000
38.405000	60.337547	-0.337547	0.000000	0.000000	-0.337547	60.000000
38.315000	60.351416	-0.351416	0.000000	0.000000	-0.351416	60.000000
38.229000	60.372788	-0.372788	0.000000	0.000000	-0.372788	60.000000
38.138000	60.388709	-0.388709	0.000000	0.000000	-0.388709	60.000000
38.052000	60.392221	-0.392221	0.000000	0.000000	-0.392221	60.000000
37.966000	60.393739	-0.393739	0.000000	-0.000000	-0.393739	60.000000
37.879000	60.391683	-0.391683	0.000000	-0.000000	-0.391683	60.000000
37.792000	60.384054	-0.384054	0.000000	-0.000000	-0.384054	60.000000
37.703000	60.380659	-0.380659	0.000000	-0.000000	-0.380659	60.000000
37.619000	60.375090	-0.375090	0.000000	-0.000000	-0.375090	60.000000
37.528000	60.362556	-0.362556	0.000000	-0.000000	-0.362556	60.000000
37.442000	60.351781	-0.351781	0.000000	-0.000000	-0.351781	60.000000
37.352000	60.327255	-0.327255	0.000000	-0.000000	-0.327255	60.000000
37.265000	60.303880	-0.303880	0.000000	-0.000000	-0.303880	60.000000
37.173000	60.274454	-0.274454	0.000000	-0.000000	-0.274454	60.000000
37.085000	60.245454	-0.245454	0.000000	-0.000000	-0.245454	60.000000
36.997000	60.216994	-0.216994	0.000000	-0.000000	-0.216994	60.000000
36.910000	60.187449	-0.187449	0.000000	-0.000000	-0.187449	60.000000
36.825000	60.150334	-0.150334	0.000000	-0.000000	-0.150334	60.000000
36.737000	60.106548	-0.106548	0.000000	-0.000000	-0.106548	60.000000
36.632000	60.049874	-0.049874	0.000000	-0.000000	-0.049874	60.000000
36.544000	59.989718	0.010282	0.000000	-0.000000	0.010282	60.000000
36.457000	59.928759	0.071241	0.000000	-0.000000	0.071241	60.000000
36.370000	59.865681	0.134319	0.000000	-0.000000	0.134319	60.000000
36.284000	59.803445	0.196555	0.000000	-0.000000	0.196555	60.000000
36.195000	59.735842	0.264158	0.000000	-0.000000	0.264158	60.000000
36.108000	59.669203	0.330797	0.000000	-0.000000	0.330797	60.000000
36.019000	59.591154	0.408846	0.000000	-0.000000	0.408846	60.000000
35.931000	59.509302	0.490698	0.000000	-0.000000	0.490698	60.000000
35.847000	59.421601	0.578399	0.000000	-0.000000	0.578399	60.000000
35.761000	59.333349	0.666651	0.000000	-0.000000	0.666651	60.000000
35.673000	59.236177	0.763823	0.000000	-0.000000	0.763823	60.000000
35.587000	59.128972	0.871028	0.000000	-0.000000	0.871028	60.000000
35.498000	59.022009	0.977991	0.000000	-0.000000	0.977991	60.000000
35.410000	58.915523	1.084477	0.000000	-0.000000	1.084477	60.000000
35.325000	58.806346	1.193654	0.000000	-0.000000	1.193654	60.000000
35.237000	58.709031	1.290969	0.000000	-0.000000	1.290969	60.000000
35.151000	58.607021	1.392979	0.000000	-0.000000	1.392979	60.000000
35.047000	58.485878	1.514122	0.000000	-0.000000	1.514122	60.000000
34.957000	58.378020	1.621980	0.000000	-0.000000	1.621980	60.000000
34.871000	58.281315	1.718685	0.000000	-0.000000	1.718685	60.000000
34.786000	58.175745	1.824255	0.000000	-0.000000	1.824255	60.000000
34.699000	58.069083	1.930917	0.000000	-0.000000	1.930917	60.000000
34.614000	57.965024	2.034976	0.000000	-0.000000	2.034976	60.000000
34.526000	57.861138	2.138862	0.000000	-0.000000	2.138862	60.000000
34.438000	57.760215	2.239785	0.000000	-0.000000	2.239785	60.000000
34.352000	57.665756	2.334244	0.000000	-0.000000	2.334244	60.000000
34.268000	57.572674	2.427326	0.000000	-0.000000	2.427326	60.000000
34.182000	57.469279	2.530721	0.000000	-0.000000	2.530721	60.000000
34.096000	57.371547	2.628453	0.000000	-0.000000	2.628453	60.000000
34.009000	57.257650	2.742350	0.000000	-0.000000	2.742350	60.000000
33.920000	57.150205	2.849795	0.000000	-0.000000	2.849795	60.000000
33.833000	57.039865	2.960135	0.000000	-0.000000	2.960135	60.000000
33.744000	56.925180	3.074820	0.000000	-0.000000	3.074820	60.000000
33.658000	56.825279	3.174721	0.000000	-0.000000	3.174721	60.000000
33.574000	56.719048	3.280952	0.000000	-0.000000	3.280952	60.000000
33.488000	56.614926	3.385074	0.000000	-0.000000	3.385074	60.000000
33.401000	56.521604	3.478396	0.000000	-0.000000	3.478396	60.000000
33.313000	56.419228	3.580772	0.000000	-0.000000	3.580772	60.000000
33.225000	56.317285	3.682715	0.000000	-0.000000	3.682715	60.000000
33.140000	56.211833	3.788167	0.000000	-0.000000	3.788167	60.000000
33.057000	56.109519	3.890481	0.000000	-0.000000	3.890481	60.000000
32.973000	56.003758	3.996242	0.000000	-0.000000	3.996242	60.000000
32.887000	55.898551	4.101449	0.000000	-0.000000	4.101449	60.000000
32.800000	55.795277	4.204723	0.000000	-0.000000	4.204723	60.000000
32.713000	55.686628	4.313372	0.000000	-0.000000	4.313372	60.000000
32.624000	55.582810	4.417190	0.000000	-0.000000	4.417190	60.000000
32.514000	55.453088	4.546912	0.000000	-0.000000	4.546912	60.000000
32.428000	55.339548	4.660452	0.000000	-0.000000	4.660452	60.000000
32.344000	55.227275	4.772725	0.000000	-0.000000	4.772725	60.000000
32.255000	55.120495	4.879505	0.000000	-0.000000	4.879505	60.000000
32.168000	55.010635	4.989365	0.000000	-0.000000	4.989365	60.000000
32.080000	54.908758	5.091242	0.000000	-0.000000	5.091242	60.000000
31.996000	54.806799	5.193201	0.000000	-0.000000	5.193201	60.000000
31.913000	54.708047	5.291953	0.000000	-0.000000	5.291953	60.000000
31.828000	54.604954	5.395046	0.000000	-0.000000	5.395046	60.000000
31.744000	54.496663	5.503337	0.000000	-0.000000	5.503337	60.000000
31.657000	54.386808	5.613192	0.000000	-0.000000	5.613192	60.000000
31.573000	54.278278	5.721722	0.000000	-0.000000	5.721722	60.000000
31.487000	54.176090	5.823910	0.000000	-0.000000	5.823910	60.000000
31.400000	54.066950	5.933050	0.000000	-0.000000	5.933050	60.000000
31.315000	53.963549	6.036451	0.000000	-0.000000	6.036451	60.000000
31.232000	53.860036	6.139964	0.000000	-0.000000	6.139964	60.000000
31.145000	53.754819	6.245181	0.000000	-0.000000	6.245181	60.000000
31.060000	53.644611	6.355389	0.000000	-0.000000	6.355389	60.000000
30.973000	53.528166	6.471834	0.000000	-0.000000	6.471834	60.000000
30.886000	53.408530	6.591470	0.000000	-0.000000	6.591470	60.000000
30.800000	53.301687	6.698313	0.000000	-0.000000	6.698313	60.000000
30.713000	53.194739	6.805261	0.000000	-0.000000	6.805261	60.000000
30.629000	53.088678	6.911322	0.000000	-0.000000	6.911322	60.000000
30.545000	52.973992	7.026008	0.000000	-0.000000	7.026008	60.000000
30.394000	52.787838	7.212162	0.000000	-0.000000	7.212162	60.000000
30.311000	52.673390	7.326610	0.000000	-0.000000	7.326610	60.000000
30.226000	52.560330	7.439670	0.000000	-0.000000	7.439670	60.000000
30.140000	52.455915	7.544085	0.000000	-0.000000	7.544085	60.000000
30.031000	52.325769	7.674231	0.000000	-0.000000	7.674231	60.000000
29.947000	52.222012	7.777988	0.000000	-0.000000	7.777988	60.000000
29.864000	52.120605	7.879395	0.000000	-0.000000	7.879395	60.000000
29.778000	52.007360	7.992640	0.000000	-0.000000	7.992640	60.000000
29.693000	51.899018	8.100982	0.000000	-0.000000	8.100982	60.000000
29.609000	51.789886	8.210114	0.000000	-0.000000	8.210114	60.000000
29.522000	51.672967	8.327033	0.000000	-0.000000	8.327033	60.000000
29.434000	51.549893	8.450107	0.000000	-0.000000	8.450107	60.000000
29.350000	51.429465	8.570535	0.000000	-0.000000	8.570535	60.000000
29.264000	51.324558	8.675442	0.000000	-0.000000	8.675442	60.000000
29.182000	51.227080	8.772920	0.000000	-0.000000	8.772920	60.000000
29.096000	51.120057	8.879943	0.000000	-0.000000	8.879943	60.000000
29.012000	51.018286	8.981714	0.000000	-0.000000	8.981714	60.000000
28.928000	50.904202	9.095798	0.000000	-0.000000	9.095798	60.000000
28.838000	50.790725	9.209275	0.000000	-0.000000	9.209275	60.000000
28.753000	50.683337	9.316663	0.000000	-0.000000	9.316663	60.000000
28.667000	50.578186	9.421814	0.000000	-0.000000	9.421814	60.000000
28.582000	50.464351	9.535649	0.000000	-0.000000	9.535649	60.000000
28.497000	50.355696	9.644304	0.000000	-0.000000	9.644304	60.000000
28.413000	50.242941	9.757059	0.000000	-0.000000	9.757059	60.000000
28.328000	50.127238	9.872762	0.000000	-0.000000	9.872762	60.000000
28.242000	50.007416	9.992584	0.000000	-0.000000	9.992584	60.000000
28.153000	49.894416	10.105584	0.000000	-0.000000	10.105584	60.000000
28.046000	49.751655	10.248345	0.000000	-0.000000	10.248345	60.000000
27.962000	49.636752	10.363248	0.000000	-0.000000	10.363248	60.000000
27.877000	49.527388	10.472612	0.000000	-0.000000	10.472612	60.000000
27.794000	49.416521	10.583479	0.000000	-0.000000	10.583479	60.000000
27.709000	49.301979	10.698021	0.000000	-0.000000	10.698021	60.000000
27.623000	49.199783	10.800217	0.000000	-0.000000	10.800217	60.000000
27.539000	49.092342	10.907658	0.000000	-0.000000	10.907658	60.000000
27.453000	48.979125	11.020875	0.000000	-0.000000	11.020875	60.000000
27.368000	48.871150	11.128850	0.000000	-0.000000	11.128850	60.000000
27.282000	48.753234	11.246766	0.000000	-0.000000	11.246766	60.000000
27.198000	48.642307	11.357693	0.000000	-0.000000	11.357693	60.000000
27.114000	48.522111	11.477889	0.000000	-0.000000	11.477889	60.000000
27.029000	48.402272	11.597728	0.000000	-0.000000	11.597728	60.000000
26.942000	48.293808	11.706192	0.000000	-0.000000	11.706192	60.000000
26.858000	48.184031	11.815969	0.000000	-0.000000	11.815969	60.000000
26.772000	48.070512	11.929488	0.000000	-0.000000	11.929488	60.000000
26.687000	47.951515	12.048485	0.000000	-0.000000	12.048485	60.000000
26.603000	47.840232	12.159768	0.000000	-0.000000	12.159768	60.000000
26.520000	47.736161	12.263839	0.000000	-0.000000	12.263839	60.000000
26.438000	47.629265	12.370735	0.000000	-0.000000	12.370735	60.000000
26.356000	47.514365	12.485635	0.000000	-0.000000	12.485635	60.000000
26.270000	47.400305	12.599695	0.000000	-0.000000	12.599695	60.000000
26.184000	47.281071	12.718929	0.000000	-0.000000	12.718929	60.000000
26.077000	47.133309	12.866691	0.000000	-0.000000	12.866691	60.000000
25.993000	47.013894	12.986106	0.000000	-0.000000	12.986106	60.000000
25.910000	46.898692	13.101308	0.000000	-0.000000	13.101308	60.000000
25.826000	46.790826	13.209174	0.000000	-0.000000	13.209174	60.000000
25.742000	46.674304	13.325696	0.000000	-0.000000	13.325696	60.000000
25.655000	46.560730	13.439270	0.000000	-0.000000	13.439270	60.000000
25.571000	46.450279	13.549721	0.000000	-0.000000	13.549721	60.000000
25.486000	46.336706	13.663294	0.000000	-0.000000	13.663294	60.000000
25.399000	46.222705	13.777295	0.000000	-0.000000	13.777295	60.000000
25.316000	46.113339	13.886661	0.000000	-0.000000	13.886661	60.000000
25.230000	46.001214	13.998786	0.000000	-0.000000	13.998786	60.000000
25.148000	45.883725	14.116275	0.000000	-0.000000	14.116275	60.000000
25.064000	45.766055	14.233945	0.000000	-0.000000	14.233945	60.000000
24.977000	45.645498	14.354502	0.000000	-0.000000	14.354502	60.000000
24.892000	45.528487	14.471513	0.000000	-0.000000	14.471513	60.000000
24.806000	45.418100	14.581900	0.000000	-0.000000	14.581900	60.000000
24.719000	45.295374	14.704626	0.000000	-0.000000	14.704626	60.000000
24.635000	45.180049	14.819951	0.000000	-0.000000	14.819951	60.000000
24.555000	45.063705	14.936295	0.000000	-0.000000	14.936295	60.000000
24.471000	44.939357	15.060643	0.000000	-0.000000	15.060643	60.000000
24.388000	44.829751	15.170249	0.000000	-0.000000	15.170249	60.000000
24.306000	44.721586	15.278414	0.000000	-0.000000	15.278414	60.000000
24.218000	44.625344	15.374656	0.000000	-0.000000	15.374656	60.000000
24.133000	44.509482	15.490518	0.000000	-0.000000	15.490518	60.000000
24.023000	44.362928	15.637072	0.000000	-0.000000	15.637072	60.000000
23.940000	44.254701	15.745299	0.000000	-0.000000	15.745299	60.000000
23.857000	44.142036	15.857964	0.000000	-0.000000	15.857964	60.000000
23.773000	44.030077	15.969923	0.000000	-0.000000	15.969923	60.000000
23.688000	43.902598	16.097402	0.000000	-0.000000	16.097402	60.000000
23.601000	43.786848	16.213152	0.000000	-0.000000	16.213152	60.000000
23.520000	43.665092	16.334908	0.000000	-0.000000	16.334908	60.000000
23.434000	43.545194	16.454806	0.000000	-0.000000	16.454806	60.000000
23.351000	43.417416	16.582584	0.000000	-0.000000	16.582584	60.000000
23.267000	43.293963	16.706037	0.000000	-0.000000	16.706037	60.000000
23.184000	43.167084	16.832916	0.000000	-0.000000	16.832916	60.000000
23.101000	43.053576	16.946424	0.000000	-0.000000	16.946424	60.000000
23.019000	42.944866	17.055134	0.000000	-0.000000	17.055134	60.000000
22.934000	42.831777	17.168223	0.000000	-0.000000	17.168223	60.000000
22.847000	42.715787	17.284213	0.000000	-0.000000	17.284213	60.000000
22.765000	42.606908	17.393092	0.000000	-0.000000	17.393092	60.000000
22.681000	42.482619	17.517381	0.000000	-0.000000	17.517381	60.000000
22.594000	42.361699	17.638301	0.000000	-0.000000	17.638301	60.000000
22.512000	42.244688	17.755312	0.000000	-0.000000	17.755312	60.000000
22.429000	42.130873	17.869127	0.000000	-0.000000	17.869127	60.000000
22.349000	42.020430	17.979570	0.000000	-0.000000	17.979570	60.000000
22.266000	41.898001	18.101999	0.000000	-0.000000	18.101999	60.000000
22.181000	41.784668	18.215332	0.000000	-0.000000	18.215332	60.000000
22.073000	41.638350	18.361650	0.000000	-0.000000	18.361650	60.000000
21.992000	41.524888	18.475112	0.000000	-0.000000	18.475112	60.000000
21.909000	41.401267	18.598733	0.000000	-0.000000	18.598733	60.000000
21.826000	41.291654	18.708346	0.000000	-0.000000	18.708346	60.000000
21.745000	41.178322	18.821678	0.000000	-0.000000	18.821678	60.000000
21.663000	41.063894	18.936106	0.000000	-0.000000	18.936106	60.000000
21.581000	40.949903	19.050097	0.000000	-0.000000	19.050097	60.000000
21.501000	40.839035	19.160965	0.000000	-0.000000	19.160965	60.000000
21.418000	40.712754	19.287246	0.000000	-0.000000	19.287246	60.000000
21.327000	40.598280	19.401720	0.000000	-0.000000	19.401720	60.000000
21.245000	40.483081	19.516919	0.000000	-0.000000	19.516919	60.000000
21.163000	40.366608	19.633392	0.000000	-0.000000	19.633392	60.000000
21.079000	40.257313	19.742687	0.000000	-0.000000	19.742687	60.000000
20.997000	40.140660	19.859340	0.000000	-0.000000	19.859340	60.000000
20.914000	40.026665	19.973335	0.000000	-0.000000	19.973335	60.000000
20.831000	39.918038	20.081962	0.000000	-0.000000	20.081962	60.000000
20.750000	39.810388	20.189612	0.000000	-0.000000	20.189612	60.000000
20.669000	39.702150	20.297850	0.000000	-0.000000	20.297850	60.000000
20.585000	39.587720	20.412280	0.000000	-0.000000	20.412280	60.000000
20.499000	39.471199	20.528801	0.000000	-0.000000	20.528801	60.000000
20.417000	39.352395	20.647605	0.000000	-0.000000	20.647605	60.000000
20.333000	39.240490	20.759510	0.000000	-0.000000	20.759510	60.000000
20.253000	39.125584	20.874416	0.000000	-0.000000	20.874416	60.000000
20.171000	39.009780	20.990220	0.000000	-0.000000	20.990220	60.000000
20.065000	38.858218	21.141782	0.000000	-0.000000	21.141782	60.000000
19.983000	38.739707	21.260293	0.000000	-0.000000	21.260293	60.000000
19.900000	38.623362	21.376638	0.000000	-0.000000	21.376638	60.000000
19.817000	38.512422	21.487578	0.000000	-0.000000	21.487578	60.000000
19.735000	38.398172	21.601828	0.000000	-0.000000	21.601828	60.000000
19.649000	38.283157	21.716843	0.000000	-0.000000	21.716843	60.000000
19.566000	38.167232	21.832768	0.000000	-0.000000	21.832768	60.000000
19.485000	38.053768	21.946232	0.000000	-0.000000	21.946232	60.000000
19.404000	37.944385	22.055615	0.000000	-0.000000	22.055615	60.000000
19.322000	37.829173	22.170827	0.000000	-0.000000	22.170827	60.000000
19.242000	37.714754	22.285246	0.000000	-0.000000	22.285246	60.000000
19.157000	37.595346	22.404654	0.000000	-0.000000	22.404654	60.000000
19.076000	37.477501	22.522499	0.000000	-0.000000	22.522499	60.000000
18.992000	37.363555	22.636445	0.000000	-0.000000	22.636445	60.000000
18.909000	37.249616	22.750384	0.000000	-0.000000	22.750384	60.000000
18.826000	37.139088	22.860912	0.000000	-0.000000	22.860912	60.000000
18.742000	37.030542	22.969458	0.000000	-0.000000	22.969458	60.000000
18.660000	36.922482	23.077518	0.000000	-0.000000	23.077518	60.000000
18.579000	36.813931	23.186069	0.000000	-0.000000	23.186069	60.000000
18.496000	36.705931	23.294069	0.000000	-0.000000	23.294069	60.000000
18.415000	36.600869	23.399131	0.000000	-0.000000	23.399131	60.000000
18.334000	36.493162	23.506838	0.000000	-0.000000	23.506838	60.000000
18.251000	36.390803	23.609197	0.000000	-0.000000	23.609197	60.000000
18.168000	36.282142	23.717858	0.000000	-0.000000	23.717858	60.000000
18.060000	36.151568	23.848432	0.000000	-0.000000	23.848432	60.000000
17.978000	36.048488	23.951512	0.000000	-0.000000	23.951512	60.000000
17.899000	35.944560	24.055440	0.000000	-0.000000	24.055440	60.000000
17.818000	35.835299	24.164701	0.000000	-0.000000	24.164701	60.000000
17.736000	35.731138	24.268862	0.000000	-0.000000	24.268862	60.000000
17.654000	35.628053	24.371947	0.000000	-0.000000	24.371947	60.000000
17.573000	35.522686	24.477314	0.000000	-0.000000	24.477314	60.000000
17.492000	35.419607	24.580393	0.000000	-0.000000	24.580393	60.000000
17.410000	35.320062	24.679938	0.000000	-0.000000	24.679938	60.000000
17.329000	35.218475	24.781525	0.000000	-0.000000	24.781525	60.000000
17.247000	35.119772	24.880228	0.000000	-0.000000	24.880228	60.000000
17.166000	35.025383	24.974617	0.000000	-0.000000	24.974617	60.000000
17.082000	34.923862	25.076138	0.000000	-0.000000	25.076138	60.000000
16.999000	34.825761	25.174239	0.000000	-0.000000	25.174239	60.000000
16.919000	34.730775	25.269225	0.000000	-0.000000	25.269225	60.000000
16.837000	34.641794	25.358206	0.000000	-0.000000	25.358206	60.000000
16.758000	34.547705	25.452295	0.000000	-0.000000	25.452295	60.000000
16.678000	34.455607	25.544393	0.000000	-0.000000	25.544393	60.000000
16.596000	34.361159	25.638841	0.000000	-0.000000	25.638841	60.000000
16.516000	34.272237	25.727763	0.000000	-0.000000	25.727763	60.000000
16.433000	34.182655	25.817345	0.000000	-0.000000	25.817345	60.000000
16.351000	34.089290	25.910710	0.000000	-0.000000	25.910710	60.000000
16.269000	34.005827	25.994173	0.000000	-0.000000	25.994173	60.000000
16.188000	33.918341	26.081659	0.000000	-0.000000	26.081659	60.000000
16.082000	33.805723	26.194277	0.000000	-0.000000	26.194277	60.000000
15.998000	33.725084	26.274916	0.000000	-0.000000	26.274916	60.000000
15.919000	33.642091	26.357909	0.000000	-0.000000	26.357909	60.000000
15.836000	33.560068	26.439932	0.000000	-0.000000	26.439932	60.000000
15.756000	33.486508	26.513492	0.000000	-0.000000	26.513492	60.000000
15.608000	33.349521	26.650479	0.000000	-0.000000	26.650479	60.000000
15.525000	33.273377	26.726623	0.000000	-0.000000	26.726623	60.000000
15.441000	33.201076	26.798924	0.000000	-0.000000	26.798924	60.000000
15.358000	33.130337	26.869663	0.000000	-0.000000	26.869663	60.000000
15.274000	33.057791	26.942209	0.000000	-0.000000	26.942209	60.000000
15.188000	32.989619	27.010381	0.000000	-0.000000	27.010381	60.000000
15.103000	32.927108	27.072892	0.000000	-0.000000	27.072892	60.000000
15.022000	32.869501	27.130499	0.000000	-0.000000	27.130499	60.000000
14.944000	32.813519	27.186481	0.000000	-0.000000	27.186481	60.000000
14.863000	32.759937	27.240063	0.000000	-0.000000	27.240063	60.000000
14.782000	32.712179	27.287821	0.000000	-0.000000	27.287821	60.000000
14.702000	32.661832	27.338168	0.000000	-0.000000	27.338168	60.000000
14.620000	32.615812	27.384188	0.000000	-0.000000	27.384188	60.000000
14.539000	32.573991	27.426009	0.000000	-0.000000	27.426009	60.000000
14.458000	32.531689	27.468311	0.000000	-0.000000	27.468311	60.000000
14.374000	32.489870	27.510130	0.000000	-0.000000	27.510130	60.000000
14.287000	32.459499	27.540501	0.000000	-0.000000	27.540501	60.000000
14.205000	32.432324	27.567676	0.000000	-0.000000	27.567676	60.000000
14.124000	32.406222	27.593778	0.000000	-0.000000	27.593778	60.000000
14.022000	32.382463	27.617537	0.000000	-0.000000	27.617537	60.000000
13.939000	32.365542	27.634458	0.000000	-0.000000	27.634458	60.000000
13.858000	32.350059	27.649941	0.000000	-0.000000	27.649941	60.000000
13.777000	32.342799	27.657201	0.000000	-0.000000	27.657201	60.000000
13.692000	32.336319	27.663681	0.000000	0.000000	27.663681	60.000000
13.609000	32.338058	27.661942	0.000000	0.000000	27.661942	60.000000
13.525000	32.343824	27.656176	0.000000	0.000000	27.656176	60.000000
13.443000	32.353063	27.646937	0.000000	0.000000	27.646937	60.000000
13.363000	32.362841	27.637159	0.000000	0.000000	27.637159	60.000000
13.260000	32.377481	27.622519	0.000000	0.000000	27.622519	60.000000
13.160000	32.391162	27.608838	0.000000	0.000000	27.608838	60.000000
13.058000	32.407191	0.000000	0.000000	0.000000	0.000000	60.000000
12.975000	32.419663	0.000000	0.000000	0.000000	0.000000	60.000000
12.896000	32.430583	0.000000	0.000000	0.000000	0.000000	60.000000
12.816000	32.447986	0.000000	0.000000	0.000000	0.000000	60.000000
12.736000	32.459684	0.000000	0.000000	0.000000	0.000000	60.000000
12.655000	32.471324	0.000000	0.000000	0.000000	0.000000	60.000000
12.576000	32.481113	0.000000	0.000000	0.000000	0.000000	60.000000
12.488000	32.495987	0.000000	0.000000	0.000000	0.000000	60.000000
12.410000	32.509006	0.000000	0.000000	0.000000	0.000000	60.000000
12.330000	32.519868	0.000000	0.000000	0.000000	0.000000	60.000000
12.251000	32.532524	0.000000	0.000000	0.000000	0.000000	60.000000
12.171000	32.545187	0.000000	0.000000	0.000000	0.000000	60.000000
12.066000	32.558267	0.000000	0.000000	0.000000	0.000000	60.000000
11.988000	32.566129	0.000000	0.000000	0.000000	0.000000	60.000000
11.908000	32.580955	0.000000	0.000000	0.000000	0.000000	60.000000
11.828000	32.591690	0.000000	0.000000	0.000000	0.000000	60.000000
11.750000	32.606214	0.000000	0.000000	0.000000	0.000000	60.000000
11.671000	32.620547	0.000000	0.000000	0.000000	0.000000	60.000000
11.588000	32.635196	0.000000	0.000000	0.000000	0.000000	60.000000
11.506000	32.647911	0.000000	0.000000	0.000000	0.000000	60.000000
11.425000	32.659552	0.000000	0.000000	0.000000	0.000000	60.000000
11.344000	32.668615	0.000000	0.000000	0.000000	0.000000	60.000000
11.260000	32.677734	0.000000	0.000000	0.000000	0.000000	60.000000
11.179000	32.687037	0.000000	0.000000	0.000000	0.000000	60.000000
11.076000	32.698676	0.000000	0.000000	0.000000	0.000000	60.000000
10.995000	32.710795	0.000000	0.000000	0.000000	0.000000	60.000000
10.912000	32.723279	0.000000	0.000000	0.000000	0.000000	60.000000
10.833000	32.736961	0.000000	0.000000	0.000000	0.000000	60.000000
10.754000	32.751840	0.000000	0.000000	0.000000	0.000000	60.000000
10.610000	32.779854	0.000000	0.000000	0.000000	0.000000	60.000000
10.531000	32.793606	0.000000	0.000000	0.000000	0.000000	60.000000
10.452000	32.807818	0.000000	0.000000	0.000000	0.000000	60.000000
10.373000	32.819161	0.000000	0.000000	0.000000	0.000000	60.000000
10.293000	32.834883	0.000000	0.000000	0.000000	0.000000	60.000000
10.215000	32.846217	0.000000	0.000000	0.000000	0.000000	60.000000
10.136000	32.855643	0.000000	0.000000	0.000000	0.000000	60.000000
10.040000	32.870104	0.000000	0.000000	0.000000	0.000000	60.000000
9.961000	32.878562	0.000000	0.000000	0.000000	0.000000	60.000000
9.882000	32.890685	0.000000	0.000000	0.000000	0.000000	60.000000
9.803000	32.901961	0.000000	0.000000	0.000000	0.000000	60.000000
9.724000	32.909636	0.000000	0.000000	0.000000	0.000000	60.000000
9.644000	32.924042	0.000000	0.000000	0.000000	0.000000	60.000000
9.566000	32.937301	0.000000	0.000000	0.000000	0.000000	60.000000
9.487000	32.949909	0.000000	0.000000	0.000000	0.000000	60.000000
9.409000	32.961721	0.000000	0.000000	0.000000	0.000000	60.000000
9.330000	32.974386	0.000000	0.000000	0.000000	0.000000	60.000000
9.251000	32.986505	0.000000	0.000000	0.000000	0.000000	60.000000
9.174000	32.997123	0.000000	0.000000	0.000000	0.000000	60.000000
9.009000	33.029891	0.000000	0.000000	0.000000	0.000000	60.000000
8.929000	33.040626	0.000000	0.000000	0.000000	0.000000	60.000000
8.851000	33.054127	0.000000	0.000000	0.000000	0.000000	60.000000
8.771000	33.063908	0.000000	0.000000	0.000000	0.000000	60.000000
8.692000	33.073817	0.000000	0.000000	0.000000	0.000000	60.000000
8.613000	33.083231	0.000000	0.000000	0.000000	0.000000	60.000000
8.531000	33.096187	0.000000	0.000000	0.000000	0.000000	60.000000
8.449000	33.108911	0.000000	0.000000	0.000000	0.000000	60.000000
8.370000	33.120372	0.000000	0.000000	0.000000	0.000000	60.000000
8.291000	33.134175	0.000000	0.000000	0.000000	0.000000	60.000000
8.212000	33.148269	0.000000	0.000000	0.000000	0.000000	60.000000
8.133000	33.157993	0.000000	0.000000	0.000000	0.000000	60.000000
8.035000	33.176776	0.000000	0.000000	0.000000	0.000000	60.000000
7.956000	33.186798	0.000000	0.000000	0.000000	0.000000	60.000000
7.874000	33.199518	0.000000	0.000000	0.000000	0.000000	60.000000
7.792000	33.218360	0.000000	0.000000	0.000000	0.000000	60.000000
7.712000	33.230417	0.000000	0.000000	0.000000	0.000000	60.000000
7.633000	33.245236	0.000000	0.000000	0.000000	0.000000	60.000000
7.552000	33.254536	0.000000	0.000000	0.000000	0.000000	60.000000
7.470000	33.264383	0.000000	0.000000	0.000000	0.000000	60.000000
7.391000	33.273254	0.000000	0.000000	0.000000	0.000000	60.000000
7.313000	33.286280	0.000000	0.000000	0.000000	0.000000	60.000000
7.232000	33.299421	0.000000	0.000000	0.000000	0.000000	60.000000
7.154000	33.312382	0.000000	0.000000	0.000000	0.000000	60.000000
7.053000	33.327798	0.000000	0.000000	0.000000	0.000000	60.000000
6.976000	33.343819	0.000000	0.000000	0.000000	0.000000	60.000000
6.895000	33.358042	0.000000	0.000000	0.000000	0.000000	60.000000
6.815000	33.369563	0.000000	0.000000	0.000000	0.000000	60.000000
6.734000	33.385519	0.000000	0.000000	0.000000	0.000000	60.000000
6.653000	33.397516	0.000000	0.000000	0.000000	0.000000	60.000000
6.574000	33.413066	0.000000	0.000000	0.000000	0.000000	60.000000
6.494000	33.425791	0.000000	0.000000	0.000000	0.000000	60.000000
6.416000	33.436048	0.000000	0.000000	0.000000	0.000000	60.000000
6.339000	33.448105	0.000000	0.000000	0.000000	0.000000	60.000000
6.260000	33.460341	0.000000	0.000000	0.000000	0.000000	60.000000
6.180000	33.474922	0.000000	0.000000	0.000000	0.000000	60.000000
6.101000	33.486139	0.000000	0.000000	0.000000	0.000000	60.000000
6.004000	33.508042	0.000000	0.000000	0.000000	0.000000	60.000000
5.926000	33.520584	0.000000	0.000000	0.000000	0.000000	60.000000
5.847000	33.539730	0.000000	0.000000	0.000000	0.000000	60.000000
5.768000	33.549990	0.000000	0.000000	0.000000	0.000000	60.000000
5.689000	33.563730	0.000000	0.000000	0.000000	0.000000	60.000000
5.609000	33.577292	0.000000	0.000000	0.000000	0.000000	60.000000
5.511000	33.593841	0.000000	0.000000	0.000000	0.000000	60.000000
5.430000	33.609031	0.000000	0.000000	0.000000	0.000000	60.000000
5.351000	33.622052	0.000000	0.000000	0.000000	0.000000	60.000000
5.274000	33.633932	0.000000	0.000000	0.000000	0.000000	60.000000
5.196000	33.647908	0.000000	0.000000	0.000000	0.000000	60.000000
5.116000	33.663090	0.000000	0.000000	0.000000	0.000000	60.000000
5.020000	33.675031	0.000000	0.000000	0.000000	0.000000	60.000000
4.943000	33.689558	0.000000	0.000000	0.000000	0.000000	60.000000
4.865000	33.703893	0.000000	0.000000	0.000000	0.000000	60.000000
4.788000	33.716675	0.000000	0.000000	0.000000	0.000000	60.000000
4.710000	33.727235	0.000000	0.000000	0.000000	0.000000	60.000000
4.632000	33.743313	0.000000	0.000000	0.000000	0.000000	60.000000
4.534000	33.763357	0.000000	0.000000	0.000000	0.000000	60.000000
4.456000	33.774218	0.000000	0.000000	0.000000	0.000000	60.000000
4.377000	33.785019	0.000000	0.000000	0.000000	0.000000	60.000000
4.299000	33.793957	0.000000	0.000000	0.000000	0.000000	60.000000
4.219000	33.810402	0.000000	0.000000	0.000000	0.000000	60.000000
4.141000	33.819525	0.000000	0.000000	0.000000	0.000000	60.000000
4.044000	33.836981	0.000000	0.000000	0.000000	0.000000	60.000000
3.964000	33.851861	0.000000	0.000000	0.000000	0.000000	60.000000
3.886000	33.867764	0.000000	0.000000	0.000000	0.000000	60.000000
3.809000	33.878744	0.000000	0.000000	0.000000	0.000000	60.000000
3.729000	33.888937	0.000000	0.000000	0.000000	0.000000	60.000000
3.651000	33.905741	0.000000	0.000000	0.000000	0.000000	60.000000
3.554000	33.922180	0.000000	0.000000	0.000000	0.000000	60.000000
3.407000	33.948524	0.000000	0.000000	0.000000	0.000000	60.000000
3.327000	33.959628	0.000000	0.000000	0.000000	0.000000	60.000000
3.246000	33.969049	0.000000	0.000000	0.000000	0.000000	60.000000
3.166000	33.991005	0.000000	0.000000	0.000000	0.000000	60.000000
3.066000	34.011651	0.000000	0.000000	0.000000	0.000000	60.000000
2.987000	34.026404	0.000000	0.000000	0.000000	0.000000	60.000000
2.909000	34.041232	0.000000	0.000000	0.000000	0.000000	60.000000
2.808000	34.066909	0.000000	0.000000	0.000000	0.000000	60.000000
2.728000	34.081729	0.000000	0.000000	0.000000	0.000000	60.000000
2.649000	34.097149	0.000000	0.000000	0.000000	0.000000	60.000000
2.550000	34.113171	0.000000	0.000000	0.000000	0.000000	60.000000
2.449000	34.131952	0.000000	0.000000	0.000000	0.000000	60.000000
2.370000	34.142327	0.000000	0.000000	0.000000	0.000000	60.000000
2.272000	34.159069	0.000000	0.000000	0.000000	0.000000	60.000000
2.192000	34.172453	0.000000	0.000000	0.000000	0.000000	60.000000
2.109000	34.185414	0.000000	0.000000	0.000000	0.000000	60.000000
2.013000	34.203957	0.000000	0.000000	0.000000	0.000000	60.000000
1.935000	34.217330	0.000000	0.000000	0.000000	0.000000	60.000000
1.840000	34.231912	0.000000	0.000000	0.000000	0.000000	60.000000
1.763000	34.245054	0.000000	0.000000	0.000000	0.000000	60.000000
1.669000	34.260777	0.000000	0.000000	0.000000	0.000000	60.000000
1.587000	34.274340	0.000000	0.000000	0.000000	0.000000	60.000000
1.508000	34.290244	0.000000	0.000000	0.000000	0.000000	60.000000
1.413000	34.308478	0.000000	0.000000	0.000000	0.000000	60.000000
1.322000	34.324499	0.000000	0.000000	0.000000	0.000000	60.000000
1.225000	34.343999	0.000000	0.000000	0.000000	0.000000	60.000000
1.129000	34.356418	0.000000	0.000000	0.000000	0.000000	60.000000
1.030000	34.369439	0.000000	0.000000	0.000000	0.000000	60.000000
0.934000	34.390024	0.000000	0.000000	0.000000	0.000000	60.000000
0.842000	34.407728	0.000000	0.000000	0.000000	0.000000	60.000000
0.748000	34.422780	0.000000	0.000000	0.000000	0.000000	60.000000
0.650000	34.439106	0.000000	0.000000	0.000000	0.000000	60.000000
0.555000	34.457405	0.000000	0.000000	0.000000	0.000000	60.000000
0.460000	34.474864	0.000000	0.000000	0.000000	0.000000	60.000000
0.363000	34.494425	0.000000	0.000000	0.000000	0.000000	60.000000
0.265000	34.513924	0.000000	0.000000	0.000000	0.000000	60.000000
0.169000	34.532588	0.000000	0.000000	0.000000	0.000000	60.000000
0.076000	34.546925	0.000000	0.000000	0.000000	0.000000	60.000000
