Zeit (s)	Istwert	P	I	D	Regelausgang	Sollwert
115.886000	59.873046	0.634772	0.000000	0.000000	0.634772	60.000000
115.787000	59.910529	0.447355	0.000000	0.000000	0.447355	60.000000
115.692000	59.951333	0.243337	0.000000	0.000000	0.243337	60.000000
115.591000	59.975714	0.121431	0.000000	0.000000	0.121431	60.000000
115.494000	60.012819	-0.064094	0.000000	0.000000	-0.064094	60.000000
115.399000	60.024143	-0.120714	0.000000	0.000000	-0.120714	60.000000
115.298000	60.051452	-0.257262	0.000000	0.000000	-0.257262	60.000000
115.199000	60.089418	-0.447088	0.000000	0.000000	-0.447088	60.000000
115.106000	60.113695	-0.568475	0.000000	0.000000	-0.568475	60.000000
115.007000	60.138032	-0.690158	0.000000	0.000000	-0.690158	60.000000
114.912000	60.161350	-0.806749	0.000000	0.000000	-0.806749	60.000000
114.816000	60.189679	-0.948395	0.000000	0.000000	-0.948395	60.000000
114.717000	60.211421	-1.057104	0.000000	0.000000	-1.057104	60.000000
114.622000	60.225838	-1.129188	0.000000	0.000000	-1.129188	60.000000
114.526000	60.229226	-1.146131	0.000000	0.000000	-1.146131	60.000000
114.432000	60.230557	-1.152783	0.000000	0.000000	-1.152783	60.000000
114.331000	60.233826	-1.169128	0.000000	-0.000000	-1.169128	60.000000
114.232000	60.231348	-1.156738	0.000000	-0.000000	-1.156738	60.000000
114.136000	60.229345	-1.146723	0.000000	-0.000000	-1.146723	60.000000
114.043000	60.218326	-1.091629	0.000000	-0.000000	-1.091629	60.000000
113.944000	60.204582	-1.022908	0.000000	-0.000000	-1.022908	60.000000
113.844000	60.194408	-0.972038	0.000000	-0.000000	-0.972038	60.000000
113.746000	60.173215	-0.866074	0.000000	-0.000000	-0.866074	60.000000
113.652000	60.159044	-0.795221	0.000000	-0.000000	-0.795221	60.000000
113.552000	60.130165	-0.650823	0.000000	-0.000000	-0.650823	60.000000
113.451000	60.093718	-0.468592	0.000000	-0.000000	-0.468592	60.000000
113.356000	60.062711	-0.313553	0.000000	-0.000000	-0.313553	60.000000
113.258000	60.017843	-0.089216	0.000000	-0.000000	-0.089216	60.000000
113.157000	59.980727	0.096367	0.000000	-0.000000	0.096367	60.000000
113.061000	59.928522	0.357392	0.000000	-0.000000	0.357392	60.000000
112.967000	59.882639	0.586803	0.000000	-0.000000	0.586803	60.000000
112.872000	59.833143	0.834284	0.000000	-0.000000	0.834284	60.000000
112.774000	59.779125	1.104375	0.000000	-0.000000	1.104375	60.000000
112.677000	59.734937	1.325317	0.000000	-0.000000	1.325317	60.000000
112.577000	59.698357	1.508214	0.000000	-0.000000	1.508214	60.000000
112.482000	59.662806	1.685968	0.000000	-0.000000	1.685968	60.000000
112.383000	59.629671	1.851646	0.000000	-0.000000	1.851646	60.000000
112.282000	59.601536	1.992320	0.000000	-0.000000	1.992320	60.000000
112.186000	59.582951	2.085247	0.000000	-0.000000	2.085247	60.000000
112.093000	59.560971	2.195145	0.000000	-0.000000	2.195145	60.000000
111.996000	59.538702	2.306491	0.000000	-0.000000	2.306491	60.000000
111.898000	59.518724	2.406378	0.000000	-0.000000	2.406378	60.000000
111.802000	59.502187	2.489066	0.000000	0.000000	2.489066	60.000000
111.704000	59.504298	2.478512	0.000000	0.000000	2.478512	60.000000
111.610000	59.512691	2.436545	0.000000	0.000000	2.436545	60.000000
111.513000	59.523374	2.383131	0.000000	0.000000	2.383131	60.000000
111.414000	59.533633	2.331837	0.000000	0.000000	2.331837	60.000000
111.318000	59.549024	2.254881	0.000000	0.000000	2.254881	60.000000
111.221000	59.567431	2.162846	0.000000	0.000000	2.162846	60.000000
111.120000	59.591572	2.042140	0.000000	0.000000	2.042140	60.000000
111.024000	59.619466	1.902672	0.000000	0.000000	1.902672	60.000000
110.929000	59.651759	1.741205	0.000000	0.000000	1.741205	60.000000
110.836000	59.682364	1.588180	0.000000	0.000000	1.588180	60.000000
110.740000	59.714045	1.429777	0.000000	0.000000	1.429777	60.000000
110.640000	59.754619	1.226905	0.000000	0.000000	1.226905	60.000000
110.544000	59.797651	1.011743	0.000000	0.000000	1.011743	60.000000
110.448000	59.838274	0.808630	0.000000	0.000000	0.808630	60.000000
110.352000	59.868823	0.655886	0.000000	0.000000	0.655886	60.000000
110.256000	59.902499	0.487506	0.000000	0.000000	0.487506	60.000000
110.157000	59.932191	0.339047	0.000000	0.000000	0.339047	60.000000
110.044000	59.966540	0.167301	0.000000	0.000000	0.167301	60.000000
109.947000	60.003067	-0.015336	0.000000	0.000000	-0.015336	60.000000
109.850000	60.034921	-0.174604	0.000000	0.000000	-0.174604	60.000000
109.756000	60.063074	-0.315370	0.000000	0.000000	-0.315370	60.000000
109.661000	60.092798	-0.463991	0.000000	0.000000	-0.463991	60.000000
109.563000	60.116841	-0.584207	0.000000	0.000000	-0.584207	60.000000
109.466000	60.139912	-0.699561	0.000000	0.000000	-0.699561	60.000000
109.372000	60.159836	-0.799182	0.000000	0.000000	-0.799182	60.000000
109.211000	60.194289	-0.971446	0.000000	0.000000	-0.971446	60.000000
109.112000	60.211783	-1.058913	0.000000	0.000000	-1.058913	60.000000
109.015000	60.229768	-1.148842	0.000000	0.000000	-1.148842	60.000000
108.917000	60.248058	-1.240291	0.000000	0.000000	-1.240291	60.000000
108.823000	60.259746	-1.298728	0.000000	0.000000	-1.298728	60.000000
108.725000	60.270454	-1.352268	0.000000	0.000000	-1.352268	60.000000
108.627000	60.276635	-1.383175	0.000000	0.000000	-1.383175	60.000000
108.527000	60.280516	-1.402580	0.000000	-0.000000	-1.402580	60.000000
108.432000	60.280392	-1.401961	0.000000	-0.000000	-1.401961	60.000000
108.335000	60.276638	-1.383188	0.000000	-0.000000	-1.383188	60.000000
108.236000	60.266645	-1.333226	0.000000	-0.000000	-1.333226	60.000000
108.138000	60.254716	-1.273578	0.000000	-0.000000	-1.273578	60.000000
108.047000	60.243694	-1.218471	0.000000	-0.000000	-1.218471	60.000000
107.950000	60.224136	-1.120679	0.000000	-0.000000	-1.120679	60.000000
107.854000	60.202157	-1.010787	0.000000	-0.000000	-1.010787	60.000000
107.757000	60.170797	-0.853987	0.000000	-0.000000	-0.853987	60.000000
107.661000	60.132228	-0.661141	0.000000	-0.000000	-0.661141	60.000000
107.565000	60.094803	-0.474013	0.000000	-0.000000	-0.474013	60.000000
107.469000	60.057020	-0.285102	0.000000	-0.000000	-0.285102	60.000000
107.371000	60.014274	-0.071371	0.000000	-0.000000	-0.071371	60.000000
107.272000	59.965391	0.173047	0.000000	-0.000000	0.173047	60.000000
107.172000	59.919515	0.402424	0.000000	-0.000000	0.402424	60.000000
107.074000	59.863932	0.680340	0.000000	-0.000000	0.680340	60.000000
106.978000	59.799399	1.003006	0.000000	-0.000000	1.003006	60.000000
106.876000	59.735785	1.321073	0.000000	-0.000000	1.321073	60.000000
106.779000	59.685444	1.572778	0.000000	-0.000000	1.572778	60.000000
106.681000	59.646689	1.766557	0.000000	-0.000000	1.766557	60.000000
106.580000	59.616816	1.915922	0.000000	-0.000000	1.915922	60.000000
106.482000	59.593026	2.034871	0.000000	-0.000000	2.034871	60.000000
106.386000	59.566822	2.165890	0.000000	-0.000000	2.165890	60.000000
106.226000	59.533393	2.333037	0.000000	-0.000000	2.333037	60.000000
106.133000	59.518298	2.408510	0.000000	-0.000000	2.408510	60.000000
106.037000	59.507983	2.460086	0.000000	-0.000000	2.460086	60.000000
105.944000	59.491201	2.543995	0.000000	-0.000000	2.543995	60.000000
105.848000	59.485040	2.574798	0.000000	0.000000	2.574798	60.000000
105.750000	59.486369	2.568154	0.000000	0.000000	2.568154	60.000000
105.648000	59.488363	2.558183	0.000000	-0.000000	2.558183	60.000000
105.555000	59.483235	2.583824	0.000000	0.000000	2.583824	60.000000
105.462000	59.491735	2.541326	0.000000	0.000000	2.541326	60.000000
105.359000	59.511658	2.441708	0.000000	0.000000	2.441708	60.000000
105.262000	59.541963	2.290184	0.000000	0.000000	2.290184	60.000000
105.163000	59.578172	2.109138	0.000000	0.000000	2.109138	60.000000
105.061000	59.608111	1.959445	0.000000	0.000000	1.959445	60.000000
104.966000	59.647958	1.760208	0.000000	0.000000	1.760208	60.000000
104.869000	59.689667	1.551663	0.000000	0.000000	1.551663	60.000000
104.772000	59.734026	1.329870	0.000000	0.000000	1.329870	60.000000
104.674000	59.770549	1.147254	0.000000	0.000000	1.147254	60.000000
104.575000	59.807248	0.963761	0.000000	0.000000	0.963761	60.000000
104.479000	59.852400	0.737998	0.000000	0.000000	0.737998	60.000000
104.383000	59.897128	0.514360	0.000000	0.000000	0.514360	60.000000
104.282000	59.943184	0.284078	0.000000	0.000000	0.284078	60.000000
104.186000	59.976383	0.118085	0.000000	0.000000	0.118085	60.000000
104.089000	60.012091	-0.060455	0.000000	0.000000	-0.060455	60.000000
103.993000	60.047999	-0.239996	0.000000	0.000000	-0.239996	60.000000
103.897000	60.079365	-0.396823	0.000000	0.000000	-0.396823	60.000000
103.800000	60.112665	-0.563323	0.000000	0.000000	-0.563323	60.000000
103.699000	60.141365	-0.706825	0.000000	0.000000	-0.706825	60.000000
103.601000	60.174908	-0.874542	0.000000	0.000000	-0.874542	60.000000
103.502000	60.200955	-1.004774	0.000000	0.000000	-1.004774	60.000000
103.407000	60.219296	-1.096479	0.000000	0.000000	-1.096479	60.000000
103.309000	60.237762	-1.188809	0.000000	0.000000	-1.188809	60.000000
103.216000	60.257740	-1.288699	0.000000	0.000000	-1.288699	60.000000
103.122000	60.277601	-1.388004	0.000000	0.000000	-1.388004	60.000000
103.026000	60.291169	-1.455844	0.000000	0.000000	-1.455844	60.000000
102.929000	60.299040	-1.495199	0.000000	0.000000	-1.495199	60.000000
102.833000	60.303094	-1.515471	0.000000	-0.000000	-1.515471	60.000000
102.738000	60.299591	-1.497957	0.000000	-0.000000	-1.497957	60.000000
102.646000	60.298613	-1.493067	0.000000	-0.000000	-1.493067	60.000000
102.549000	60.297038	-1.485190	0.000000	-0.000000	-1.485190	60.000000
102.451000	60.293773	-1.468866	0.000000	-0.000000	-1.468866	60.000000
102.354000	60.283539	-1.417693	0.000000	-0.000000	-1.417693	60.000000
102.257000	60.266462	-1.332311	0.000000	-0.000000	-1.332311	60.000000
102.166000	60.246300	-1.231500	0.000000	-0.000000	-1.231500	60.000000
102.069000	60.225952	-1.129760	0.000000	-0.000000	-1.129760	60.000000
101.973000	60.200767	-1.003833	0.000000	-0.000000	-1.003833	60.000000
101.875000	60.170487	-0.852433	0.000000	-0.000000	-0.852433	60.000000
101.778000	60.131498	-0.657489	0.000000	-0.000000	-0.657489	60.000000
101.682000	60.094082	-0.470408	0.000000	-0.000000	-0.470408	60.000000
101.585000	60.055386	-0.276930	0.000000	-0.000000	-0.276930	60.000000
101.489000	60.019724	-0.098619	0.000000	-0.000000	-0.098619	60.000000
101.393000	59.972878	0.135612	0.000000	-0.000000	0.135612	60.000000
101.300000	59.920001	0.399997	0.000000	-0.000000	0.399997	60.000000
101.204000	59.859580	0.702098	0.000000	-0.000000	0.702098	60.000000
101.107000	59.802479	0.987604	0.000000	-0.000000	0.987604	60.000000
101.010000	59.742357	1.288217	0.000000	-0.000000	1.288217	60.000000
100.916000	59.690991	1.545045	0.000000	-0.000000	1.545045	60.000000
100.817000	59.661897	1.690514	0.000000	-0.000000	1.690514	60.000000
100.719000	59.619826	1.900869	0.000000	-0.000000	1.900869	60.000000
100.623000	59.594470	2.027650	0.000000	-0.000000	2.027650	60.000000
100.525000	59.571057	2.144715	0.000000	-0.000000	2.144715	60.000000
100.427000	59.536162	2.319191	0.000000	-0.000000	2.319191	60.000000
100.334000	59.515340	2.423302	0.000000	-0.000000	2.423302	60.000000
100.241000	59.503272	2.483642	0.000000	-0.000000	2.483642	60.000000
100.141000	59.498435	2.507827	0.000000	-0.000000	2.507827	60.000000
100.026000	59.491680	2.541601	0.000000	-0.000000	2.541601	60.000000
99.929000	59.491017	2.544913	0.000000	0.000000	2.544913	60.000000
99.832000	59.492943	2.535285	0.000000	0.000000	2.535285	60.000000
99.736000	59.498740	2.506298	0.000000	0.000000	2.506298	60.000000
99.643000	59.498983	2.505085	0.000000	0.000000	2.505085	60.000000
99.546000	59.518000	2.409999	0.000000	0.000000	2.409999	60.000000
99.447000	59.544974	2.275131	0.000000	0.000000	2.275131	60.000000
99.345000	59.573410	2.132948	0.000000	0.000000	2.132948	60.000000
99.250000	59.599477	2.002613	0.000000	0.000000	2.002613	60.000000
99.151000	59.637506	1.812468	0.000000	0.000000	1.812468	60.000000
99.054000	59.677594	1.612030	0.000000	0.000000	1.612030	60.000000
98.958000	59.717494	1.412531	0.000000	0.000000	1.412531	60.000000
98.866000	59.762219	1.188907	0.000000	0.000000	1.188907	60.000000
98.768000	59.800063	0.999687	0.000000	0.000000	0.999687	60.000000
98.671000	59.837433	0.812834	0.000000	0.000000	0.812834	60.000000
98.573000	59.866225	0.668874	0.000000	0.000000	0.668874	60.000000
98.477000	59.897612	0.511940	0.000000	0.000000	0.511940	60.000000
98.379000	59.928573	0.357137	0.000000	0.000000	0.357137	60.000000
98.282000	59.955853	0.220734	0.000000	0.000000	0.220734	60.000000
98.187000	59.994122	0.029389	0.000000	0.000000	0.029389	60.000000
98.090000	60.027470	-0.137348	0.000000	0.000000	-0.137348	60.000000
97.996000	60.061984	-0.309921	0.000000	0.000000	-0.309921	60.000000
97.901000	60.102006	-0.510031	0.000000	0.000000	-0.510031	60.000000
97.804000	60.133252	-0.666260	0.000000	0.000000	-0.666260	60.000000
97.707000	60.164860	-0.824298	0.000000	0.000000	-0.824298	60.000000
97.614000	60.187387	-0.936934	0.000000	0.000000	-0.936934	60.000000
97.519000	60.206213	-1.031067	0.000000	0.000000	-1.031067	60.000000
97.427000	60.224741	-1.123706	0.000000	0.000000	-1.123706	60.000000
97.336000	60.238971	-1.194855	0.000000	0.000000	-1.194855	60.000000
97.238000	60.247088	-1.235441	0.000000	0.000000	-1.235441	60.000000
97.141000	60.255921	-1.279605	0.000000	0.000000	-1.279605	60.000000
97.047000	60.260589	-1.302945	0.000000	0.000000	-1.302945	60.000000
96.950000	60.265433	-1.327166	0.000000	0.000000	-1.327166	60.000000
96.853000	60.266527	-1.332634	0.000000	0.000000	-1.332634	60.000000
96.756000	60.267857	-1.339286	0.000000	-0.000000	-1.339286	60.000000
96.659000	60.255134	-1.275670	0.000000	-0.000000	-1.275670	60.000000
96.563000	60.239948	-1.199739	0.000000	-0.000000	-1.199739	60.000000
96.466000	60.224266	-1.121332	0.000000	-0.000000	-1.121332	60.000000
96.372000	60.203792	-1.018960	0.000000	-0.000000	-1.018960	60.000000
96.273000	60.176973	-0.884867	0.000000	-0.000000	-0.884867	60.000000
96.179000	60.140519	-0.702595	0.000000	-0.000000	-0.702595	60.000000
96.084000	60.102795	-0.513973	0.000000	-0.000000	-0.513973	60.000000
95.983000	60.058656	-0.293281	0.000000	-0.000000	-0.293281	60.000000
95.886000	60.013551	-0.067753	0.000000	-0.000000	-0.067753	60.000000
95.789000	59.965995	0.170023	0.000000	-0.000000	0.170023	60.000000
95.692000	59.913367	0.433167	0.000000	-0.000000	0.433167	60.000000
95.599000	59.869727	0.651367	0.000000	-0.000000	0.651367	60.000000
95.501000	59.835380	0.823100	0.000000	-0.000000	0.823100	60.000000
95.403000	59.793428	1.032858	0.000000	-0.000000	1.032858	60.000000
95.306000	59.748098	1.259512	0.000000	-0.000000	1.259512	60.000000
95.205000	59.711758	1.441209	0.000000	-0.000000	1.441209	60.000000
95.108000	59.680007	1.599967	0.000000	-0.000000	1.599967	60.000000
95.011000	59.644273	1.778633	0.000000	-0.000000	1.778633	60.000000
94.917000	59.608787	1.956066	0.000000	-0.000000	1.956066	60.000000
94.819000	59.586323	2.068384	0.000000	-0.000000	2.068384	60.000000
94.720000	59.565202	2.173990	0.000000	-0.000000	2.173990	60.000000
94.625000	59.540507	2.297466	0.000000	-0.000000	2.297466	60.000000
94.529000	59.528922	2.355392	0.000000	-0.000000	2.355392	60.000000
94.431000	59.522770	2.386148	0.000000	0.000000	2.386148	60.000000
94.334000	59.528743	2.356284	0.000000	0.000000	2.356284	60.000000
94.244000	59.535259	2.323703	0.000000	0.000000	2.323703	60.000000
94.145000	59.546670	2.266649	0.000000	0.000000	2.266649	60.000000
94.045000	59.559044	2.204780	0.000000	0.000000	2.204780	60.000000
93.950000	59.574978	2.125110	0.000000	0.000000	2.125110	60.000000
93.857000	59.589826	2.050870	0.000000	0.000000	2.050870	60.000000
93.764000	59.606549	1.967256	0.000000	0.000000	1.967256	60.000000
93.670000	59.636848	1.815760	0.000000	0.000000	1.815760	60.000000
93.573000	59.670170	1.649150	0.000000	0.000000	1.649150	60.000000
93.477000	59.705479	1.472603	0.000000	0.000000	1.472603	60.000000
93.379000	59.743079	1.284603	0.000000	0.000000	1.284603	60.000000
93.285000	59.778692	1.106541	0.000000	0.000000	1.106541	60.000000
93.194000	59.820104	0.899478	0.000000	0.000000	0.899478	60.000000
93.101000	59.852581	0.737093	0.000000	0.000000	0.737093	60.000000
93.001000	59.890246	0.548771	0.000000	0.000000	0.548771	60.000000
92.904000	59.928092	0.359538	0.000000	0.000000	0.359538	60.000000
92.809000	59.964732	0.176339	0.000000	0.000000	0.176339	60.000000
92.716000	59.990441	0.047794	0.000000	0.000000	0.047794	60.000000
92.620000	60.021478	-0.107390	0.000000	0.000000	-0.107390	60.000000
92.522000	60.051995	-0.259973	0.000000	0.000000	-0.259973	60.000000
92.428000	60.080269	-0.401343	0.000000	0.000000	-0.401343	60.000000
92.334000	60.110185	-0.550926	0.000000	0.000000	-0.550926	60.000000
92.238000	60.141181	-0.705904	0.000000	0.000000	-0.705904	60.000000
92.145000	60.166611	-0.833055	0.000000	0.000000	-0.833055	60.000000
92.050000	60.188412	-0.942059	0.000000	0.000000	-0.942059	60.000000
91.955000	60.207670	-1.038351	0.000000	0.000000	-1.038351	60.000000
91.857000	60.226985	-1.134925	0.000000	0.000000	-1.134925	60.000000
91.763000	60.242361	-1.211805	0.000000	0.000000	-1.211805	60.000000
91.605000	60.252657	-1.263287	0.000000	-0.000000	-1.263287	60.000000
91.512000	60.244304	-1.221518	0.000000	0.000000	-1.221518	60.000000
91.416000	60.261198	-1.305992	0.000000	0.000000	-1.305992	60.000000
91.320000	60.268705	-1.343524	0.000000	-0.000000	-1.343524	60.000000
91.227000	60.268401	-1.342004	0.000000	-0.000000	-1.342004	60.000000
91.130000	60.257320	-1.286600	0.000000	-0.000000	-1.286600	60.000000
91.035000	60.238913	-1.194566	0.000000	-0.000000	-1.194566	60.000000
90.940000	60.215966	-1.079831	0.000000	-0.000000	-1.079831	60.000000
90.844000	60.192953	-0.964767	0.000000	-0.000000	-0.964767	60.000000
90.751000	60.170185	-0.850927	0.000000	-0.000000	-0.850927	60.000000
90.655000	60.145308	-0.726540	0.000000	-0.000000	-0.726540	60.000000
90.559000	60.110001	-0.550005	0.000000	-0.000000	-0.550005	60.000000
90.467000	60.068221	-0.341104	0.000000	-0.000000	-0.341104	60.000000
90.372000	60.019057	-0.095283	0.000000	-0.000000	-0.095283	60.000000
90.274000	59.973119	0.134405	0.000000	-0.000000	0.134405	60.000000
90.175000	59.923565	0.382175	0.000000	-0.000000	0.382175	60.000000
90.067000	59.874430	0.627852	0.000000	-0.000000	0.627852	60.000000
89.972000	59.827232	0.863840	0.000000	-0.000000	0.863840	60.000000
89.877000	59.782862	1.085688	0.000000	-0.000000	1.085688	60.000000
89.783000	59.733794	1.331030	0.000000	-0.000000	1.331030	60.000000
89.690000	59.686107	1.569466	0.000000	-0.000000	1.569466	60.000000
89.597000	59.643729	1.781356	0.000000	-0.000000	1.781356	60.000000
89.502000	59.609806	1.950970	0.000000	-0.000000	1.950970	60.000000
89.404000	59.579749	2.101253	0.000000	-0.000000	2.101253	60.000000
89.311000	59.554696	2.226519	0.000000	-0.000000	2.226519	60.000000
89.213000	59.537189	2.314055	0.000000	-0.000000	2.314055	60.000000
89.117000	59.521740	2.391298	0.000000	-0.000000	2.391298	60.000000
89.027000	59.511966	2.440172	0.000000	-0.000000	2.440172	60.000000
88.936000	59.506953	2.465236	0.000000	-0.000000	2.465236	60.000000
88.843000	59.503749	2.481255	0.000000	0.000000	2.481255	60.000000
88.748000	59.511484	2.442579	0.000000	0.000000	2.442579	60.000000
88.649000	59.521315	2.393424	0.000000	0.000000	2.393424	60.000000
88.556000	59.533814	2.330931	0.000000	0.000000	2.330931	60.000000
88.462000	59.549870	2.250650	0.000000	0.000000	2.250650	60.000000
88.367000	59.570632	2.146841	0.000000	0.000000	2.146841	60.000000
88.278000	59.591820	2.040899	0.000000	0.000000	2.040899	60.000000
88.186000	59.613128	1.934361	0.000000	0.000000	1.934361	60.000000
88.093000	59.636786	1.816068	0.000000	0.000000	1.816068	60.000000
87.992000	59.661351	1.693243	0.000000	0.000000	1.693243	60.000000
87.896000	59.693649	1.531756	0.000000	0.000000	1.531756	60.000000
87.801000	59.728717	1.356416	0.000000	0.000000	1.356416	60.000000
87.708000	59.768615	1.156923	0.000000	0.000000	1.156923	60.000000
87.615000	59.813405	0.932977	0.000000	0.000000	0.932977	60.000000
87.523000	59.858804	0.705981	0.000000	0.000000	0.705981	60.000000
87.430000	59.896947	0.515265	0.000000	0.000000	0.515265	60.000000
87.332000	59.934607	0.326964	0.000000	0.000000	0.326964	60.000000
87.233000	59.965155	0.174227	0.000000	0.000000	0.174227	60.000000
87.138000	60.007794	-0.038971	0.000000	0.000000	-0.038971	60.000000
87.046000	60.051023	-0.255117	0.000000	0.000000	-0.255117	60.000000
86.956000	60.081116	-0.405581	0.000000	0.000000	-0.405581	60.000000
86.860000	60.100856	-0.504281	0.000000	0.000000	-0.504281	60.000000
86.766000	60.116422	-0.582109	0.000000	0.000000	-0.582109	60.000000
86.669000	60.141362	-0.706812	0.000000	0.000000	-0.706812	60.000000
86.576000	60.163524	-0.817619	0.000000	0.000000	-0.817619	60.000000
86.479000	60.184721	-0.923603	0.000000	0.000000	-0.923603	60.000000
86.386000	60.207489	-1.037443	0.000000	0.000000	-1.037443	60.000000
86.291000	60.231469	-1.157344	0.000000	0.000000	-1.157344	60.000000
86.195000	60.248121	-1.240607	0.000000	0.000000	-1.240607	60.000000
86.098000	60.257021	-1.285107	0.000000	0.000000	-1.285107	60.000000
86.003000	60.266640	-1.333199	0.000000	0.000000	-1.333199	60.000000
85.908000	60.271732	-1.358658	0.000000	-0.000000	-1.358658	60.000000
85.817000	60.271070	-1.355348	0.000000	0.000000	-1.355348	60.000000
85.725000	60.273970	-1.369850	0.000000	0.000000	-1.369850	60.000000
85.632000	60.274575	-1.372877	0.000000	-0.000000	-1.372877	60.000000
85.536000	60.269605	-1.348024	0.000000	-0.000000	-1.348024	60.000000
85.442000	60.255807	-1.279033	0.000000	-0.000000	-1.279033	60.000000
85.349000	60.234556	-1.172780	0.000000	-0.000000	-1.172780	60.000000
85.252000	60.209914	-1.049570	0.000000	-0.000000	-1.049570	60.000000
85.160000	60.183810	-0.919049	0.000000	-0.000000	-0.919049	60.000000
85.067000	60.152323	-0.761617	0.000000	-0.000000	-0.761617	60.000000
84.976000	60.119632	-0.598158	0.000000	-0.000000	-0.598158	60.000000
84.881000	60.071128	-0.355639	0.000000	-0.000000	-0.355639	60.000000
84.784000	60.024447	-0.122235	0.000000	-0.000000	-0.122235	60.000000
84.690000	59.977709	0.111453	0.000000	-0.000000	0.111453	60.000000
84.595000	59.935699	0.321506	0.000000	-0.000000	0.321506	60.000000
84.499000	59.906786	0.466070	0.000000	-0.000000	0.466070	60.000000
84.405000	59.871174	0.644132	0.000000	-0.000000	0.644132	60.000000
84.317000	59.830733	0.846333	0.000000	-0.000000	0.846333	60.000000
84.227000	59.784194	1.079029	0.000000	-0.000000	1.079029	60.000000
84.129000	59.741272	1.293642	0.000000	-0.000000	1.293642	60.000000
84.032000	59.699804	1.500979	0.000000	-0.000000	1.500979	60.000000
83.938000	59.665942	1.670291	0.000000	-0.000000	1.670291	60.000000
83.843000	59.626888	1.865559	0.000000	-0.000000	1.865559	60.000000
83.746000	59.604438	1.977810	0.000000	-0.000000	1.977810	60.000000
83.655000	59.583248	2.083759	0.000000	-0.000000	2.083759	60.000000
83.561000	59.556383	2.218083	0.000000	-0.000000	2.218083	60.000000
83.471000	59.540752	2.296239	0.000000	-0.000000	2.296239	60.000000
83.377000	59.523552	2.382239	0.000000	-0.000000	2.382239	60.000000
83.283000	59.509542	2.452288	0.000000	-0.000000	2.452288	60.000000
83.190000	59.494460	2.527701	0.000000	-0.000000	2.527701	60.000000
83.097000	59.485585	2.572076	0.000000	-0.000000	2.572076	60.000000
83.002000	59.484320	2.578399	0.000000	0.000000	2.578399	60.000000
82.908000	59.487512	2.562441	0.000000	0.000000	2.562441	60.000000
82.813000	59.496333	2.518334	0.000000	0.000000	2.518334	60.000000
82.722000	59.506711	2.466443	0.000000	0.000000	2.466443	60.000000
82.627000	59.527772	2.361138	0.000000	0.000000	2.361138	60.000000
82.531000	59.558316	2.208421	0.000000	0.000000	2.208421	60.000000
82.435000	59.596711	2.016446	0.000000	0.000000	2.016446	60.000000
82.341000	59.638422	1.807888	0.000000	0.000000	1.807888	60.000000
82.250000	59.677713	1.611433	0.000000	0.000000	1.611433	60.000000
82.156000	59.721239	1.393804	0.000000	0.000000	1.393804	60.000000
82.060000	59.758292	1.208540	0.000000	0.000000	1.208540	60.000000
81.966000	59.791131	1.044344	0.000000	0.000000	1.044344	60.000000
81.871000	59.831150	0.844248	0.000000	0.000000	0.844248	60.000000
81.776000	59.871235	0.643824	0.000000	0.000000	0.643824	60.000000
81.678000	59.912098	0.439510	0.000000	0.000000	0.439510	60.000000
81.586000	59.947765	0.261173	0.000000	0.000000	0.261173	60.000000
81.494000	59.981632	0.091841	0.000000	0.000000	0.091841	60.000000
81.402000	60.014094	-0.070470	0.000000	0.000000	-0.070470	60.000000
81.303000	60.048602	-0.243010	0.000000	0.000000	-0.243010	60.000000
81.210000	60.076642	-0.383210	0.000000	0.000000	-0.383210	60.000000
81.114000	60.099471	-0.497353	0.000000	0.000000	-0.497353	60.000000
81.018000	60.121807	-0.609034	0.000000	0.000000	-0.609034	60.000000
80.923000	60.144158	-0.720789	0.000000	0.000000	-0.720789	60.000000
80.828000	60.167826	-0.839129	0.000000	0.000000	-0.839129	60.000000
80.734000	60.189504	-0.947521	0.000000	0.000000	-0.947521	60.000000
80.640000	60.209001	-1.045003	0.000000	0.000000	-1.045003	60.000000
80.546000	60.214265	-1.071323	0.000000	0.000000	-1.071323	60.000000
80.381000	60.231954	-1.159772	0.000000	0.000000	-1.159772	60.000000
80.284000	60.248059	-1.240297	0.000000	0.000000	-1.240297	60.000000
80.187000	60.263795	-1.318973	0.000000	0.000000	-1.318973	60.000000
80.069000	60.269061	-1.345306	0.000000	-0.000000	-1.345306	60.000000
79.974000	60.259984	-1.299918	0.000000	-0.000000	-1.299918	60.000000
79.881000	60.238853	-1.194264	0.000000	-0.000000	-1.194264	60.000000
79.788000	60.221536	-1.107678	0.000000	-0.000000	-1.107678	60.000000
79.696000	60.212879	-1.064395	0.000000	-0.000000	-1.064395	60.000000
79.604000	60.205794	-1.028968	0.000000	-0.000000	-1.028968	60.000000
79.510000	60.187446	-0.937230	0.000000	-0.000000	-0.937230	60.000000
79.412000	60.166560	-0.832800	0.000000	-0.000000	-0.832800	60.000000
79.314000	60.139125	-0.695626	0.000000	-0.000000	-0.695626	60.000000
79.219000	60.109885	-0.549427	0.000000	-0.000000	-0.549427	60.000000
79.126000	60.072035	-0.360173	0.000000	-0.000000	-0.360173	60.000000
79.029000	60.025350	-0.126748	0.000000	-0.000000	-0.126748	60.000000
78.935000	59.991105	0.044475	0.000000	-0.000000	0.044475	60.000000
78.842000	59.956522	0.217388	0.000000	-0.000000	0.217388	60.000000
78.747000	59.910105	0.449474	0.000000	-0.000000	0.449474	60.000000
78.654000	59.869908	0.650462	0.000000	-0.000000	0.650462	60.000000
78.560000	59.824814	0.875930	0.000000	-0.000000	0.875930	60.000000
78.468000	59.776342	1.118288	0.000000	-0.000000	1.118288	60.000000
78.377000	59.729385	1.353076	0.000000	-0.000000	1.353076	60.000000
78.284000	59.686340	1.568299	0.000000	-0.000000	1.568299	60.000000
78.191000	59.651944	1.740280	0.000000	-0.000000	1.740280	60.000000
78.097000	59.620309	1.898455	0.000000	-0.000000	1.898455	60.000000
78.003000	59.593393	2.033034	0.000000	-0.000000	2.033034	60.000000
77.907000	59.565622	2.171892	0.000000	-0.000000	2.171892	60.000000
77.810000	59.534109	2.329456	0.000000	-0.000000	2.329456	60.000000
77.717000	59.519086	2.404568	0.000000	-0.000000	2.404568	60.000000
77.625000	59.509550	2.452248	0.000000	-0.000000	2.452248	60.000000
77.532000	59.499949	2.500257	0.000000	-0.000000	2.500257	60.000000
77.437000	59.484131	2.579345	0.000000	-0.000000	2.579345	60.000000
77.342000	59.478999	2.605005	0.000000	-0.000000	2.605005	60.000000
77.251000	59.476286	2.618570	0.000000	0.000000	2.618570	60.000000
77.153000	59.479731	2.601344	0.000000	0.000000	2.601344	60.000000
77.059000	59.491617	2.541916	0.000000	0.000000	2.541916	60.000000
76.967000	59.504055	2.479726	0.000000	0.000000	2.479726	60.000000
76.874000	59.520411	2.397943	0.000000	0.000000	2.397943	60.000000
76.780000	59.553123	2.234384	0.000000	0.000000	2.234384	60.000000
76.684000	59.587537	2.062316	0.000000	0.000000	2.062316	60.000000
76.590000	59.630327	1.848367	0.000000	0.000000	1.848367	60.000000
76.496000	59.674758	1.626211	0.000000	0.000000	1.626211	60.000000
76.402000	59.725336	1.373319	0.000000	0.000000	1.373319	60.000000
76.305000	59.775194	1.124028	0.000000	0.000000	1.124028	60.000000
76.209000	59.819196	0.904018	0.000000	0.000000	0.904018	60.000000
76.114000	59.857529	0.712357	0.000000	0.000000	0.712357	60.000000
76.017000	59.896221	0.518893	0.000000	0.000000	0.518893	60.000000
75.920000	59.937634	0.311831	0.000000	0.000000	0.311831	60.000000
75.826000	59.971004	0.144979	0.000000	0.000000	0.144979	60.000000
75.730000	59.999375	0.003125	0.000000	0.000000	0.003125	60.000000
75.636000	60.022931	-0.114654	0.000000	0.000000	-0.114654	60.000000
75.542000	60.053751	-0.268757	0.000000	0.000000	-0.268757	60.000000
75.447000	60.086088	-0.430441	0.000000	0.000000	-0.430441	60.000000
75.354000	60.109098	-0.545492	0.000000	0.000000	-0.545492	60.000000
75.258000	60.132105	-0.660523	0.000000	0.000000	-0.660523	60.000000
75.165000	60.146995	-0.734974	0.000000	0.000000	-0.734974	60.000000
75.077000	60.158384	-0.791918	0.000000	0.000000	-0.791918	60.000000
74.985000	60.168797	-0.843985	0.000000	0.000000	-0.843985	60.000000
74.894000	60.189565	-0.947824	0.000000	0.000000	-0.947824	60.000000
74.798000	60.201552	-1.007761	0.000000	0.000000	-1.007761	60.000000
74.701000	60.211060	-1.055301	0.000000	0.000000	-1.055301	60.000000
74.611000	60.219660	-1.098301	0.000000	0.000000	-1.098301	60.000000
74.519000	60.227772	-1.138860	0.000000	0.000000	-1.138860	60.000000
74.425000	60.233340	-1.166700	0.000000	0.000000	-1.166700	60.000000
74.330000	60.253750	-1.268749	0.000000	-0.000000	-1.268749	60.000000
74.237000	60.249141	-1.245705	0.000000	-0.000000	-1.245705	60.000000
74.145000	60.231163	-1.155817	0.000000	-0.000000	-1.155817	60.000000
74.048000	60.211118	-1.055590	0.000000	-0.000000	-1.055590	60.000000
73.954000	60.189378	-0.946889	0.000000	-0.000000	-0.946889	60.000000
73.858000	60.168493	-0.842465	0.000000	-0.000000	-0.842465	60.000000
73.765000	60.141848	-0.709240	0.000000	-0.000000	-0.709240	60.000000
73.669000	60.115628	-0.578140	0.000000	-0.000000	-0.578140	60.000000
73.575000	60.093958	-0.469789	0.000000	-0.000000	-0.469789	60.000000
73.485000	60.062222	-0.311112	0.000000	-0.000000	-0.311112	60.000000
73.395000	60.021965	-0.109825	0.000000	-0.000000	-0.109825	60.000000
73.301000	59.975718	0.121410	0.000000	-0.000000	0.121410	60.000000
73.206000	59.930203	0.348984	0.000000	-0.000000	0.348984	60.000000
73.112000	59.882161	0.589197	0.000000	-0.000000	0.589197	60.000000
73.018000	59.834955	0.825225	0.000000	-0.000000	0.825225	60.000000
72.925000	59.788052	1.059739	0.000000	-0.000000	1.059739	60.000000
72.828000	59.739949	1.300253	0.000000	-0.000000	1.300253	60.000000
72.733000	59.694075	1.529623	0.000000	-0.000000	1.529623	60.000000
72.639000	59.642825	1.785875	0.000000	-0.000000	1.785875	60.000000
72.545000	59.595626	2.021870	0.000000	-0.000000	2.021870	60.000000
72.450000	59.558380	2.208099	0.000000	-0.000000	2.208099	60.000000
72.357000	59.533332	2.333339	0.000000	-0.000000	2.333339	60.000000
72.264000	59.514017	2.429913	0.000000	-0.000000	2.429913	60.000000
72.172000	59.506646	2.466771	0.000000	-0.000000	2.466771	60.000000
72.077000	59.501819	2.490903	0.000000	-0.000000	2.490903	60.000000
71.986000	59.495067	2.524664	0.000000	-0.000000	2.524664	60.000000
71.894000	59.490230	2.548849	0.000000	-0.000000	2.548849	60.000000
71.801000	59.487881	2.560597	0.000000	-0.000000	2.560597	60.000000
71.706000	59.485583	2.572083	0.000000	0.000000	2.572083	60.000000
71.610000	59.489749	2.551257	0.000000	0.000000	2.551257	60.000000
71.509000	59.500977	2.495114	0.000000	0.000000	2.495114	60.000000
71.415000	59.515885	2.420573	0.000000	0.000000	2.420573	60.000000
71.320000	59.536288	2.318560	0.000000	0.000000	2.318560	60.000000
71.225000	59.570814	2.145929	0.000000	0.000000	2.145929	60.000000
71.132000	59.611375	1.943125	0.000000	0.000000	1.943125	60.000000
71.039000	59.654774	1.726132	0.000000	0.000000	1.726132	60.000000
70.944000	59.700654	1.496728	0.000000	0.000000	1.496728	60.000000
70.851000	59.746039	1.269805	0.000000	0.000000	1.269805	60.000000
70.756000	59.786246	1.068770	0.000000	0.000000	1.068770	60.000000
70.666000	59.822886	0.885572	0.000000	0.000000	0.885572	60.000000
70.578000	59.859582	0.702092	0.000000	0.000000	0.702092	60.000000
70.487000	59.891820	0.540899	0.000000	0.000000	0.540899	60.000000
70.391000	59.926704	0.366478	0.000000	0.000000	0.366478	60.000000
70.295000	59.966178	0.169111	0.000000	0.000000	0.169111	60.000000
70.201000	60.007064	-0.035319	0.000000	0.000000	-0.035319	60.000000
70.095000	60.040311	-0.201556	0.000000	0.000000	-0.201556	60.000000
69.999000	60.065682	-0.328412	0.000000	0.000000	-0.328412	60.000000
69.905000	60.087596	-0.437981	0.000000	0.000000	-0.437981	60.000000
69.813000	60.107824	-0.539122	0.000000	0.000000	-0.539122	60.000000
69.717000	60.122298	-0.611489	0.000000	0.000000	-0.611489	60.000000
69.622000	60.135376	-0.676881	0.000000	0.000000	-0.676881	60.000000
69.530000	60.153238	-0.766191	0.000000	0.000000	-0.766191	60.000000
69.437000	60.169763	-0.848815	0.000000	0.000000	-0.848815	60.000000
69.347000	60.190712	-0.953561	0.000000	0.000000	-0.953561	60.000000
69.249000	60.209665	-1.048326	0.000000	0.000000	-1.048326	60.000000
69.158000	60.229950	-1.149750	0.000000	0.000000	-1.149750	60.000000
69.066000	60.250474	-1.252371	0.000000	0.000000	-1.252371	60.000000
68.973000	60.272278	-1.361389	0.000000	0.000000	-1.361389	60.000000
68.878000	60.278630	-1.393149	0.000000	0.000000	-1.393149	60.000000
68.785000	60.280638	-1.403192	0.000000	-0.000000	-1.403192	60.000000
68.695000	60.278934	-1.394670	0.000000	-0.000000	-1.394670	60.000000
68.599000	60.271549	-1.357743	0.000000	-0.000000	-1.357743	60.000000
68.507000	60.257865	-1.289324	0.000000	-0.000000	-1.289324	60.000000
68.417000	60.249931	-1.249654	0.000000	-0.000000	-1.249654	60.000000
68.324000	60.233156	-1.165778	0.000000	-0.000000	-1.165778	60.000000
68.232000	60.211180	-1.055900	0.000000	-0.000000	-1.055900	60.000000
68.135000	60.185995	-0.929973	0.000000	-0.000000	-0.929973	60.000000
68.042000	60.157712	-0.788562	0.000000	-0.000000	-0.788562	60.000000
67.948000	60.125080	-0.625399	0.000000	-0.000000	-0.625399	60.000000
67.857000	60.085780	-0.428900	0.000000	-0.000000	-0.428900	60.000000
67.765000	60.045761	-0.228804	0.000000	-0.000000	-0.228804	60.000000
67.669000	60.000772	-0.003861	0.000000	-0.000000	-0.003861	60.000000
67.573000	59.952176	0.239120	0.000000	-0.000000	0.239120	60.000000
67.477000	59.900743	0.496283	0.000000	-0.000000	0.496283	60.000000
67.385000	59.850523	0.747385	0.000000	-0.000000	0.747385	60.000000
67.292000	59.799829	1.000854	0.000000	-0.000000	1.000854	60.000000
67.200000	59.763671	1.181645	0.000000	-0.000000	1.181645	60.000000
67.110000	59.733486	1.332572	0.000000	-0.000000	1.332572	60.000000
67.018000	59.704212	1.478939	0.000000	-0.000000	1.478939	60.000000
66.926000	59.675668	1.621659	0.000000	-0.000000	1.621659	60.000000
66.833000	59.641011	1.794947	0.000000	-0.000000	1.794947	60.000000
66.739000	59.609208	1.953960	0.000000	-0.000000	1.953960	60.000000
66.648000	59.581555	2.092227	0.000000	-0.000000	2.092227	60.000000
66.556000	59.563754	2.181232	0.000000	-0.000000	2.181232	60.000000
66.463000	59.537015	2.314926	0.000000	-0.000000	2.314926	60.000000
66.370000	59.515042	2.424790	0.000000	-0.000000	2.424790	60.000000
66.277000	59.496263	2.518683	0.000000	0.000000	2.518683	60.000000
66.184000	59.496687	2.516564	0.000000	0.000000	2.516564	60.000000
66.091000	59.512443	2.437785	0.000000	0.000000	2.437785	60.000000
65.999000	59.523068	2.384660	0.000000	0.000000	2.384660	60.000000
65.906000	59.535746	2.321269	0.000000	0.000000	2.321269	60.000000
65.813000	59.545348	2.273260	0.000000	0.000000	2.273260	60.000000
65.719000	59.558977	2.205116	0.000000	0.000000	2.205116	60.000000
65.623000	59.578780	2.106100	0.000000	0.000000	2.106100	60.000000
65.531000	59.600935	1.995324	0.000000	0.000000	1.995324	60.000000
65.438000	59.623569	1.882154	0.000000	0.000000	1.882154	60.000000
65.347000	59.648492	1.757539	0.000000	0.000000	1.757539	60.000000
65.252000	59.683694	1.581528	0.000000	0.000000	1.581528	60.000000
65.158000	59.716528	1.417359	0.000000	0.000000	1.417359	60.000000
65.054000	59.754435	1.227824	0.000000	0.000000	1.227824	60.000000
64.963000	59.788538	1.057311	0.000000	0.000000	1.057311	60.000000
64.867000	59.831513	0.842437	0.000000	0.000000	0.842437	60.000000
64.771000	59.871900	0.640498	0.000000	0.000000	0.640498	60.000000
64.680000	59.907327	0.463367	0.000000	0.000000	0.463367	60.000000
64.589000	59.945719	0.271405	0.000000	0.000000	0.271405	60.000000
64.496000	59.979577	0.102113	0.000000	0.000000	0.102113	60.000000
64.405000	60.021111	-0.105554	0.000000	0.000000	-0.105554	60.000000
64.308000	60.055081	-0.275403	0.000000	0.000000	-0.275403	60.000000
64.218000	60.084322	-0.421609	0.000000	0.000000	-0.421609	60.000000
64.129000	60.108792	-0.543958	0.000000	0.000000	-0.543958	60.000000
64.035000	60.130227	-0.651133	0.000000	0.000000	-0.651133	60.000000
63.942000	60.151659	-0.758294	0.000000	0.000000	-0.758294	60.000000
63.848000	60.180427	-0.902133	0.000000	0.000000	-0.902133	60.000000
63.756000	60.199187	-0.995936	0.000000	0.000000	-0.995936	60.000000
63.664000	60.211362	-1.056808	0.000000	0.000000	-1.056808	60.000000
63.570000	60.226802	-1.134011	0.000000	0.000000	-1.134011	60.000000
63.475000	60.236793	-1.183966	0.000000	-0.000000	-1.183966	60.000000
63.385000	60.234913	-1.174563	0.000000	-0.000000	-1.174563	60.000000
63.295000	60.234557	-1.172787	0.000000	0.000000	-1.172787	60.000000
63.200000	60.244909	-1.224545	0.000000	0.000000	-1.224545	60.000000
63.108000	60.251623	-1.258115	0.000000	-0.000000	-1.258115	60.000000
63.017000	60.246907	-1.234533	0.000000	-0.000000	-1.234533	60.000000
62.926000	60.241516	-1.207581	0.000000	0.000000	-1.207581	60.000000
62.835000	60.245146	-1.225729	0.000000	-0.000000	-1.225729	60.000000
62.742000	60.231652	-1.158258	0.000000	-0.000000	-1.158258	60.000000
62.650000	60.211481	-1.057406	0.000000	-0.000000	-1.057406	60.000000
62.557000	60.191203	-0.956016	0.000000	-0.000000	-0.956016	60.000000
62.466000	60.169218	-0.846091	0.000000	-0.000000	-0.846091	60.000000
62.373000	60.141852	-0.709260	0.000000	-0.000000	-0.709260	60.000000
62.278000	60.105891	-0.529457	0.000000	-0.000000	-0.529457	60.000000
62.188000	60.068162	-0.340808	0.000000	-0.000000	-0.340808	60.000000
62.097000	60.035649	-0.178243	0.000000	-0.000000	-0.178243	60.000000
62.004000	59.986642	0.066790	0.000000	-0.000000	0.066790	60.000000
61.912000	59.951275	0.243626	0.000000	-0.000000	0.243626	60.000000
61.819000	59.915720	0.421400	0.000000	-0.000000	0.421400	60.000000
61.726000	59.873587	0.632063	0.000000	-0.000000	0.632063	60.000000
61.638000	59.831931	0.840345	0.000000	-0.000000	0.840345	60.000000
61.546000	59.791371	1.043143	0.000000	-0.000000	1.043143	60.000000
61.455000	59.752680	1.236601	0.000000	-0.000000	1.236601	60.000000
61.362000	59.704873	1.475633	0.000000	-0.000000	1.475633	60.000000
61.268000	59.667208	1.663962	0.000000	-0.000000	1.663962	60.000000
61.175000	59.629609	1.851954	0.000000	-0.000000	1.851954	60.000000
61.082000	59.593329	2.033356	0.000000	-0.000000	2.033356	60.000000
60.990000	59.561817	2.190914	0.000000	-0.000000	2.190914	60.000000
60.898000	59.527357	2.363217	0.000000	-0.000000	2.363217	60.000000
60.811000	59.488783	2.556084	0.000000	-0.000000	2.556084	60.000000
60.719000	59.452806	2.735971	0.000000	-0.000000	2.735971	60.000000
60.629000	59.436394	2.818028	0.000000	0.000000	2.818028	60.000000
60.535000	59.437903	2.810485	0.000000	0.000000	2.810485	60.000000
60.443000	59.452387	2.738063	0.000000	0.000000	2.738063	60.000000
60.353000	59.459146	2.704269	0.000000	-0.000000	2.704269	60.000000
60.258000	59.456192	2.719040	0.000000	0.000000	2.719040	60.000000
60.165000	59.462165	2.689175	0.000000	0.000000	2.689175	60.000000
60.040000	59.482083	2.589583	0.000000	0.000000	2.589583	60.000000
59.948000	59.497055	2.514727	0.000000	0.000000	2.514727	60.000000
59.856000	59.516250	2.418749	0.000000	0.000000	2.418749	60.000000
59.761000	59.548542	2.257289	0.000000	0.000000	2.257289	60.000000
59.671000	59.585240	2.073802	0.000000	0.000000	2.073802	60.000000
59.580000	59.620849	1.895753	0.000000	0.000000	1.895753	60.000000
59.490000	59.653807	1.730966	0.000000	0.000000	1.730966	60.000000
59.396000	59.688699	1.556504	0.000000	0.000000	1.556504	60.000000
59.303000	59.729264	1.353680	0.000000	0.000000	1.353680	60.000000
59.213000	59.768197	1.159015	0.000000	0.000000	1.159015	60.000000
59.121000	59.804473	0.977634	0.000000	0.000000	0.977634	60.000000
59.029000	59.840990	0.795052	0.000000	0.000000	0.795052	60.000000
58.933000	59.881011	0.594943	0.000000	0.000000	0.594943	60.000000
58.843000	59.918555	0.407225	0.000000	0.000000	0.407225	60.000000
58.751000	59.957976	0.210120	0.000000	0.000000	0.210120	60.000000
58.657000	59.996843	0.015784	0.000000	0.000000	0.015784	60.000000
58.562000	60.032314	-0.161569	0.000000	0.000000	-0.161569	60.000000
58.468000	60.072165	-0.360825	0.000000	0.000000	-0.360825	60.000000
58.376000	60.099223	-0.496115	0.000000	0.000000	-0.496115	60.000000
58.285000	60.123687	-0.618437	0.000000	0.000000	-0.618437	60.000000
58.195000	60.146874	-0.734369	0.000000	0.000000	-0.734369	60.000000
58.103000	60.171762	-0.858810	0.000000	0.000000	-0.858810	60.000000
58.013000	60.196713	-0.983567	0.000000	0.000000	-0.983567	60.000000
57.922000	60.222137	-1.110684	0.000000	0.000000	-1.110684	60.000000
57.829000	60.240912	-1.204561	0.000000	0.000000	-1.204561	60.000000
57.736000	60.252419	-1.262097	0.000000	0.000000	-1.262097	60.000000
57.644000	60.261684	-1.308420	0.000000	0.000000	-1.308420	60.000000
57.552000	60.263496	-1.317480	0.000000	-0.000000	-1.317480	60.000000
57.463000	60.261322	-1.306611	0.000000	-0.000000	-1.306611	60.000000
57.371000	60.252898	-1.264491	0.000000	-0.000000	-1.264491	60.000000
57.279000	60.244600	-1.222998	0.000000	-0.000000	-1.222998	60.000000
57.189000	60.240603	-1.203014	0.000000	-0.000000	-1.203014	60.000000
57.097000	60.237524	-1.187618	0.000000	0.000000	-1.187618	60.000000
57.008000	60.238126	-1.190631	0.000000	-0.000000	-1.190631	60.000000
56.917000	60.237284	-1.186421	0.000000	-0.000000	-1.186421	60.000000
56.824000	60.225106	-1.125529	0.000000	-0.000000	-1.125529	60.000000
56.728000	60.205250	-1.026251	0.000000	-0.000000	-1.026251	60.000000
56.638000	60.178546	-0.892730	0.000000	-0.000000	-0.892730	60.000000
56.550000	60.157050	-0.785252	0.000000	-0.000000	-0.785252	60.000000
56.461000	60.138157	-0.690784	0.000000	-0.000000	-0.690784	60.000000
56.369000	60.112784	-0.563921	0.000000	-0.000000	-0.563921	60.000000
56.279000	60.087420	-0.437100	0.000000	-0.000000	-0.437100	60.000000
56.189000	60.053751	-0.268757	0.000000	-0.000000	-0.268757	60.000000
56.099000	60.012877	-0.064383	0.000000	-0.000000	-0.064383	60.000000
56.012000	59.967568	0.162158	0.000000	-0.000000	0.162158	60.000000
55.917000	59.919282	0.403591	0.000000	-0.000000	0.403591	60.000000
55.824000	59.869783	0.651085	0.000000	-0.000000	0.651085	60.000000
55.734000	59.824928	0.875360	0.000000	-0.000000	0.875360	60.000000
55.645000	59.778636	1.106822	0.000000	-0.000000	1.106822	60.000000
55.554000	59.741513	1.292435	0.000000	-0.000000	1.292435	60.000000
55.463000	59.704392	1.478041	0.000000	-0.000000	1.478041	60.000000
55.373000	59.666312	1.668441	0.000000	-0.000000	1.668441	60.000000
55.283000	59.627800	1.861000	0.000000	-0.000000	1.861000	60.000000
55.197000	59.588498	2.057508	0.000000	-0.000000	2.057508	60.000000
55.110000	59.558377	2.208113	0.000000	-0.000000	2.208113	60.000000
55.007000	59.525666	2.371672	0.000000	-0.000000	2.371672	60.000000
54.914000	59.506285	2.468575	0.000000	-0.000000	2.468575	60.000000
54.824000	59.502000	2.489998	0.000000	-0.000000	2.489998	60.000000
54.733000	59.497238	2.513808	0.000000	-0.000000	2.513808	60.000000
54.643000	59.489635	2.551827	0.000000	-0.000000	2.551827	60.000000
54.552000	59.481654	2.591729	0.000000	-0.000000	2.591729	60.000000
54.465000	59.478640	2.606802	0.000000	-0.000000	2.606802	60.000000
54.373000	59.475381	2.623096	0.000000	0.000000	2.623096	60.000000
54.284000	59.475868	2.620662	0.000000	0.000000	2.620662	60.000000
54.197000	59.487152	2.564238	0.000000	0.000000	2.564238	60.000000
54.106000	59.512140	2.439300	0.000000	0.000000	2.439300	60.000000
54.017000	59.540756	2.296219	0.000000	0.000000	2.296219	60.000000
53.925000	59.579988	2.100059	0.000000	0.000000	2.100059	60.000000
53.838000	59.613676	1.931618	0.000000	0.000000	1.931618	60.000000
53.750000	59.654716	1.726420	0.000000	0.000000	1.726420	60.000000
53.661000	59.692804	1.535980	0.000000	0.000000	1.535980	60.000000
53.570000	59.731368	1.343159	0.000000	0.000000	1.343159	60.000000
53.482000	59.772119	1.139403	0.000000	0.000000	1.139403	60.000000
53.389000	59.827414	0.862928	0.000000	0.000000	0.862928	60.000000
53.299000	59.861219	0.693905	0.000000	0.000000	0.693905	60.000000
53.144000	59.916864	0.415680	0.000000	0.000000	0.415680	60.000000
53.056000	59.952592	0.237041	0.000000	0.000000	0.237041	60.000000
52.963000	59.985380	0.073100	0.000000	0.000000	0.073100	60.000000
52.871000	60.020929	-0.104646	0.000000	0.000000	-0.104646	60.000000
52.782000	60.081181	-0.405904	0.000000	0.000000	-0.405904	60.000000
52.693000	60.092018	-0.460090	0.000000	0.000000	-0.460090	60.000000
52.605000	60.111093	-0.555467	0.000000	0.000000	-0.555467	60.000000
52.517000	60.129500	-0.647501	0.000000	0.000000	-0.647501	60.000000
52.425000	60.148693	-0.743463	0.000000	0.000000	-0.743463	60.000000
52.334000	60.170609	-0.853045	0.000000	0.000000	-0.853045	60.000000
52.245000	60.192347	-0.961733	0.000000	0.000000	-0.961733	60.000000
52.158000	60.201857	-1.009287	0.000000	0.000000	-1.009287	60.000000
52.070000	60.210394	-1.051972	0.000000	0.000000	-1.051972	60.000000
51.980000	60.222566	-1.112830	0.000000	0.000000	-1.112830	60.000000
51.889000	60.229829	-1.149145	0.000000	0.000000	-1.149145	60.000000
51.799000	60.235584	-1.177919	0.000000	0.000000	-1.177919	60.000000
51.709000	60.250716	-1.253582	0.000000	0.000000	-1.253582	60.000000
51.619000	60.263982	-1.319908	0.000000	0.000000	-1.319908	60.000000
51.531000	60.273907	-1.369534	0.000000	-0.000000	-1.369534	60.000000
51.439000	60.271736	-1.358678	0.000000	-0.000000	-1.358678	60.000000
51.350000	60.267134	-1.335668	0.000000	-0.000000	-1.335668	60.000000
51.262000	60.260288	-1.301438	0.000000	-0.000000	-1.301438	60.000000
51.174000	60.256588	-1.282941	0.000000	-0.000000	-1.282941	60.000000
51.086000	60.238311	-1.191553	0.000000	-0.000000	-1.191553	60.000000
50.996000	60.213786	-1.068928	0.000000	-0.000000	-1.068928	60.000000
50.906000	60.182598	-0.912989	0.000000	-0.000000	-0.912989	60.000000
50.817000	60.153654	-0.768269	0.000000	-0.000000	-0.768269	60.000000
50.727000	60.116484	-0.582418	0.000000	-0.000000	-0.582418	60.000000
50.638000	60.077245	-0.386223	0.000000	-0.000000	-0.386223	60.000000
50.550000	60.033101	-0.165504	0.000000	-0.000000	-0.165504	60.000000
50.459000	59.989477	0.052615	0.000000	-0.000000	0.052615	60.000000
50.372000	59.949455	0.252725	0.000000	-0.000000	0.252725	60.000000
50.283000	59.905275	0.473626	0.000000	-0.000000	0.473626	60.000000
50.195000	59.868573	0.657133	0.000000	-0.000000	0.657133	60.000000
50.080000	59.820352	0.898238	0.000000	-0.000000	0.898238	60.000000
49.988000	59.765902	1.170488	0.000000	-0.000000	1.170488	60.000000
49.899000	59.712968	1.435161	0.000000	-0.000000	1.435161	60.000000
49.807000	59.664251	1.678746	0.000000	-0.000000	1.678746	60.000000
49.716000	59.632921	1.835393	0.000000	-0.000000	1.835393	60.000000
49.626000	59.612221	1.938894	0.000000	-0.000000	1.938894	60.000000
49.536000	59.590737	2.046317	0.000000	-0.000000	2.046317	60.000000
49.448000	59.570931	2.145346	0.000000	-0.000000	2.145346	60.000000
49.357000	59.546610	2.266951	0.000000	-0.000000	2.266951	60.000000
49.268000	59.536051	2.319747	0.000000	-0.000000	2.319747	60.000000
49.177000	59.525481	2.372597	0.000000	-0.000000	2.372597	60.000000
49.085000	59.505985	2.470077	0.000000	-0.000000	2.470077	60.000000
48.996000	59.500009	2.499955	0.000000	-0.000000	2.499955	60.000000
48.908000	59.498561	2.507197	0.000000	-0.000000	2.507197	60.000000
48.820000	59.494334	2.528332	0.000000	0.000000	2.528332	60.000000
48.730000	59.496575	2.517127	0.000000	0.000000	2.517127	60.000000
48.639000	59.503030	2.484849	0.000000	0.000000	2.484849	60.000000
48.547000	59.514200	2.429001	0.000000	0.000000	2.429001	60.000000
48.458000	59.523973	2.380134	0.000000	0.000000	2.380134	60.000000
48.370000	59.543049	2.284753	0.000000	0.000000	2.284753	60.000000
48.281000	59.571112	2.144441	0.000000	0.000000	2.144441	60.000000
48.188000	59.602565	1.987177	0.000000	0.000000	1.987177	60.000000
48.101000	59.628882	1.855589	0.000000	0.000000	1.855589	60.000000
48.010000	59.661540	1.692298	0.000000	0.000000	1.692298	60.000000
47.924000	59.695815	1.520927	0.000000	0.000000	1.520927	60.000000
47.837000	59.732275	1.338627	0.000000	0.000000	1.338627	60.000000
47.748000	59.771940	1.140301	0.000000	0.000000	1.140301	60.000000
47.655000	59.808758	0.956211	0.000000	0.000000	0.956211	60.000000
47.565000	59.839544	0.802280	0.000000	0.000000	0.802280	60.000000
47.475000	59.871294	0.643529	0.000000	0.000000	0.643529	60.000000
47.387000	59.909078	0.454610	0.000000	0.000000	0.454610	60.000000
47.299000	59.945596	0.272022	0.000000	0.000000	0.272022	60.000000
47.208000	59.979577	0.102113	0.000000	0.000000	0.102113	60.000000
47.119000	60.017056	-0.085281	0.000000	0.000000	-0.085281	60.000000
47.031000	60.048484	-0.242418	0.000000	0.000000	-0.242418	60.000000
46.945000	60.075180	-0.375898	0.000000	0.000000	-0.375898	60.000000
46.859000	60.095772	-0.478862	0.000000	0.000000	-0.478862	60.000000
46.771000	60.117575	-0.587873	0.000000	0.000000	-0.587873	60.000000
46.685000	60.138033	-0.690165	0.000000	0.000000	-0.690165	60.000000
46.593000	60.157107	-0.785535	0.000000	0.000000	-0.785535	60.000000
46.503000	60.173887	-0.869437	0.000000	0.000000	-0.869437	60.000000
46.415000	60.192660	-0.963301	0.000000	0.000000	-0.963301	60.000000
46.330000	60.212087	-1.060433	0.000000	0.000000	-1.060433	60.000000
46.243000	60.226925	-1.134623	0.000000	0.000000	-1.134623	60.000000
46.152000	60.239217	-1.196086	0.000000	0.000000	-1.196086	60.000000
46.065000	60.244843	-1.224215	0.000000	0.000000	-1.224215	60.000000
45.976000	60.249563	-1.247817	0.000000	0.000000	-1.247817	60.000000
45.888000	60.259680	-1.298398	0.000000	0.000000	-1.298398	60.000000
45.799000	60.265375	-1.326877	0.000000	0.000000	-1.326877	60.000000
45.711000	60.269188	-1.345939	0.000000	-0.000000	-1.345939	60.000000
45.623000	60.268222	-1.341109	0.000000	-0.000000	-1.341109	60.000000
45.533000	60.261804	-1.309019	0.000000	-0.000000	-1.309019	60.000000
45.444000	60.254779	-1.273895	0.000000	-0.000000	-1.273895	60.000000
45.357000	60.235160	-1.175800	0.000000	-0.000000	-1.175800	60.000000
45.269000	60.213476	-1.067381	0.000000	-0.000000	-1.067381	60.000000
45.181000	60.199074	-0.995371	0.000000	-0.000000	-0.995371	60.000000
45.062000	60.171644	-0.858218	0.000000	-0.000000	-0.858218	60.000000
44.977000	60.142823	-0.714117	0.000000	-0.000000	-0.714117	60.000000
44.889000	60.117267	-0.586333	0.000000	-0.000000	-0.586333	60.000000
44.802000	60.091535	-0.457675	0.000000	-0.000000	-0.457675	60.000000
44.713000	60.046607	-0.233035	0.000000	-0.000000	-0.233035	60.000000
44.623000	59.999560	0.002199	0.000000	-0.000000	0.002199	60.000000
44.532000	59.952172	0.239140	0.000000	-0.000000	0.239140	60.000000
44.445000	59.909984	0.450078	0.000000	-0.000000	0.450078	60.000000
44.359000	59.865744	0.671281	0.000000	-0.000000	0.671281	60.000000
44.270000	59.817629	0.911856	0.000000	-0.000000	0.911856	60.000000
44.180000	59.778157	1.109216	0.000000	-0.000000	1.109216	60.000000
44.092000	59.739103	1.304484	0.000000	-0.000000	1.304484	60.000000
44.004000	59.703850	1.480749	0.000000	-0.000000	1.480749	60.000000
43.916000	59.665340	1.673302	0.000000	-0.000000	1.673302	60.000000
43.828000	59.630151	1.849245	0.000000	-0.000000	1.849245	60.000000
43.742000	59.605157	1.974216	0.000000	-0.000000	1.974216	60.000000
43.656000	59.572924	2.135382	0.000000	-0.000000	2.135382	60.000000
43.564000	59.555482	2.222589	0.000000	-0.000000	2.222589	60.000000
43.476000	59.544740	2.276298	0.000000	-0.000000	2.276298	60.000000
43.388000	59.541537	2.292316	0.000000	-0.000000	2.292316	60.000000
43.301000	59.525961	2.370197	0.000000	-0.000000	2.370197	60.000000
43.214000	59.521983	2.390084	0.000000	-0.000000	2.390084	60.000000
43.124000	59.515042	2.424790	0.000000	0.000000	2.424790	60.000000
43.039000	59.518058	2.409710	0.000000	0.000000	2.409710	60.000000
42.950000	59.522347	2.388267	0.000000	0.000000	2.388267	60.000000
42.862000	59.525782	2.371089	0.000000	0.000000	2.371089	60.000000
42.775000	59.530678	2.346608	0.000000	0.000000	2.346608	60.000000
42.688000	59.539780	2.301100	0.000000	0.000000	2.301100	60.000000
42.600000	59.555902	2.220491	0.000000	0.000000	2.220491	60.000000
42.510000	59.579079	2.104605	0.000000	0.000000	2.104605	60.000000
42.423000	59.600151	1.999247	0.000000	0.000000	1.999247	60.000000
42.335000	59.627073	1.864634	0.000000	0.000000	1.864634	60.000000
42.248000	59.655627	1.721867	0.000000	0.000000	1.721867	60.000000
42.164000	59.679281	1.603595	0.000000	0.000000	1.603595	60.000000
42.076000	59.707050	1.464751	0.000000	0.000000	1.464751	60.000000
41.988000	59.738856	1.305718	0.000000	0.000000	1.305718	60.000000
41.901000	59.775009	1.124953	0.000000	0.000000	1.124953	60.000000
41.814000	59.816243	0.918783	0.000000	0.000000	0.918783	60.000000
41.727000	59.852886	0.735570	0.000000	0.000000	0.735570	60.000000
41.640000	59.894836	0.525819	0.000000	0.000000	0.525819	60.000000
41.555000	59.927064	0.364681	0.000000	0.000000	0.364681	60.000000
41.467000	59.957973	0.210133	0.000000	0.000000	0.210133	60.000000
41.380000	59.986819	0.065905	0.000000	0.000000	0.065905	60.000000
41.289000	60.009792	-0.048960	0.000000	0.000000	-0.048960	60.000000
41.201000	60.029531	-0.147653	0.000000	0.000000	-0.147653	60.000000
41.115000	60.055624	-0.278120	0.000000	0.000000	-0.278120	60.000000
41.030000	60.080456	-0.402278	0.000000	0.000000	-0.402278	60.000000
40.946000	60.097044	-0.485219	0.000000	0.000000	-0.485219	60.000000
40.861000	60.119750	-0.598749	0.000000	0.000000	-0.598749	60.000000
40.771000	60.145909	-0.729546	0.000000	0.000000	-0.729546	60.000000
40.682000	60.166677	-0.833385	0.000000	0.000000	-0.833385	60.000000
40.594000	60.188959	-0.944797	0.000000	0.000000	-0.944797	60.000000
40.508000	60.205730	-1.028652	0.000000	0.000000	-1.028652	60.000000
40.421000	60.219417	-1.097084	0.000000	0.000000	-1.097084	60.000000
40.334000	60.235948	-1.179742	0.000000	0.000000	-1.179742	60.000000
40.245000	60.248725	-1.243627	0.000000	0.000000	-1.243627	60.000000
40.160000	60.252172	-1.260859	0.000000	-0.000000	-1.260859	60.000000
40.045000	60.248295	-1.241475	0.000000	-0.000000	-1.241475	60.000000
39.958000	60.245454	-1.227269	0.000000	-0.000000	-1.227269	60.000000
39.871000	60.231950	-1.159752	0.000000	-0.000000	-1.159752	60.000000
39.782000	60.217777	-1.088885	0.000000	-0.000000	-1.088885	60.000000
39.697000	60.206094	-1.030468	0.000000	-0.000000	-1.030468	60.000000
39.609000	60.199011	-0.995055	0.000000	-0.000000	-0.995055	60.000000
39.523000	60.188111	-0.940553	0.000000	-0.000000	-0.940553	60.000000
39.437000	60.171700	-0.858500	0.000000	-0.000000	-0.858500	60.000000
39.350000	60.147962	-0.739811	0.000000	-0.000000	-0.739811	60.000000
39.262000	60.111454	-0.557269	0.000000	-0.000000	-0.557269	60.000000
39.173000	60.074212	-0.371062	0.000000	-0.000000	-0.371062	60.000000
39.081000	60.028984	-0.144922	0.000000	-0.000000	-0.144922	60.000000
38.993000	59.990206	0.048968	0.000000	-0.000000	0.048968	60.000000
38.907000	59.947283	0.263587	0.000000	-0.000000	0.263587	60.000000
38.820000	59.904976	0.475122	0.000000	-0.000000	0.475122	60.000000
38.734000	59.857773	0.711137	0.000000	-0.000000	0.711137	60.000000
38.645000	59.818055	0.909724	0.000000	-0.000000	0.909724	60.000000
38.558000	59.788114	1.059430	0.000000	-0.000000	1.059430	60.000000
38.469000	59.744533	1.277335	0.000000	-0.000000	1.277335	60.000000
38.381000	59.710365	1.448176	0.000000	-0.000000	1.448176	60.000000
38.295000	59.684292	1.578538	0.000000	-0.000000	1.578538	60.000000
38.208000	59.657736	1.711320	0.000000	-0.000000	1.711320	60.000000
38.117000	59.624233	1.878835	0.000000	-0.000000	1.878835	60.000000
38.031000	59.598279	2.008607	0.000000	-0.000000	2.008607	60.000000
37.943000	59.569244	2.153781	0.000000	-0.000000	2.153781	60.000000
37.858000	59.542319	2.288407	0.000000	-0.000000	2.288407	60.000000
37.774000	59.520952	2.395241	0.000000	-0.000000	2.395241	60.000000
37.688000	59.500492	2.497541	0.000000	-0.000000	2.497541	60.000000
37.598000	59.491800	2.540998	0.000000	-0.000000	2.540998	60.000000
37.512000	59.480938	2.595310	0.000000	-0.000000	2.595310	60.000000
37.422000	59.477800	2.611000	0.000000	0.000000	2.611000	60.000000
37.333000	59.486552	2.567242	0.000000	0.000000	2.567242	60.000000
37.246000	59.496270	2.518649	0.000000	0.000000	2.518649	60.000000
37.161000	59.510634	2.446830	0.000000	0.000000	2.446830	60.000000
37.073000	59.522524	2.387382	0.000000	0.000000	2.387382	60.000000
36.985000	59.544867	2.275667	0.000000	0.000000	2.275667	60.000000
36.898000	59.566225	2.168874	0.000000	0.000000	2.168874	60.000000
36.809000	59.589161	2.054196	0.000000	0.000000	2.054196	60.000000
36.722000	59.621700	1.891501	0.000000	0.000000	1.891501	60.000000
36.634000	59.657492	1.712540	0.000000	0.000000	1.712540	60.000000
36.547000	59.703188	1.484062	0.000000	0.000000	1.484062	60.000000
36.461000	59.742784	1.286078	0.000000	0.000000	1.286078	60.000000
36.375000	59.776763	1.116183	0.000000	0.000000	1.116183	60.000000
36.282000	59.812560	0.937202	0.000000	0.000000	0.937202	60.000000
36.196000	59.845640	0.771798	0.000000	0.000000	0.771798	60.000000
36.110000	59.874857	0.625713	0.000000	0.000000	0.625713	60.000000
36.024000	59.907750	0.461249	0.000000	0.000000	0.461249	60.000000
35.937000	59.944989	0.275053	0.000000	0.000000	0.275053	60.000000
35.847000	59.974746	0.126272	0.000000	0.000000	0.126272	60.000000
35.761000	60.005190	-0.025950	0.000000	0.000000	-0.025950	60.000000
35.670000	60.038850	-0.194252	0.000000	0.000000	-0.194252	60.000000
35.582000	60.077180	-0.385900	0.000000	0.000000	-0.385900	60.000000
35.497000	60.109884	-0.549420	0.000000	0.000000	-0.549420	60.000000
35.410000	60.139249	-0.696245	0.000000	0.000000	-0.696245	60.000000
35.325000	60.164677	-0.823383	0.000000	0.000000	-0.823383	60.000000
35.239000	60.187081	-0.935407	0.000000	0.000000	-0.935407	60.000000
35.154000	60.208815	-1.044075	0.000000	0.000000	-1.044075	60.000000
35.048000	60.233469	-1.167345	0.000000	0.000000	-1.167345	60.000000
34.961000	60.256530	-1.282652	0.000000	0.000000	-1.282652	60.000000
34.875000	60.264044	-1.320218	0.000000	0.000000	-1.320218	60.000000
34.787000	60.276031	-1.380155	0.000000	0.000000	-1.380155	60.000000
34.701000	60.286146	-1.430729	0.000000	0.000000	-1.430729	60.000000
34.615000	60.289168	-1.445842	0.000000	0.000000	-1.445842	60.000000
34.528000	60.291833	-1.459167	0.000000	-0.000000	-1.459167	60.000000
34.444000	60.288566	-1.442829	0.000000	-0.000000	-1.442829	60.000000
34.359000	60.283056	-1.415279	0.000000	-0.000000	-1.415279	60.000000
34.273000	60.277725	-1.388623	0.000000	-0.000000	-1.388623	60.000000
34.186000	60.270642	-1.353210	0.000000	-0.000000	-1.353210	60.000000
34.100000	60.258046	-1.290232	0.000000	-0.000000	-1.290232	60.000000
34.011000	60.238916	-1.194580	0.000000	-0.000000	-1.194580	60.000000
33.927000	60.221536	-1.107678	0.000000	-0.000000	-1.107678	60.000000
33.842000	60.201255	-1.006274	0.000000	-0.000000	-1.006274	60.000000
33.755000	60.171221	-0.856106	0.000000	-0.000000	-0.856106	60.000000
33.669000	60.138212	-0.691059	0.000000	-0.000000	-0.691059	60.000000
33.583000	60.096806	-0.484028	0.000000	-0.000000	-0.484028	60.000000
33.491000	60.059143	-0.295716	0.000000	-0.000000	-0.295716	60.000000
33.408000	60.022631	-0.113154	0.000000	-0.000000	-0.113154	60.000000
33.321000	59.981635	0.091827	0.000000	-0.000000	0.091827	60.000000
33.236000	59.940773	0.296134	0.000000	-0.000000	0.296134	60.000000
33.149000	59.904669	0.476657	0.000000	-0.000000	0.476657	60.000000
33.065000	59.876720	0.616399	0.000000	-0.000000	0.616399	60.000000
32.980000	59.838336	0.808322	0.000000	-0.000000	0.808322	60.000000
32.891000	59.791373	1.043137	0.000000	-0.000000	1.043137	60.000000
32.805000	59.750750	1.246250	0.000000	-0.000000	1.246250	60.000000
32.717000	59.701253	1.493737	0.000000	-0.000000	1.493737	60.000000
32.630000	59.667272	1.663640	0.000000	-0.000000	1.663640	60.000000
32.524000	59.627186	1.864071	0.000000	-0.000000	1.864071	60.000000
32.438000	59.596044	2.019778	0.000000	-0.000000	2.019778	60.000000
32.351000	59.571357	2.143213	0.000000	-0.000000	2.143213	60.000000
32.266000	59.543653	2.281736	0.000000	-0.000000	2.281736	60.000000
32.182000	59.524452	2.377740	0.000000	-0.000000	2.377740	60.000000
32.097000	59.505982	2.470091	0.000000	-0.000000	2.470091	60.000000
32.013000	59.495126	2.524369	0.000000	-0.000000	2.524369	60.000000
31.929000	59.487033	2.564835	0.000000	-0.000000	2.564835	60.000000
31.844000	59.480335	2.598327	0.000000	-0.000000	2.598327	60.000000
31.761000	59.472602	2.636989	0.000000	-0.000000	2.636989	60.000000
31.674000	59.470615	2.646926	0.000000	0.000000	2.646926	60.000000
31.591000	59.479664	2.601679	0.000000	0.000000	2.601679	60.000000
31.502000	59.491802	2.540991	0.000000	0.000000	2.540991	60.000000
31.419000	59.513654	2.431730	0.000000	0.000000	2.431730	60.000000
31.335000	59.539124	2.304379	0.000000	0.000000	2.304379	60.000000
31.249000	59.566770	2.166152	0.000000	0.000000	2.166152	60.000000
31.165000	59.595023	2.024887	0.000000	0.000000	2.024887	60.000000
31.078000	59.615299	1.923505	0.000000	0.000000	1.923505	60.000000
30.994000	59.646934	1.765330	0.000000	0.000000	1.765330	60.000000
30.908000	59.679887	1.600564	0.000000	0.000000	1.600564	60.000000
30.821000	59.717549	1.412256	0.000000	0.000000	1.412256	60.000000
30.738000	59.749908	1.250460	0.000000	0.000000	1.250460	60.000000
30.653000	59.782321	1.088396	0.000000	0.000000	1.088396	60.000000
30.567000	59.814430	0.927848	0.000000	0.000000	0.927848	60.000000
30.483000	59.847511	0.762445	0.000000	0.000000	0.762445	60.000000
30.398000	59.879320	0.603398	0.000000	0.000000	0.603398	60.000000
30.311000	59.911253	0.443735	0.000000	0.000000	0.443735	60.000000
30.226000	59.940889	0.295557	0.000000	0.000000	0.295557	60.000000
30.140000	59.965027	0.174864	0.000000	0.000000	0.174864	60.000000
30.033000	60.001741	-0.008704	0.000000	0.000000	-0.008704	60.000000
29.951000	60.034496	-0.172479	0.000000	0.000000	-0.172479	60.000000
29.865000	60.072216	-0.361081	0.000000	0.000000	-0.361081	60.000000
29.780000	60.097952	-0.489759	0.000000	0.000000	-0.489759	60.000000
29.690000	60.124535	-0.622674	0.000000	0.000000	-0.622674	60.000000
29.607000	60.150327	-0.751635	0.000000	0.000000	-0.751635	60.000000
29.523000	60.177151	-0.885755	0.000000	0.000000	-0.885755	60.000000
29.439000	60.198528	-0.992640	0.000000	0.000000	-0.992640	60.000000
29.353000	60.216264	-1.081318	0.000000	0.000000	-1.081318	60.000000
29.266000	60.238434	-1.192172	0.000000	0.000000	-1.192172	60.000000
29.184000	60.263376	-1.316882	0.000000	0.000000	-1.316882	60.000000
29.096000	60.281178	-1.405889	0.000000	0.000000	-1.405889	60.000000
29.013000	60.299161	-1.495804	0.000000	0.000000	-1.495804	60.000000
28.926000	60.309090	-1.545450	0.000000	0.000000	-1.545450	60.000000
28.844000	60.316240	-1.581199	0.000000	-0.000000	-1.581199	60.000000
28.760000	60.315387	-1.576935	0.000000	-0.000000	-1.576935	60.000000
28.675000	60.309816	-1.549082	0.000000	-0.000000	-1.549082	60.000000
28.591000	60.302190	-1.510951	0.000000	-0.000000	-1.510951	60.000000
28.506000	60.292501	-1.462503	0.000000	-0.000000	-1.462503	60.000000
28.421000	60.285174	-1.425872	0.000000	-0.000000	-1.425872	60.000000
28.338000	60.274094	-1.370469	0.000000	-0.000000	-1.370469	60.000000
28.255000	60.263746	-1.318731	0.000000	-0.000000	-1.318731	60.000000
28.170000	60.249873	-1.249364	0.000000	-0.000000	-1.249364	60.000000
28.063000	60.234315	-1.171576	0.000000	-0.000000	-1.171576	60.000000
27.978000	60.215778	-1.078890	0.000000	-0.000000	-1.078890	60.000000
27.892000	60.186904	-0.934519	0.000000	-0.000000	-0.934519	60.000000
27.806000	60.157536	-0.787681	0.000000	-0.000000	-0.787681	60.000000
27.720000	60.125443	-0.627215	0.000000	-0.000000	-0.627215	60.000000
27.636000	60.087719	-0.438593	0.000000	-0.000000	-0.438593	60.000000
27.553000	60.046367	-0.231837	0.000000	-0.000000	-0.231837	60.000000
27.469000	60.003982	-0.019909	0.000000	-0.000000	-0.019909	60.000000
27.383000	59.958274	0.208631	0.000000	-0.000000	0.208631	60.000000
27.298000	59.913485	0.432577	0.000000	-0.000000	0.432577	60.000000
27.215000	59.870271	0.648645	0.000000	-0.000000	0.648645	60.000000
27.126000	59.818958	0.905211	0.000000	-0.000000	0.905211	60.000000
27.040000	59.779845	1.100774	0.000000	-0.000000	1.100774	60.000000
26.956000	59.734697	1.326517	0.000000	-0.000000	1.326517	60.000000
26.871000	59.687070	1.564651	0.000000	-0.000000	1.564651	60.000000
26.789000	59.635038	1.824812	0.000000	-0.000000	1.824812	60.000000
26.705000	59.591277	2.043615	0.000000	-0.000000	2.043615	60.000000
26.620000	59.549930	2.250349	0.000000	-0.000000	2.250349	60.000000
26.534000	59.520048	2.399760	0.000000	-0.000000	2.399760	60.000000
26.449000	59.487579	2.562106	0.000000	-0.000000	2.562106	60.000000
26.361000	59.450817	2.745914	0.000000	-0.000000	2.745914	60.000000
26.274000	59.413452	2.932740	0.000000	-0.000000	2.932740	60.000000
26.192000	59.387976	3.060119	0.000000	-0.000000	3.060119	60.000000
26.108000	59.360815	3.195925	0.000000	-0.000000	3.195925	60.000000
26.001000	59.340417	3.297917	0.000000	-0.000000	3.297917	60.000000
25.915000	59.334747	3.326267	0.000000	-0.000000	3.326267	60.000000
25.830000	59.321098	3.394512	0.000000	-0.000000	3.394512	60.000000
25.745000	59.313738	3.431310	0.000000	0.000000	3.431310	60.000000
25.661000	59.317418	3.412911	0.000000	0.000000	3.412911	60.000000
25.578000	59.323698	3.381511	0.000000	0.000000	3.381511	60.000000
25.494000	59.339204	3.303979	0.000000	0.000000	3.303979	60.000000
25.409000	59.345546	3.272270	0.000000	0.000000	3.272270	60.000000
25.323000	59.372646	3.136772	0.000000	0.000000	3.136772	60.000000
25.235000	59.398054	3.009729	0.000000	0.000000	3.009729	60.000000
25.151000	59.420999	2.895004	0.000000	0.000000	2.895004	60.000000
25.067000	59.440679	2.796605	0.000000	0.000000	2.796605	60.000000
24.984000	59.468377	2.658117	0.000000	0.000000	2.658117	60.000000
24.899000	59.506707	2.466463	0.000000	0.000000	2.466463	60.000000
24.815000	59.554399	2.228007	0.000000	0.000000	2.228007	60.000000
24.730000	59.604075	1.979627	0.000000	0.000000	1.979627	60.000000
24.644000	59.656101	1.719494	0.000000	0.000000	1.719494	60.000000
24.560000	59.706023	1.469887	0.000000	0.000000	1.469887	60.000000
24.476000	59.754129	1.229353	0.000000	0.000000	1.229353	60.000000
24.391000	59.800427	0.997863	0.000000	0.000000	0.997863	60.000000
24.306000	59.843407	0.782963	0.000000	0.000000	0.782963	60.000000
24.221000	59.890004	0.549978	0.000000	0.000000	0.549978	60.000000
24.136000	59.941666	0.291668	0.000000	0.000000	0.291668	60.000000
24.027000	60.005553	-0.027766	0.000000	0.000000	-0.027766	60.000000
23.942000	60.051755	-0.258776	0.000000	0.000000	-0.258776	60.000000
23.858000	60.099468	-0.497339	0.000000	0.000000	-0.497339	60.000000
23.775000	60.146453	-0.732264	0.000000	0.000000	-0.732264	60.000000
23.695000	60.187087	-0.935434	0.000000	0.000000	-0.935434	60.000000
23.612000	60.232074	-1.160370	0.000000	0.000000	-1.160370	60.000000
23.529000	60.273912	-1.369561	0.000000	0.000000	-1.369561	60.000000
23.444000	60.314237	-1.571184	0.000000	0.000000	-1.571184	60.000000
23.358000	60.358196	-1.790982	0.000000	0.000000	-1.790982	60.000000
23.269000	60.400096	-2.000481	0.000000	0.000000	-2.000481	60.000000
23.186000	60.435095	-2.175476	0.000000	0.000000	-2.175476	60.000000
23.103000	60.469124	-2.345621	0.000000	0.000000	-2.345621	60.000000
23.019000	60.511452	-2.557260	0.000000	0.000000	-2.557260	60.000000
22.938000	60.566251	-2.831257	0.000000	0.000000	-2.831257	60.000000
22.857000	60.604639	-3.023194	0.000000	0.000000	-3.023194	60.000000
22.774000	60.638911	-3.194557	0.000000	0.000000	-3.194557	60.000000
22.692000	60.672577	-3.362886	0.000000	0.000000	-3.362886	60.000000
22.610000	60.704300	-3.521502	0.000000	0.000000	-3.521502	60.000000
22.525000	60.734339	-3.671697	0.000000	0.000000	-3.671697	60.000000
22.439000	60.773751	-3.868753	0.000000	0.000000	-3.868753	60.000000
22.355000	60.806698	-4.033491	0.000000	0.000000	-4.033491	60.000000
22.271000	60.839332	-4.196661	0.000000	0.000000	-4.196661	60.000000
22.189000	60.869420	-4.347098	0.000000	0.000000	-4.347098	60.000000
22.083000	60.894978	-4.474888	0.000000	0.000000	-4.474888	60.000000
21.997000	60.919558	-4.597789	0.000000	0.000000	-4.597789	60.000000
21.914000	60.949227	-4.746134	0.000000	0.000000	-4.746134	60.000000
21.829000	60.985015	-4.925077	0.000000	0.000000	-4.925077	60.000000
21.743000	61.027764	-5.138821	0.000000	0.000000	-5.138821	60.000000
21.658000	61.061127	-5.305636	0.000000	0.000000	-5.305636	60.000000
21.576000	61.089524	-5.447619	0.000000	0.000000	-5.447619	60.000000
21.494000	61.107267	-5.536337	0.000000	0.000000	-5.536337	60.000000
21.408000	61.127789	-5.638945	0.000000	0.000000	-5.638945	60.000000
21.258000	61.149950	-5.749751	0.000000	0.000000	-5.749751	60.000000
21.178000	61.158857	-5.794285	0.000000	0.000000	-5.794285	60.000000
21.092000	61.160728	-5.803641	0.000000	0.000000	-5.803641	60.000000
21.006000	61.166362	-5.831811	0.000000	-0.000000	-5.831811	60.000000
20.922000	61.166236	-5.831178	0.000000	0.000000	-5.831178	60.000000
20.835000	61.173141	-5.865704	0.000000	-0.000000	-5.865704	60.000000
20.751000	61.172233	-5.861164	0.000000	0.000000	-5.861164	60.000000
20.670000	61.176473	-5.882364	0.000000	0.000000	-5.882364	60.000000
20.590000	61.187609	-5.938044	0.000000	-0.000000	-5.938044	60.000000
20.506000	61.183196	-5.915982	0.000000	-0.000000	-5.915982	60.000000
20.422000	61.173021	-5.865105	0.000000	-0.000000	-5.865105	60.000000
20.339000	61.157520	-5.787600	0.000000	-0.000000	-5.787600	60.000000
20.255000	61.137902	-5.689512	0.000000	-0.000000	-5.689512	60.000000
20.172000	61.109991	-5.549957	0.000000	-0.000000	-5.549957	60.000000
20.065000	61.082313	-5.411567	0.000000	-0.000000	-5.411567	60.000000
19.981000	61.060334	-5.301668	0.000000	-0.000000	-5.301668	60.000000
19.898000	61.032670	-5.163351	0.000000	-0.000000	-5.163351	60.000000
19.816000	60.997842	-4.989211	0.000000	-0.000000	-4.989211	60.000000
19.735000	60.961214	-4.806071	0.000000	-0.000000	-4.806071	60.000000
19.653000	60.918775	-4.593874	0.000000	-0.000000	-4.593874	60.000000
19.572000	60.878751	-4.393757	0.000000	-0.000000	-4.393757	60.000000
19.487000	60.837153	-4.185764	0.000000	-0.000000	-4.185764	60.000000
19.406000	60.795315	-3.976574	0.000000	-0.000000	-3.976574	60.000000
19.325000	60.739665	-3.698326	0.000000	-0.000000	-3.698326	60.000000
19.244000	60.671426	-3.357128	0.000000	-0.000000	-3.357128	60.000000
19.161000	60.605059	-3.025293	0.000000	-0.000000	-3.025293	60.000000
19.079000	60.529918	-2.649590	0.000000	-0.000000	-2.649590	60.000000
18.999000	60.448963	-2.244816	0.000000	-0.000000	-2.244816	60.000000
18.915000	60.361951	-1.809754	0.000000	-0.000000	-1.809754	60.000000
18.833000	60.277419	-1.387096	0.000000	-0.000000	-1.387096	60.000000
18.736000	60.169822	-0.849111	0.000000	-0.000000	-0.849111	60.000000
18.623000	60.057681	-0.288404	0.000000	-0.000000	-0.288404	60.000000
18.542000	59.973000	0.135002	0.000000	-0.000000	0.135002	60.000000
18.461000	59.883963	0.580185	0.000000	-0.000000	0.580185	60.000000
18.378000	59.793846	1.030772	0.000000	-0.000000	1.030772	60.000000
18.297000	59.693590	1.532051	0.000000	-0.000000	1.532051	60.000000
18.213000	59.588142	2.059292	0.000000	-0.000000	2.059292	60.000000
18.128000	59.498138	2.509309	0.000000	-0.000000	2.509309	60.000000
18.025000	59.376451	3.117743	0.000000	-0.000000	3.117743	60.000000
17.943000	59.282656	3.586722	0.000000	-0.000000	3.586722	60.000000
17.863000	59.183418	4.082912	0.000000	-0.000000	4.082912	60.000000
17.781000	59.087202	4.563988	0.000000	-0.000000	4.563988	60.000000
17.700000	58.988510	5.057448	0.000000	-0.000000	5.057448	60.000000
17.618000	58.905090	5.474550	0.000000	-0.000000	5.474550	60.000000
17.538000	58.810207	5.948967	0.000000	-0.000000	5.948967	60.000000
17.454000	58.715007	6.424967	0.000000	-0.000000	6.424967	60.000000
17.375000	58.614328	6.928358	0.000000	-0.000000	6.928358	60.000000
17.291000	58.517865	7.410674	0.000000	-0.000000	7.410674	60.000000
17.212000	58.424736	7.876321	0.000000	-0.000000	7.876321	60.000000
17.127000	58.333107	8.334465	0.000000	-0.000000	8.334465	60.000000
17.044000	58.235083	8.824586	0.000000	-0.000000	8.824586	60.000000
16.963000	58.143513	9.282435	0.000000	-0.000000	9.282435	60.000000
16.882000	58.052851	9.735745	0.000000	-0.000000	9.735745	60.000000
16.801000	57.964057	10.179714	0.000000	-0.000000	10.179714	60.000000
16.719000	57.872494	10.637530	0.000000	-0.000000	10.637530	60.000000
16.636000	57.782068	11.089659	0.000000	-0.000000	11.089659	60.000000
16.556000	57.685614	11.571929	0.000000	-0.000000	11.571929	60.000000
16.475000	57.592112	12.039440	0.000000	-0.000000	12.039440	60.000000
16.395000	57.489864	12.550682	0.000000	-0.000000	12.550682	60.000000
16.314000	57.386220	13.068898	0.000000	-0.000000	13.068898	60.000000
16.231000	57.282882	13.585592	0.000000	-0.000000	13.585592	60.000000
16.149000	57.180872	14.095641	0.000000	-0.000000	14.095641	60.000000
16.044000	57.066424	14.667880	0.000000	-0.000000	14.667880	60.000000
15.963000	56.974861	15.125695	0.000000	-0.000000	15.125695	60.000000
15.883000	56.874535	15.627323	0.000000	-0.000000	15.627323	60.000000
15.800000	56.783638	16.081812	0.000000	-0.000000	16.081812	60.000000
15.718000	56.677217	16.613914	0.000000	-0.000000	16.613914	60.000000
15.636000	56.575447	17.122763	0.000000	-0.000000	17.122763	60.000000
15.555000	56.473674	17.631632	0.000000	-0.000000	17.631632	60.000000
15.472000	56.384770	18.076151	0.000000	-0.000000	18.076151	60.000000
15.387000	56.292711	18.536447	0.000000	-0.000000	18.536447	60.000000
15.305000	56.204771	18.976146	0.000000	-0.000000	18.976146	60.000000
15.224000	56.110113	19.449437	0.000000	-0.000000	19.449437	60.000000
15.142000	56.015359	19.923204	0.000000	-0.000000	19.923204	60.000000
15.058000	55.924996	20.375018	0.000000	-0.000000	20.375018	60.000000
14.977000	55.829741	20.851293	0.000000	-0.000000	20.851293	60.000000
14.895000	55.736604	21.316981	0.000000	-0.000000	21.316981	60.000000
14.813000	55.643411	21.782943	0.000000	-0.000000	21.782943	60.000000
14.733000	55.550510	22.247450	0.000000	-0.000000	22.247450	60.000000
14.650000	55.454661	22.726696	0.000000	-0.000000	22.726696	60.000000
14.567000	55.348364	23.258181	0.000000	-0.000000	23.258181	60.000000
14.483000	55.244721	23.776396	0.000000	-0.000000	23.776396	60.000000
14.401000	55.150434	24.247830	0.000000	-0.000000	24.247830	60.000000
14.319000	55.052284	24.738582	0.000000	-0.000000	24.738582	60.000000
14.238000	54.964226	25.178870	0.000000	-0.000000	25.178870	60.000000
14.155000	54.867225	25.663875	0.000000	-0.000000	25.663875	60.000000
14.052000	54.740469	26.297654	0.000000	-0.000000	26.297654	60.000000
13.969000	54.632417	26.837916	0.000000	-0.000000	26.837916	60.000000
13.886000	54.520019	27.399904	0.000000	-0.000000	27.399904	60.000000
13.802000	54.417047	27.914767	0.000000	-0.000000	27.914767	60.000000
13.720000	54.320532	28.397338	0.000000	-0.000000	28.397338	60.000000
13.638000	54.217251	28.913743	0.000000	-0.000000	28.913743	60.000000
13.554000	54.115838	29.420808	0.000000	-0.000000	29.420808	60.000000
13.472000	54.015647	29.921765	0.000000	-0.000000	29.921765	60.000000
13.391000	53.922931	30.385347	0.000000	-0.000000	30.385347	60.000000
13.310000	53.830882	30.845590	0.000000	-0.000000	30.845590	60.000000
13.227000	53.722835	31.385825	0.000000	-0.000000	31.385825	60.000000
13.147000	53.619795	31.901023	0.000000	-0.000000	31.901023	60.000000
13.042000	53.484167	32.579164	0.000000	-0.000000	32.579164	60.000000
12.960000	53.383604	33.081978	0.000000	-0.000000	33.081978	60.000000
12.875000	53.280445	33.597773	0.000000	-0.000000	33.597773	60.000000
12.795000	53.170285	34.148576	0.000000	-0.000000	34.148576	60.000000
12.713000	53.076722	34.616389	0.000000	-0.000000	34.616389	60.000000
12.633000	52.983465	35.082673	0.000000	-0.000000	35.082673	60.000000
12.554000	52.890144	35.549279	0.000000	-0.000000	35.549279	60.000000
12.472000	52.788926	36.055372	0.000000	-0.000000	36.055372	60.000000
12.392000	52.690232	36.548839	0.000000	-0.000000	36.548839	60.000000
12.309000	52.587319	37.063407	0.000000	-0.000000	37.063407	60.000000
12.225000	52.478247	37.608765	0.000000	-0.000000	37.608765	60.000000
12.139000	52.379673	38.101635	0.000000	-0.000000	38.101635	60.000000
12.037000	52.249414	38.752929	0.000000	-0.000000	38.752929	60.000000
11.955000	52.160083	39.199587	0.000000	-0.000000	39.199587	60.000000
11.875000	52.071228	39.643858	0.000000	-0.000000	39.643858	60.000000
11.797000	51.971214	40.143930	0.000000	-0.000000	40.143930	60.000000
11.715000	51.859727	40.701364	0.000000	-0.000000	40.701364	60.000000
11.636000	51.760186	41.199068	0.000000	-0.000000	41.199068	60.000000
11.554000	51.663676	41.681619	0.000000	-0.000000	41.681619	60.000000
11.475000	51.562392	42.188041	0.000000	-0.000000	42.188041	60.000000
11.396000	51.458623	42.706887	0.000000	-0.000000	42.706887	60.000000
11.315000	51.354022	43.229890	0.000000	-0.000000	43.229890	60.000000
11.232000	51.250918	43.745410	0.000000	-0.000000	43.745410	60.000000
11.150000	51.149815	44.250926	0.000000	-0.000000	44.250926	60.000000
11.045000	51.029999	44.850006	0.000000	-0.000000	44.850006	60.000000
10.965000	50.931249	45.343755	0.000000	-0.000000	45.343755	60.000000
10.886000	50.830202	45.848989	0.000000	-0.000000	45.848989	60.000000
10.806000	50.739963	46.300187	0.000000	-0.000000	46.300187	60.000000
10.726000	50.656780	46.716102	0.000000	-0.000000	46.716102	60.000000
10.647000	50.569922	47.150389	0.000000	-0.000000	47.150389	60.000000
10.566000	50.482408	47.587962	0.000000	-0.000000	47.587962	60.000000
10.489000	50.415699	47.921504	0.000000	-0.000000	47.921504	60.000000
10.408000	50.340003	48.299984	0.000000	-0.000000	48.299984	60.000000
10.326000	50.272045	48.639775	0.000000	-0.000000	48.639775	60.000000
10.246000	50.181075	49.094627	0.000000	-0.000000	49.094627	60.000000
10.166000	50.081598	49.592009	0.000000	-0.000000	49.592009	60.000000
10.064000	49.963092	50.184540	0.000000	-0.000000	50.184540	60.000000
9.986000	49.871730	50.641351	0.000000	-0.000000	50.641351	60.000000
9.907000	49.782891	51.085545	0.000000	-0.000000	51.085545	60.000000
9.826000	49.691644	51.541780	0.000000	-0.000000	51.541780	60.000000
9.745000	49.600996	51.995020	0.000000	-0.000000	51.995020	60.000000
9.665000	49.508306	52.458470	0.000000	-0.000000	52.458470	60.000000
9.586000	49.414109	52.929454	0.000000	-0.000000	52.929454	60.000000
9.508000	49.326773	53.366133	0.000000	-0.000000	53.366133	60.000000
9.428000	49.229507	53.852463	0.000000	-0.000000	53.852463	60.000000
9.349000	49.136763	54.316186	0.000000	-0.000000	54.316186	60.000000
9.270000	49.043287	54.783567	0.000000	-0.000000	54.783567	60.000000
9.189000	48.948675	55.256625	0.000000	-0.000000	55.256625	60.000000
9.109000	48.855081	55.724594	0.000000	-0.000000	55.724594	60.000000
9.011000	48.739450	56.302750	0.000000	-0.000000	56.302750	60.000000
8.930000	48.649225	56.753877	0.000000	-0.000000	56.753877	60.000000
8.853000	48.562794	57.186029	0.000000	-0.000000	57.186029	60.000000
8.772000	48.477332	57.613341	0.000000	-0.000000	57.613341	60.000000
8.693000	48.393791	58.031045	0.000000	-0.000000	58.031045	60.000000
8.614000	48.306873	58.465637	0.000000	-0.000000	58.465637	60.000000
8.535000	48.215806	58.920970	0.000000	-0.000000	58.920970	60.000000
8.454000	48.132018	59.339911	0.000000	-0.000000	59.339911	60.000000
8.376000	48.044872	59.775640	0.000000	-0.000000	59.775640	60.000000
8.297000	47.960727	60.196366	0.000000	-0.000000	60.196366	60.000000
8.214000	47.873450	60.632751	0.000000	-0.000000	60.632751	60.000000
8.133000	47.790995	61.045025	0.000000	-0.000000	61.045025	60.000000
8.031000	47.686024	61.569879	0.000000	-0.000000	61.569879	60.000000
7.951000	47.601460	61.992698	0.000000	-0.000000	61.992698	60.000000
7.872000	47.518872	62.405641	0.000000	-0.000000	62.405641	60.000000
7.793000	47.435879	62.820604	0.000000	-0.000000	62.820604	60.000000
7.714000	47.352278	63.238608	0.000000	-0.000000	63.238608	60.000000
7.635000	47.276916	63.615420	0.000000	-0.000000	63.615420	60.000000
7.556000	47.201681	63.991597	0.000000	-0.000000	63.991597	60.000000
7.477000	47.122472	64.387638	0.000000	-0.000000	64.387638	60.000000
7.398000	47.042422	64.787891	0.000000	-0.000000	64.787891	60.000000
7.318000	46.966947	65.165265	0.000000	-0.000000	65.165265	60.000000
7.240000	46.890564	65.547178	0.000000	-0.000000	65.547178	60.000000
7.158000	46.813826	65.930870	0.000000	-0.000000	65.930870	60.000000
7.055000	46.722033	66.389833	0.000000	-0.000000	66.389833	60.000000
6.978000	46.647943	66.760287	0.000000	-0.000000	66.760287	60.000000
6.899000	46.572529	67.137353	0.000000	-0.000000	67.137353	60.000000
6.819000	46.499159	67.504203	0.000000	-0.000000	67.504203	60.000000
6.740000	46.419522	67.902390	0.000000	-0.000000	67.902390	60.000000
6.661000	46.346034	68.269828	0.000000	-0.000000	68.269828	60.000000
6.579000	46.293368	68.533158	0.000000	-0.000000	68.533158	60.000000
6.499000	46.230652	68.846740	0.000000	-0.000000	68.846740	60.000000
6.420000	46.165107	69.174463	0.000000	-0.000000	69.174463	60.000000
6.342000	46.106543	69.467285	0.000000	-0.000000	69.467285	60.000000
6.263000	46.047130	69.764352	0.000000	-0.000000	69.764352	60.000000
6.184000	45.991157	70.044217	0.000000	-0.000000	70.044217	60.000000
6.105000	45.937589	70.312053	0.000000	-0.000000	70.312053	60.000000
6.006000	45.869095	70.654525	0.000000	-0.000000	70.654525	60.000000
5.928000	45.814442	70.927790	0.000000	-0.000000	70.927790	60.000000
5.845000	45.764849	71.175756	0.000000	-0.000000	71.175756	60.000000
5.763000	45.715609	71.421956	0.000000	-0.000000	71.421956	60.000000
5.684000	45.666196	71.669018	0.000000	-0.000000	71.669018	60.000000
5.605000	45.624060	71.879702	0.000000	-0.000000	71.879702	60.000000
5.512000	45.571705	72.141474	0.000000	-0.000000	72.141474	60.000000
5.432000	45.532457	72.337716	0.000000	-0.000000	72.337716	60.000000
5.353000	45.494420	72.527900	0.000000	-0.000000	72.527900	60.000000
5.274000	45.458373	72.708136	0.000000	-0.000000	72.708136	60.000000
5.196000	45.423033	72.884835	0.000000	-0.000000	72.884835	60.000000
5.111000	45.396317	73.018415	0.000000	-0.000000	73.018415	60.000000
5.010000	45.367235	73.163823	0.000000	-0.000000	73.163823	60.000000
4.931000	45.347557	73.262215	0.000000	-0.000000	73.262215	60.000000
4.852000	45.324386	73.378071	0.000000	-0.000000	73.378071	60.000000
4.773000	45.309460	73.452700	0.000000	-0.000000	73.452700	60.000000
4.693000	45.297541	73.512293	0.000000	-0.000000	73.512293	60.000000
4.612000	45.289169	73.554154	0.000000	-0.000000	73.554154	60.000000
4.519000	45.281891	73.590546	0.000000	0.000000	73.590546	60.000000
4.440000	45.283759	73.581206	0.000000	0.000000	73.581206	60.000000
4.361000	45.288997	73.555017	0.000000	0.000000	73.555017	60.000000
4.282000	45.299947	73.500265	0.000000	0.000000	73.500265	60.000000
4.203000	45.315539	73.422306	0.000000	0.000000	73.422306	60.000000
4.122000	45.337746	73.311270	0.000000	0.000000	73.311270	60.000000
4.020000	45.372299	73.138503	0.000000	0.000000	73.138503	60.000000
3.940000	45.402570	72.987151	0.000000	0.000000	72.987151	60.000000
3.857000	45.434415	72.827923	0.000000	0.000000	72.827923	60.000000
3.755000	45.472570	72.637150	0.000000	0.000000	72.637150	60.000000
3.650000	45.509227	72.453866	0.000000	0.000000	72.453866	60.000000
3.550000	45.558820	0.000000	0.000000	0.000000	0.000000	60.000000
3.472000	45.596917	0.000000	0.000000	0.000000	0.000000	60.000000
3.396000	45.638634	0.000000	0.000000	0.000000	0.000000	60.000000
3.317000	45.676973	0.000000	0.000000	0.000000	0.000000	60.000000
3.239000	45.709050	0.000000	0.000000	0.000000	0.000000	60.000000
3.160000	45.743728	0.000000	0.000000	0.000000	0.000000	60.000000
3.062000	45.786036	0.000000	0.000000	0.000000	0.000000	60.000000
2.982000	45.822265	0.000000	0.000000	0.000000	0.000000	60.000000
2.902000	45.858741	0.000000	0.000000	0.000000	0.000000	60.000000
2.792000	45.909004	0.000000	0.000000	0.000000	0.000000	60.000000
2.716000	45.941867	0.000000	0.000000	0.000000	0.000000	60.000000
2.632000	45.978939	0.000000	0.000000	0.000000	0.000000	60.000000
2.539000	46.019388	0.000000	0.000000	0.000000	0.000000	60.000000
2.439000	46.063143	0.000000	0.000000	0.000000	0.000000	60.000000
2.359000	46.098961	0.000000	0.000000	0.000000	0.000000	60.000000
2.262000	46.142177	0.000000	0.000000	0.000000	0.000000	60.000000
2.185000	46.172387	0.000000	0.000000	0.000000	0.000000	60.000000
2.108000	46.203927	0.000000	0.000000	0.000000	0.000000	60.000000
2.011000	46.246001	0.000000	0.000000	0.000000	0.000000	60.000000
1.930000	46.284167	0.000000	0.000000	0.000000	0.000000	60.000000
1.831000	46.325635	0.000000	0.000000	0.000000	0.000000	60.000000
1.751000	46.363727	0.000000	0.000000	0.000000	0.000000	60.000000
1.653000	46.406044	0.000000	0.000000	0.000000	0.000000	60.000000
1.577000	46.433671	0.000000	0.000000	0.000000	0.000000	60.000000
1.499000	46.469488	0.000000	0.000000	0.000000	0.000000	60.000000
1.403000	46.517150	0.000000	0.000000	0.000000	0.000000	60.000000
1.325000	46.553807	0.000000	0.000000	0.000000	0.000000	60.000000
1.228000	46.599791	0.000000	0.000000	0.000000	0.000000	60.000000
1.130000	46.646437	0.000000	0.000000	0.000000	0.000000	60.000000
1.038000	46.691279	0.000000	0.000000	0.000000	0.000000	60.000000
0.941000	46.732990	0.000000	0.000000	0.000000	0.000000	60.000000
0.845000	46.790172	0.000000	0.000000	0.000000	0.000000	60.000000
0.750000	46.838622	0.000000	0.000000	0.000000	0.000000	60.000000
0.658000	46.882799	0.000000	0.000000	0.000000	0.000000	60.000000
0.566000	46.929686	0.000000	0.000000	0.000000	0.000000	60.000000
0.471000	46.972062	0.000000	0.000000	0.000000	0.000000	60.000000
0.373000	47.014494	0.000000	0.000000	0.000000	0.000000	60.000000
0.276000	47.057108	0.000000	0.000000	0.000000	0.000000	60.000000
0.180000	47.103152	0.000000	0.000000	0.000000	0.000000	60.000000
0.075000	47.149497	0.000000	0.000000	0.000000	0.000000	60.000000
