Zeit (s)	Istwert	P	I	D	Regelausgang	Sollwert
70.895000	60.361472	-0.542208	1.365699	-0.000000	0.823491	60.000000
70.796000	60.357650	-0.536475	1.366057	-0.000000	0.829581	60.000000
70.698000	60.356920	-0.535380	1.366407	0.000000	0.831028	60.000000
70.593000	60.358620	-0.537930	1.366782	0.000000	0.828852	60.000000
70.496000	60.363041	-0.544561	1.367130	0.000000	0.822569	60.000000
70.398000	60.367404	-0.551107	1.367486	0.000000	0.816379	60.000000
70.304000	60.371216	-0.556823	1.367831	-0.000000	0.811008	60.000000
70.208000	60.370977	-0.556466	1.368187	-0.000000	0.811721	60.000000
70.096000	60.366000	-0.549000	1.368603	-0.000000	0.819603	60.000000
69.998000	60.356383	-0.534574	1.368961	-0.000000	0.834387	60.000000
69.896000	60.350935	-0.526402	1.369325	-0.000000	0.842923	60.000000
69.798000	60.346217	-0.519326	1.369669	-0.000000	0.850343	60.000000
69.699000	60.343419	-0.515128	1.370012	0.000000	0.854883	60.000000
69.597000	60.344936	-0.517405	1.370362	-0.000000	0.852957	60.000000
69.496000	60.340516	-0.510774	1.370710	-0.000000	0.859936	60.000000
69.397000	60.336765	-0.505148	1.371047	-0.000000	0.865899	60.000000
69.296000	60.335727	-0.503590	1.371388	-0.000000	0.867797	60.000000
69.197000	60.330463	-0.495695	1.371720	-0.000000	0.876025	60.000000
69.101000	60.326528	-0.489792	1.372037	-0.000000	0.882245	60.000000
68.998000	60.323386	-0.485079	1.372373	-0.000000	0.887295	60.000000
68.896000	60.316785	-0.475177	1.372703	0.000000	0.897526	60.000000
68.796000	60.317687	-0.476531	1.373020	0.000000	0.896489	60.000000
68.697000	60.318412	-0.477619	1.373335	0.000000	0.895716	60.000000
68.597000	60.318961	-0.478442	1.373653	0.000000	0.895211	60.000000
68.498000	60.320846	-0.481269	1.373969	0.000000	0.892700	60.000000
68.397000	60.326406	-0.489609	1.374293	0.000000	0.884684	60.000000
68.296000	60.328827	-0.493241	1.374623	0.000000	0.881382	60.000000
68.198000	60.332582	-0.498873	1.374945	0.000000	0.876072	60.000000
68.096000	60.340937	-0.511406	1.375284	0.000000	0.863878	60.000000
67.999000	60.346635	-0.519953	1.375615	-0.000000	0.855662	60.000000
67.896000	60.344511	-0.516767	1.375972	-0.000000	0.859205	60.000000
67.795000	60.338339	-0.507509	1.376320	-0.000000	0.868811	60.000000
67.697000	60.331493	-0.497240	1.376651	-0.000000	0.879411	60.000000
67.601000	60.326707	-0.490061	1.376970	0.000000	0.886909	60.000000
67.499000	60.329251	-0.493876	1.377303	0.000000	0.883426	60.000000
67.396000	60.332887	-0.499331	1.377642	-0.000000	0.878311	60.000000
67.295000	60.331251	-0.496877	1.377978	-0.000000	0.881101	60.000000
67.197000	60.329010	-0.493515	1.378303	-0.000000	0.884787	60.000000
67.097000	60.324228	-0.486342	1.378632	0.000000	0.892290	60.000000
66.998000	60.324357	-0.486536	1.378953	0.000000	0.892417	60.000000
66.898000	60.332890	-0.499335	1.379277	0.000000	0.879942	60.000000
66.797000	60.343427	-0.515141	1.379613	-0.000000	0.864473	60.000000
66.698000	60.340330	-0.510495	1.379953	-0.000000	0.869458	60.000000
66.598000	60.330828	-0.496241	1.380294	-0.000000	0.884052	60.000000
66.496000	60.314357	-0.471535	1.380631	-0.000000	0.909096	60.000000
66.396000	60.304916	-0.457374	1.380945	-0.000000	0.923572	60.000000
66.298000	60.300795	-0.451193	1.381244	0.000000	0.930051	60.000000
66.196000	60.305886	-0.458828	1.381551	0.000000	0.922723	60.000000
66.099000	60.313329	-0.469993	1.381848	0.000000	0.911855	60.000000
65.997000	60.323931	-0.485896	1.382167	0.000000	0.896271	60.000000
65.896000	60.337552	-0.506329	1.382495	0.000000	0.876166	60.000000
65.796000	60.353290	-0.529935	1.382832	0.000000	0.852897	60.000000
65.700000	60.368127	-0.552190	1.383171	0.000000	0.830981	60.000000
65.602000	60.375753	-0.563629	1.383532	0.000000	0.819903	60.000000
65.495000	60.382293	-0.573440	1.383934	0.000000	0.810494	60.000000
65.397000	60.390713	-0.586070	1.384309	0.000000	0.798239	60.000000
65.307000	60.396646	-0.594969	1.384660	-0.000000	0.789692	60.000000
65.215000	60.392044	-0.588066	1.385025	0.000000	0.796960	60.000000
65.097000	60.393743	-0.590614	1.385488	0.000000	0.794874	60.000000
64.996000	60.395255	-0.592882	1.385886	0.000000	0.793003	60.000000
64.897000	60.395317	-0.592975	1.386277	-0.000000	0.793302	60.000000
64.806000	60.388835	-0.583253	1.386637	-0.000000	0.803384	60.000000
64.715000	60.386477	-0.579716	1.386990	-0.000000	0.807275	60.000000
64.619000	60.385322	-0.577982	1.387361	0.000000	0.809379	60.000000
64.526000	60.388955	-0.583433	1.387720	-0.000000	0.804287	60.000000
64.436000	60.383025	-0.574538	1.388070	-0.000000	0.813532	60.000000
64.348000	60.378419	-0.567629	1.388407	0.000000	0.820778	60.000000
64.259000	60.378722	-0.568083	1.388744	-0.000000	0.820661	60.000000
64.164000	60.377877	-0.566816	1.389104	0.000000	0.822288	60.000000
63.996000	60.382842	-0.574264	1.389738	0.000000	0.815475	60.000000
63.897000	60.392829	-0.589244	1.390117	0.000000	0.800873	60.000000
63.797000	60.401790	-0.602685	1.390510	0.000000	0.787825	60.000000
63.698000	60.415662	-0.623493	1.390908	0.000000	0.767415	60.000000
63.597000	60.427216	-0.640824	1.391328	0.000000	0.750504	60.000000
63.497000	60.432674	-0.649011	1.391755	0.000000	0.742744	60.000000
63.398000	60.433884	-0.650827	1.392183	-0.000000	0.741357	60.000000
63.297000	60.430130	-0.645195	1.392622	-0.000000	0.747427	60.000000
63.200000	60.420927	-0.631391	1.393039	-0.000000	0.761648	60.000000
63.096000	60.408516	-0.612774	1.393477	-0.000000	0.780702	60.000000
62.997000	60.396460	-0.594690	1.393881	-0.000000	0.799191	60.000000
62.900000	60.395255	-0.592882	1.394266	0.000000	0.801383	60.000000
62.798000	60.403124	-0.604687	1.394669	0.000000	0.789982	60.000000
62.695000	60.403311	-0.604967	1.395084	-0.000000	0.790117	60.000000
62.597000	60.398224	-0.597336	1.395479	-0.000000	0.798144	60.000000
62.499000	60.388654	-0.582981	1.395869	-0.000000	0.812889	60.000000
62.397000	60.381992	-0.572988	1.396266	-0.000000	0.823278	60.000000
62.297000	60.373036	-0.559553	1.396648	-0.000000	0.837094	60.000000
62.198000	60.367764	-0.551645	1.397017	0.000000	0.845372	60.000000
62.096000	60.369032	-0.553548	1.397392	-0.000000	0.843844	60.000000
61.997000	60.367215	-0.550822	1.397758	0.000000	0.846935	60.000000
61.897000	60.368307	-0.552461	1.398125	-0.000000	0.845664	60.000000
61.796000	60.359894	-0.539841	1.398497	-0.000000	0.858656	60.000000
61.697000	60.356257	-0.534385	1.398853	-0.000000	0.864468	60.000000
61.595000	60.352322	-0.528483	1.399216	-0.000000	0.870734	60.000000
61.497000	60.344327	-0.516490	1.399562	-0.000000	0.883071	60.000000
61.397000	60.341002	-0.511502	1.399906	-0.000000	0.888404	60.000000
61.303000	60.340147	-0.510221	1.400227	-0.000000	0.890006	60.000000
61.196000	60.337550	-0.506325	1.400591	-0.000000	0.894266	60.000000
61.097000	60.334162	-0.501244	1.400925	-0.000000	0.899681	60.000000
60.996000	60.327377	-0.491066	1.401262	-0.000000	0.910197	60.000000
60.899000	60.327374	-0.491062	1.401580	0.000000	0.910518	60.000000
60.799000	60.328833	-0.493249	1.401907	0.000000	0.908658	60.000000
60.697000	60.331496	-0.497244	1.402243	0.000000	0.904998	60.000000
60.598000	60.336461	-0.504692	1.402571	-0.000000	0.897879	60.000000
60.496000	60.331251	-0.496877	1.402914	-0.000000	0.906037	60.000000
60.398000	60.319146	-0.478718	1.403239	-0.000000	0.924520	60.000000
60.304000	60.310965	-0.466448	1.403539	-0.000000	0.937091	60.000000
60.215000	60.304367	-0.456550	1.403815	0.000000	0.947265	60.000000
60.098000	60.309572	-0.464357	1.404171	0.000000	0.939814	60.000000
59.998000	60.317204	-0.475807	1.404481	0.000000	0.928674	60.000000
59.897000	60.321449	-0.482173	1.404801	0.000000	0.922628	60.000000
59.795000	60.328227	-0.492341	1.405129	0.000000	0.912788	60.000000
59.700000	60.333612	-0.500418	1.405441	-0.000000	0.905023	60.000000
59.595000	60.332167	-0.498251	1.405791	-0.000000	0.907540	60.000000
59.497000	60.328105	-0.492157	1.406117	0.000000	0.913960	60.000000
59.399000	60.334824	-0.502236	1.406438	0.000000	0.904202	60.000000
59.296000	60.343907	-0.515861	1.406783	0.000000	0.890922	60.000000
59.197000	60.346754	-0.520131	1.407124	0.000000	0.886993	60.000000
59.096000	60.353413	-0.530119	1.407474	0.000000	0.877355	60.000000
58.998000	60.358138	-0.537208	1.407820	0.000000	0.870613	60.000000
58.899000	60.366620	-0.549930	1.408175	0.000000	0.858245	60.000000
58.796000	60.370789	-0.556184	1.408553	-0.000000	0.852369	60.000000
58.695000	60.370007	-0.555011	1.408927	0.000000	0.853916	60.000000
58.597000	60.371093	-0.556640	1.409290	-0.000000	0.852650	60.000000
58.501000	60.370854	-0.556280	1.409646	0.000000	0.853365	60.000000
58.401000	60.371276	-0.556914	1.410017	0.000000	0.853103	60.000000
58.294000	60.373397	-0.560096	1.410414	0.000000	0.850318	60.000000
58.196000	60.376061	-0.564092	1.410780	0.000000	0.846688	60.000000
58.096000	60.381145	-0.571717	1.411156	0.000000	0.839439	60.000000
57.997000	60.386289	-0.579433	1.411533	0.000000	0.832100	60.000000
57.897000	60.393802	-0.590703	1.411920	0.000000	0.821217	60.000000
57.799000	60.404034	-0.606051	1.412306	0.000000	0.806255	60.000000
57.696000	60.410635	-0.615952	1.412722	0.000000	0.796769	60.000000
57.597000	60.419590	-0.629385	1.413128	0.000000	0.783743	60.000000
57.496000	60.420682	-0.631024	1.413552	0.000000	0.782528	60.000000
57.399000	60.422075	-0.633112	1.413960	-0.000000	0.780848	60.000000
57.297000	60.417962	-0.626943	1.414391	-0.000000	0.787447	60.000000
57.200000	60.413652	-0.620478	1.414796	-0.000000	0.794318	60.000000
57.098000	60.411786	-0.617680	1.415218	-0.000000	0.797538	60.000000
56.998000	60.406875	-0.610312	1.415630	-0.000000	0.805317	60.000000
56.895000	60.406817	-0.610226	1.416049	-0.000000	0.805823	60.000000
56.795000	60.406389	-0.609584	1.416456	-0.000000	0.806872	60.000000
56.695000	60.399615	-0.599422	1.416862	-0.000000	0.817440	60.000000
56.601000	60.397741	-0.596611	1.417238	-0.000000	0.820626	60.000000
56.500000	60.394889	-0.592333	1.417639	-0.000000	0.825306	60.000000
56.399000	60.391319	-0.586978	1.418038	-0.000000	0.831060	60.000000
56.297000	60.383865	-0.575797	1.418437	-0.000000	0.842640	60.000000
56.199000	60.372608	-0.558912	1.418814	-0.000000	0.859902	60.000000
56.096000	60.362558	-0.543836	1.419197	-0.000000	0.875361	60.000000
55.999000	60.359285	-0.538927	1.419549	0.000000	0.880622	60.000000
55.898000	60.365284	-0.547927	1.419912	0.000000	0.871985	60.000000
55.796000	60.370127	-0.555191	1.420285	-0.000000	0.865094	60.000000
55.698000	60.367460	-0.551189	1.420647	0.000000	0.869458	60.000000
55.598000	60.370188	-0.555282	1.421015	0.000000	0.865733	60.000000
55.499000	60.375754	-0.563631	1.421381	0.000000	0.857750	60.000000
55.394000	60.383023	-0.574534	1.421776	0.000000	0.847242	60.000000
55.298000	60.390167	-0.585251	1.422143	0.000000	0.836893	60.000000
55.204000	60.394709	-0.592063	1.422510	0.000000	0.830447	60.000000
55.097000	60.398463	-0.597695	1.422933	-0.000000	0.825238	60.000000
54.999000	60.395434	-0.593151	1.423323	0.000000	0.830172	60.000000
54.898000	60.396285	-0.594428	1.423722	0.000000	0.829295	60.000000
54.796000	60.396472	-0.594708	1.424127	-0.000000	0.829418	60.000000
54.696000	60.389683	-0.584524	1.424523	0.000000	0.839999	60.000000
54.601000	60.392895	-0.589343	1.424893	-0.000000	0.835550	60.000000
54.499000	60.391438	-0.587158	1.425294	0.000000	0.838136	60.000000
54.398000	60.394288	-0.591431	1.425689	0.000000	0.834258	60.000000
54.300000	60.396943	-0.595415	1.426076	0.000000	0.830661	60.000000
54.201000	60.399550	-0.599325	1.426469	0.000000	0.827144	60.000000
54.115000	60.406341	-0.609511	1.426812	0.000000	0.817301	60.000000
54.024000	60.408944	-0.613416	1.427182	0.000000	0.813766	60.000000
53.933000	60.417532	-0.626298	1.427554	-0.000000	0.801257	60.000000
53.843000	60.414810	-0.622216	1.427930	0.000000	0.805714	60.000000
53.753000	60.415416	-0.623124	1.428303	-0.000000	0.805180	60.000000
53.665000	60.409000	-0.613501	1.428669	0.000000	0.815168	60.000000
53.496000	60.420016	-0.630025	1.429360	0.000000	0.799335	60.000000
53.396000	60.428921	-0.643381	1.429780	0.000000	0.786399	60.000000
53.298000	60.435335	-0.653002	1.430201	-0.000000	0.777199	60.000000
53.197000	60.432367	-0.648551	1.430640	-0.000000	0.782090	60.000000
53.100000	60.425167	-0.637751	1.431060	-0.000000	0.793309	60.000000
52.996000	60.424258	-0.636387	1.431502	-0.000000	0.795115	60.000000
52.895000	60.421769	-0.632654	1.431930	0.000000	0.799276	60.000000
52.798000	60.423102	-0.634654	1.432339	0.000000	0.797686	60.000000
52.697000	60.426918	-0.640376	1.432767	-0.000000	0.792390	60.000000
52.605000	60.426444	-0.639666	1.433159	-0.000000	0.793493	60.000000
52.503000	60.425106	-0.637658	1.433594	-0.000000	0.795936	60.000000
52.397000	60.424013	-0.636020	1.434045	-0.000000	0.798025	60.000000
52.298000	60.414932	-0.622397	1.434465	0.000000	0.812068	60.000000
52.198000	60.416383	-0.624575	1.434880	-0.000000	0.810305	60.000000
52.098000	60.414934	-0.622401	1.435296	0.000000	0.812895	60.000000
52.000000	60.415784	-0.623677	1.435703	-0.000000	0.812026	60.000000
51.903000	60.411786	-0.617680	1.436106	-0.000000	0.818427	60.000000
51.798000	60.404877	-0.607316	1.436538	-0.000000	0.829223	60.000000
51.698000	60.401491	-0.602237	1.436943	-0.000000	0.834706	60.000000
51.598000	60.396221	-0.594331	1.437345	0.000000	0.843014	60.000000
51.500000	60.397257	-0.595885	1.437733	-0.000000	0.841848	60.000000
51.396000	60.392710	-0.589064	1.438146	-0.000000	0.849082	60.000000
51.297000	60.390107	-0.585160	1.438535	0.000000	0.853375	60.000000
51.201000	60.393620	-0.590431	1.438910	0.000000	0.848479	60.000000
51.097000	60.395556	-0.593334	1.439319	0.000000	0.845985	60.000000
51.001000	60.399374	-0.599061	1.439699	0.000000	0.840638	60.000000
50.900000	60.399429	-0.599144	1.440102	-0.000000	0.840958	60.000000
50.798000	60.395007	-0.592511	1.440509	-0.000000	0.847999	60.000000
50.697000	60.385082	-0.577623	1.440908	-0.000000	0.863285	60.000000
50.598000	60.375516	-0.563274	1.441290	-0.000000	0.878015	60.000000
50.501000	60.369705	-0.554557	1.441654	-0.000000	0.887097	60.000000
50.398000	60.369342	-0.554012	1.442035	0.000000	0.888022	60.000000
50.298000	60.371459	-0.557188	1.442404	0.000000	0.885216	60.000000
50.204000	60.375458	-0.563188	1.442753	-0.000000	0.879566	60.000000
50.099000	60.370127	-0.555191	1.443147	-0.000000	0.887957	60.000000
50.000000	60.369765	-0.554648	1.443514	0.000000	0.888866	60.000000
49.898000	60.376848	-0.565272	1.443891	0.000000	0.878619	60.000000
49.797000	60.381937	-0.572906	1.444272	-0.000000	0.871366	60.000000
49.700000	60.374241	-0.561361	1.444642	-0.000000	0.883281	60.000000
49.602000	60.370180	-0.555270	1.445009	-0.000000	0.889739	60.000000
49.500000	60.365217	-0.547826	1.445386	0.000000	0.897561	60.000000
49.398000	60.365705	-0.548558	1.445759	-0.000000	0.897201	60.000000
49.301000	60.364375	-0.546562	1.446114	-0.000000	0.899551	60.000000
49.198000	60.362194	-0.543292	1.446489	-0.000000	0.903197	60.000000
49.100000	60.354806	-0.532210	1.446844	-0.000000	0.914634	60.000000
49.002000	60.352690	-0.529035	1.447192	-0.000000	0.918156	60.000000
48.896000	60.349958	-0.524937	1.447566	0.000000	0.922628	60.000000
48.798000	60.352205	-0.528307	1.447909	-0.000000	0.919601	60.000000
48.700000	60.348509	-0.522764	1.448254	-0.000000	0.925490	60.000000
48.598000	60.339913	-0.509870	1.448609	-0.000000	0.938739	60.000000
48.500000	60.335427	-0.503140	1.448942	0.000000	0.945802	60.000000
48.398000	60.336823	-0.505235	1.449284	-0.000000	0.944049	60.000000
48.301000	60.336581	-0.504872	1.449611	0.000000	0.944739	60.000000
48.213000	60.337912	-0.506867	1.449907	0.000000	0.943040	60.000000
48.100000	60.340395	-0.510592	1.450289	0.000000	0.939697	60.000000
47.999000	60.341423	-0.512134	1.450633	0.000000	0.938499	60.000000
47.897000	60.342877	-0.514315	1.450981	-0.000000	0.936666	60.000000
47.798000	60.342814	-0.514220	1.451321	-0.000000	0.937100	60.000000
47.712000	60.341610	-0.512414	1.451615	0.000000	0.939201	60.000000
47.600000	60.350697	-0.526045	1.451998	0.000000	0.925953	60.000000
47.499000	60.359531	-0.539296	1.452352	0.000000	0.913056	60.000000
47.397000	60.369035	-0.553552	1.452719	0.000000	0.899167	60.000000
47.297000	60.370065	-0.555098	1.453088	0.000000	0.897990	60.000000
47.198000	60.384294	-0.576441	1.453454	0.000000	0.877014	60.000000
47.100000	60.392410	-0.588614	1.453831	0.000000	0.865217	60.000000
46.995000	60.396346	-0.594519	1.454243	0.000000	0.859724	60.000000
46.900000	60.398952	-0.598427	1.454620	0.000000	0.856192	60.000000
46.801000	60.404817	-0.607225	1.455015	0.000000	0.847789	60.000000
46.698000	60.416991	-0.625487	1.455431	0.000000	0.829945	60.000000
46.599000	60.420688	-0.631032	1.455844	0.000000	0.824813	60.000000
46.497000	60.439876	-0.659814	1.456273	0.000000	0.796459	60.000000
46.397000	60.449028	-0.673542	1.456713	0.000000	0.783172	60.000000
46.300000	60.456466	-0.684698	1.457149	-0.000000	0.772450	60.000000
46.215000	60.455500	-0.683250	1.457537	0.000000	0.774287	60.000000
46.128000	60.456835	-0.685253	1.457933	0.000000	0.772680	60.000000
46.038000	60.458835	-0.688252	1.458344	-0.000000	0.770092	60.000000
45.952000	60.456413	-0.684620	1.458739	-0.000000	0.774119	60.000000
45.865000	60.451206	-0.676809	1.459136	-0.000000	0.782327	60.000000
45.697000	60.445751	-0.668626	1.459894	0.000000	0.791268	60.000000
45.595000	60.449933	-0.674900	1.460349	0.000000	0.785449	60.000000
45.497000	60.459864	-0.689795	1.460790	0.000000	0.770994	60.000000
45.398000	60.463914	-0.695871	1.461245	-0.000000	0.765374	60.000000
45.302000	60.463864	-0.695797	1.461690	-0.000000	0.765894	60.000000
45.210000	60.460834	-0.691250	1.462117	0.000000	0.770867	60.000000
45.096000	60.468698	-0.703047	1.462642	0.000000	0.759596	60.000000
44.998000	60.475357	-0.713035	1.463102	-0.000000	0.750067	60.000000
44.899000	60.472275	-0.708412	1.463572	-0.000000	0.755160	60.000000
44.811000	60.471125	-0.706687	1.463988	-0.000000	0.757301	60.000000
44.723000	60.467494	-0.701241	1.464402	-0.000000	0.763162	60.000000
44.640000	60.466341	-0.699511	1.464790	0.000000	0.765279	60.000000
44.553000	60.467431	-0.701146	1.465196	-0.000000	0.764050	60.000000
44.469000	60.465970	-0.698954	1.465589	-0.000000	0.766634	60.000000
44.299000	60.438793	-0.658190	1.466381	-0.000000	0.808191	60.000000
44.199000	60.426015	-0.639022	1.466820	-0.000000	0.827797	60.000000
44.098000	60.414447	-0.621671	1.467250	-0.000000	0.845579	60.000000
44.000000	60.403975	-0.605962	1.467656	-0.000000	0.861694	60.000000
43.897000	60.402037	-0.603056	1.468072	-0.000000	0.865016	60.000000
43.797000	60.399979	-0.599969	1.468474	0.000000	0.868505	60.000000
43.700000	60.400457	-0.600685	1.468862	-0.000000	0.868177	60.000000
43.596000	60.397130	-0.595695	1.469279	0.000000	0.873584	60.000000
43.497000	60.402577	-0.603865	1.469672	0.000000	0.865807	60.000000
43.400000	60.408815	-0.613222	1.470062	0.000000	0.856840	60.000000
43.301000	60.419535	-0.629302	1.470467	-0.000000	0.841165	60.000000
43.196000	60.417474	-0.626211	1.470908	-0.000000	0.844697	60.000000
43.097000	60.414322	-0.621483	1.471321	-0.000000	0.849838	60.000000
42.996000	60.410452	-0.615678	1.471739	-0.000000	0.856062	60.000000
42.898000	60.402763	-0.604144	1.472142	-0.000000	0.867998	60.000000
42.797000	60.397499	-0.596248	1.472548	-0.000000	0.876300	60.000000
42.708000	60.389383	-0.584074	1.472902	-0.000000	0.888828	60.000000
42.598000	60.386107	-0.579161	1.473331	-0.000000	0.894170	60.000000
42.500000	60.378295	-0.567443	1.473709	0.000000	0.906266	60.000000
42.400000	60.378548	-0.567823	1.474087	-0.000000	0.906265	60.000000
42.298000	60.367465	-0.551197	1.474473	-0.000000	0.923276	60.000000
42.209000	60.357828	-0.536742	1.474800	-0.000000	0.938059	60.000000
42.097000	60.353896	-0.530843	1.475201	0.000000	0.944358	60.000000
42.000000	60.354443	-0.531665	1.475544	0.000000	0.943880	60.000000
41.902000	60.355414	-0.533122	1.475892	0.000000	0.942770	60.000000
41.801000	60.357587	-0.536380	1.476251	-0.000000	0.939870	60.000000
41.696000	60.354387	-0.531580	1.476626	-0.000000	0.945046	60.000000
41.598000	60.346572	-0.519858	1.476974	-0.000000	0.957115	60.000000
41.497000	60.343672	-0.515508	1.477324	-0.000000	0.961816	60.000000
41.399000	60.340633	-0.510949	1.477660	0.000000	0.966711	60.000000
41.299000	60.346268	-0.519402	1.478001	0.000000	0.958599	60.000000
41.202000	60.353168	-0.529752	1.478337	0.000000	0.948585	60.000000
41.096000	60.357287	-0.535930	1.478711	-0.000000	0.942781	60.000000
40.999000	60.352803	-0.529205	1.479058	0.000000	0.949853	60.000000
40.900000	60.356859	-0.535289	1.479407	0.000000	0.944118	60.000000
40.798000	60.361233	-0.541849	1.479771	0.000000	0.937922	60.000000
40.698000	60.364855	-0.547283	1.480132	-0.000000	0.932849	60.000000
40.597000	60.359708	-0.539563	1.480501	0.000000	0.940938	60.000000
40.498000	60.367881	-0.551821	1.480857	0.000000	0.929036	60.000000
40.398000	60.379389	-0.569084	1.481225	0.000000	0.912141	60.000000
40.299000	60.386660	-0.579990	1.481600	0.000000	0.901610	60.000000
40.206000	60.391740	-0.587610	1.481960	-0.000000	0.894350	60.000000
40.098000	60.390957	-0.586435	1.482383	0.000000	0.895948	60.000000
40.000000	60.401794	-0.602691	1.482766	0.000000	0.880075	60.000000
39.899000	60.409606	-0.614409	1.483172	0.000000	0.868763	60.000000
39.796000	60.410335	-0.615502	1.483594	-0.000000	0.868092	60.000000
39.699000	60.409602	-0.614403	1.483992	0.000000	0.869589	60.000000
39.600000	60.415241	-0.622861	1.484397	0.000000	0.861536	60.000000
39.498000	60.424616	-0.636924	1.484821	0.000000	0.847897	60.000000
39.400000	60.438605	-0.657907	1.485237	0.000000	0.827330	60.000000
39.297000	60.457737	-0.686605	1.485689	0.000000	0.799084	60.000000
39.197000	60.470394	-0.705591	1.486147	0.000000	0.780555	60.000000
39.097000	60.478509	-0.717763	1.486617	0.000000	0.768854	60.000000
39.002000	60.480808	-0.721211	1.487072	-0.000000	0.765860	60.000000
38.898000	60.478023	-0.717034	1.487572	-0.000000	0.770537	60.000000
38.797000	60.468582	-0.702873	1.488054	-0.000000	0.785181	60.000000
38.698000	60.465675	-0.698513	1.488518	0.000000	0.790006	60.000000
38.600000	60.467492	-0.701239	1.488975	0.000000	0.787736	60.000000
38.499000	60.474937	-0.712405	1.489447	0.000000	0.777041	60.000000
38.402000	60.478390	-0.717585	1.489908	0.000000	0.772322	60.000000
38.295000	60.482932	-0.724397	1.490419	0.000000	0.766022	60.000000
38.205000	60.489713	-0.734569	1.490854	0.000000	0.756285	60.000000
38.099000	60.499580	-0.749370	1.491373	0.000000	0.742003	60.000000
37.998000	60.509029	-0.763544	1.491878	0.000000	0.728334	60.000000
37.897000	60.515813	-0.773720	1.492392	0.000000	0.718672	60.000000
37.798000	60.527435	-0.791152	1.492903	0.000000	0.701751	60.000000
37.701000	60.536452	-0.804678	1.493414	0.000000	0.688737	60.000000
37.599000	60.542084	-0.813126	1.493961	0.000000	0.680835	60.000000
37.498000	60.543540	-0.815310	1.494509	0.000000	0.679199	60.000000
37.400000	60.548206	-0.822310	1.495041	0.000000	0.672732	60.000000
37.296000	60.555776	-0.833664	1.495612	0.000000	0.661948	60.000000
37.197000	60.564369	-0.846554	1.496162	0.000000	0.649608	60.000000
37.102000	60.565156	-0.847734	1.496698	0.000000	0.648964	60.000000
36.999000	60.575024	-0.862535	1.497280	0.000000	0.634745	60.000000
36.897000	60.584177	-0.876265	1.497867	-0.000000	0.621602	60.000000
36.798000	60.583503	-0.875254	1.498445	-0.000000	0.623191	60.000000
36.699000	60.577874	-0.866811	1.499023	-0.000000	0.632211	60.000000
36.598000	60.564731	-0.847097	1.499606	-0.000000	0.652509	60.000000
36.499000	60.551717	-0.827576	1.500165	-0.000000	0.672589	60.000000
36.396000	60.543661	-0.815491	1.500734	-0.000000	0.685242	60.000000
36.298000	60.531192	-0.796788	1.501266	-0.000000	0.704479	60.000000
36.203000	60.511272	-0.766908	1.501771	-0.000000	0.734864	60.000000
36.098000	60.504186	-0.756279	1.502308	0.000000	0.746028	60.000000
36.000000	60.505938	-0.758907	1.502802	-0.000000	0.743895	60.000000
35.899000	60.491591	-0.737386	1.503313	-0.000000	0.765927	60.000000
35.797000	60.479782	-0.719674	1.503814	-0.000000	0.784141	60.000000
35.698000	60.467853	-0.701779	1.504289	-0.000000	0.802510	60.000000
35.601000	60.455806	-0.683710	1.504743	-0.000000	0.821034	60.000000
35.501000	60.439880	-0.659820	1.505199	-0.000000	0.845379	60.000000
35.395000	60.422200	-0.633300	1.505665	-0.000000	0.872366	60.000000
35.297000	60.406882	-0.610322	1.506079	-0.000000	0.895757	60.000000
35.199000	60.396642	-0.594963	1.506478	0.000000	0.911515	60.000000
35.098000	60.398103	-0.597154	1.506878	-0.000000	0.909724	60.000000
35.001000	60.383570	-0.575355	1.507265	-0.000000	0.931909	60.000000
34.903000	60.362500	-0.543750	1.507640	-0.000000	0.963891	60.000000
34.800000	60.341918	-0.512877	1.508014	-0.000000	0.995137	60.000000
34.699000	60.317141	-0.475712	1.508359	-0.000000	1.032647	60.000000
34.599000	60.305276	-0.457914	1.508676	-0.000000	1.050762	60.000000
34.498000	60.297711	-0.446566	1.508985	-0.000000	1.062419	60.000000
34.399000	60.274819	-0.412228	1.509279	-0.000000	1.097051	60.000000
34.300000	60.260589	-0.390883	1.509551	-0.000000	1.118668	60.000000
34.209000	60.248965	-0.373447	1.509789	-0.000000	1.136341	60.000000
34.099000	60.233400	-0.350101	1.510062	-0.000000	1.159962	60.000000
33.999000	60.221595	-0.332392	1.510296	-0.000000	1.177904	60.000000
33.900000	60.217238	-0.325856	1.510515	-0.000000	1.184659	60.000000
33.798000	60.210758	-0.316136	1.510737	0.000000	1.194600	60.000000
33.699000	60.217477	-0.326215	1.510945	0.000000	1.184730	60.000000
33.606000	60.223777	-0.335665	1.511148	0.000000	1.175483	60.000000
33.499000	60.232188	-0.348283	1.511387	0.000000	1.163104	60.000000
33.400000	60.243090	-0.364635	1.511617	0.000000	1.146982	60.000000
33.297000	60.245875	-0.368812	1.511867	0.000000	1.143055	60.000000
33.198000	60.253935	-0.380903	1.512111	0.000000	1.131208	60.000000
33.101000	60.256112	-0.384168	1.512357	0.000000	1.128189	60.000000
33.002000	60.271733	-0.407599	1.512611	0.000000	1.105011	60.000000
32.900000	60.275117	-0.412676	1.512888	0.000000	1.100212	60.000000
32.796000	60.282753	-0.424130	1.513174	-0.000000	1.089044	60.000000
32.700000	60.278271	-0.417406	1.513445	-0.000000	1.096039	60.000000
32.599000	60.265981	-0.398971	1.513726	0.000000	1.114755	60.000000
32.499000	60.274883	-0.412325	1.513992	0.000000	1.101667	60.000000
32.402000	60.283174	-0.424761	1.514259	0.000000	1.089498	60.000000
32.298000	60.285713	-0.428569	1.514554	0.000000	1.085985	60.000000
32.202000	60.293166	-0.439750	1.514828	0.000000	1.075078	60.000000
32.100000	60.313330	-0.469995	1.515127	0.000000	1.045132	60.000000
31.998000	60.332345	-0.498518	1.515446	0.000000	1.016929	60.000000
31.900000	60.359225	-0.538838	1.515772	0.000000	0.976934	60.000000
31.800000	60.370733	-0.556099	1.516131	0.000000	0.960033	60.000000
31.700000	60.379447	-0.569170	1.516502	0.000000	0.947332	60.000000
31.599000	60.391921	-0.587882	1.516885	0.000000	0.929003	60.000000
31.500000	60.411967	-0.617950	1.517273	0.000000	0.899323	60.000000
31.399000	60.428315	-0.642473	1.517689	0.000000	0.875217	60.000000
31.297000	60.448962	-0.673443	1.518126	0.000000	0.844684	60.000000
31.198000	60.466641	-0.699961	1.518571	0.000000	0.818609	60.000000
31.099000	60.491530	-0.737296	1.519033	0.000000	0.781737	60.000000
30.999000	60.506368	-0.759552	1.519524	0.000000	0.759972	60.000000
30.898000	60.525804	-0.788706	1.520036	0.000000	0.731329	60.000000
30.801000	60.539788	-0.809682	1.520546	0.000000	0.710864	60.000000
30.699000	60.563461	-0.845192	1.521096	0.000000	0.675904	60.000000
30.600000	60.587014	-0.880520	1.521654	0.000000	0.641134	60.000000
30.503000	60.602636	-0.903954	1.522224	0.000000	0.618270	60.000000
30.398000	60.609299	-0.913948	1.522856	0.000000	0.608908	60.000000
30.298000	60.621717	-0.932575	1.523466	0.000000	0.590891	60.000000
30.208000	60.634546	-0.951819	1.524025	0.000000	0.572206	60.000000
30.100000	60.669066	-1.003599	1.524711	0.000000	0.521111	60.000000
30.000000	60.693466	-1.040199	1.525380	0.000000	0.485181	60.000000
29.898000	60.704970	-1.057455	1.526087	0.000000	0.468631	60.000000
29.798000	60.718771	-1.078157	1.526792	0.000000	0.448635	60.000000
29.699000	60.728579	-1.092869	1.527503	0.000000	0.434635	60.000000
29.603000	60.739722	-1.109583	1.528203	0.000000	0.418620	60.000000
29.504000	60.741180	-1.111770	1.528935	0.000000	0.417165	60.000000
29.398000	60.754865	-1.132297	1.529721	0.000000	0.397423	60.000000
29.298000	60.762550	-1.143825	1.530476	-0.000000	0.386650	60.000000
29.200000	60.762435	-1.143652	1.531223	0.000000	0.387571	60.000000
29.099000	60.764791	-1.147187	1.531993	-0.000000	0.384806	60.000000
29.002000	60.756920	-1.135381	1.532735	-0.000000	0.397354	60.000000
28.900000	60.751412	-1.127118	1.533507	-0.000000	0.406389	60.000000
28.799000	60.742448	-1.113673	1.534266	-0.000000	0.420593	60.000000
28.700000	60.729012	-1.093518	1.535001	-0.000000	0.441483	60.000000
28.600000	60.710175	-1.065263	1.535730	-0.000000	0.470467	60.000000
28.500000	60.691221	-1.036831	1.536440	-0.000000	0.499609	60.000000
28.399000	60.670995	-1.006493	1.537138	-0.000000	0.530646	60.000000
28.302000	60.653326	-0.979988	1.537789	-0.000000	0.557801	60.000000
28.208000	60.631219	-0.946829	1.538403	-0.000000	0.591574	60.000000
28.098000	60.611657	-0.917485	1.539098	-0.000000	0.621612	60.000000
27.998000	60.589864	-0.884796	1.539709	-0.000000	0.654913	60.000000
27.898000	60.568250	-0.852375	1.540299	-0.000000	0.687924	60.000000
27.798000	60.545232	-0.817848	1.540867	-0.000000	0.723019	60.000000
27.700000	60.520235	-0.780352	1.541402	-0.000000	0.761049	60.000000
27.600000	60.495099	-0.742649	1.541922	-0.000000	0.799273	60.000000
27.498000	60.461553	-0.692330	1.542427	-0.000000	0.850097	60.000000
27.400000	60.436724	-0.655086	1.542879	-0.000000	0.887793	60.000000
27.305000	60.412694	-0.619042	1.543294	-0.000000	0.924253	60.000000
27.199000	60.388176	-0.582264	1.543732	-0.000000	0.961467	60.000000
27.102000	60.363584	-0.545376	1.544108	-0.000000	0.998732	60.000000
26.996000	60.332404	-0.498606	1.544494	-0.000000	1.045887	60.000000
26.900000	60.296314	-0.444471	1.544813	-0.000000	1.100341	60.000000
26.801000	60.264588	-0.396883	1.545106	-0.000000	1.148223	60.000000
26.700000	60.234559	-0.351838	1.545373	-0.000000	1.193535	60.000000
26.601000	60.205675	-0.308513	1.545605	-0.000000	1.237093	60.000000
26.518000	60.177937	-0.266905	1.545776	-0.000000	1.278871	60.000000
26.434000	60.151538	-0.227307	1.545926	-0.000000	1.318619	60.000000
26.351000	60.132704	-0.199057	1.546051	-0.000000	1.346995	60.000000
26.267000	60.105944	-0.158916	1.546163	-0.000000	1.387247	60.000000
26.100000	60.068102	-0.102154	1.546340	-0.000000	1.444186	60.000000
25.999000	60.049632	-0.074449	1.546409	-0.000000	1.471960	60.000000
25.899000	60.034558	-0.051837	1.546458	-0.000000	1.494622	60.000000
25.799000	60.024078	-0.036117	1.546493	-0.000000	1.510375	60.000000
25.700000	60.008883	-0.013324	1.546517	-0.000000	1.533193	60.000000
25.599000	59.996900	0.004651	1.546526	-0.000000	1.551176	60.000000
25.501000	59.988761	0.016859	1.546523	-0.000000	1.563381	60.000000
25.402000	59.983381	0.024929	1.546511	-0.000000	1.571441	60.000000
25.299000	59.981510	0.027735	1.546494	0.000000	1.574230	60.000000
25.198000	59.988820	0.016770	1.546476	0.000000	1.563246	60.000000
25.098000	59.993402	0.009897	1.546464	0.000000	1.556361	60.000000
24.998000	60.005670	-0.008505	1.546458	0.000000	1.537953	60.000000
24.901000	60.013731	-0.020596	1.546463	0.000000	1.525867	60.000000
24.802000	60.026988	-0.040482	1.546477	0.000000	1.505995	60.000000
24.700000	60.040252	-0.060378	1.546504	0.000000	1.486126	60.000000
24.599000	60.060292	-0.090438	1.546545	0.000000	1.456107	60.000000
24.498000	60.078578	-0.117867	1.546606	0.000000	1.428739	60.000000
24.399000	60.102555	-0.153833	1.546684	0.000000	1.392851	60.000000
24.300000	60.126531	-0.189797	1.546785	0.000000	1.356989	60.000000
24.207000	60.153293	-0.229940	1.546903	0.000000	1.316963	60.000000
24.099000	60.197442	-0.296164	1.547069	0.000000	1.250905	60.000000
23.998000	60.242239	-0.363358	1.547268	0.000000	1.183910	60.000000
23.900000	60.279604	-0.419406	1.547505	0.000000	1.128100	60.000000
23.799000	60.323197	-0.484796	1.547788	0.000000	1.062992	60.000000
23.701000	60.378421	-0.567631	1.548105	0.000000	0.980474	60.000000
23.600000	60.422800	-0.634200	1.548487	0.000000	0.914287	60.000000
23.502000	60.469918	-0.704877	1.548901	0.000000	0.844024	60.000000
23.400000	60.511507	-0.767261	1.549380	0.000000	0.782120	60.000000
23.298000	60.555524	-0.833287	1.549902	0.000000	0.716615	60.000000
23.201000	60.603608	-0.905413	1.550441	0.000000	0.645028	60.000000
23.116000	60.644232	-0.966348	1.550954	0.000000	0.584606	60.000000
23.033000	60.680140	-1.020210	1.551489	0.000000	0.531279	60.000000
22.950000	60.723315	-1.084973	1.552053	0.000000	0.467080	60.000000
22.867000	60.772724	-1.159086	1.552654	0.000000	0.393567	60.000000
22.699000	60.866276	-1.299414	1.553952	0.000000	0.254538	60.000000
22.603000	60.919014	-1.378521	1.554783	0.000000	0.176262	60.000000
22.498000	60.972232	-1.458347	1.555748	0.000000	0.097401	60.000000
22.399000	61.021822	-1.532733	1.556711	0.000000	0.023977	60.000000
22.303000	61.070329	-1.605493	1.557692	0.000000	-0.047801	60.000000
22.204000	61.107076	-1.660615	1.558751	0.000000	-0.101863	60.000000
22.099000	61.150253	-1.725379	1.559914	0.000000	-0.165466	60.000000
22.000000	61.185436	-1.778154	1.561053	0.000000	-0.217102	60.000000
21.899000	61.228185	-1.842277	1.562250	0.000000	-0.280027	60.000000
21.799000	61.277535	-1.916302	1.563478	0.000000	-0.352824	60.000000
21.698000	61.331238	-1.996857	1.564768	0.000000	-0.432088	60.000000
21.598000	61.373504	-2.060255	1.566100	0.000000	-0.494156	60.000000
21.500000	61.412682	-2.119023	1.567446	0.000000	-0.551578	60.000000
21.403000	61.447677	-2.171516	1.568816	0.000000	-0.602700	60.000000
21.304000	61.485459	-2.228189	1.570249	0.000000	-0.657940	60.000000
21.205000	61.520519	-2.280778	1.571720	0.000000	-0.709058	60.000000
21.101000	61.560542	-2.340813	1.573301	0.000000	-0.767512	60.000000
21.000000	61.596393	-2.394589	1.574877	0.000000	-0.819711	60.000000
20.901000	61.625331	-2.437997	1.576458	0.000000	-0.861539	60.000000
20.800000	61.651310	-2.476965	1.578099	0.000000	-0.898866	60.000000
20.701000	61.677045	-2.515567	1.579734	0.000000	-0.935833	60.000000
20.599000	61.701987	-2.552980	1.581445	0.000000	-0.971535	60.000000
20.499000	61.723606	-2.585409	1.583147	0.000000	-1.002262	60.000000
20.400000	61.740679	-2.611019	1.584853	0.000000	-1.026166	60.000000
20.298000	61.759511	-2.639267	1.586629	0.000000	-1.052638	60.000000
20.202000	61.768652	-2.652978	1.588318	0.000000	-1.064661	60.000000
20.101000	61.775074	-2.662611	1.590104	0.000000	-1.072507	60.000000
19.999000	61.786088	-2.679132	1.591915	0.000000	-1.087217	60.000000
19.901000	61.798266	-2.697399	1.593665	0.000000	-1.103734	60.000000
19.799000	61.810735	-2.716103	1.595499	0.000000	-1.120603	60.000000
19.698000	61.822367	-2.733551	1.597328	0.000000	-1.136223	60.000000
19.599000	61.843070	-2.764606	1.599132	0.000000	-1.165473	60.000000
19.501000	61.847736	-2.771604	1.600938	-0.000000	-1.170665	60.000000
19.404000	61.845916	-2.768873	1.602731	-0.000000	-1.166143	60.000000
19.298000	61.839263	-2.758895	1.604687	-0.000000	-1.154208	60.000000
19.199000	61.837014	-2.755521	1.606508	-0.000000	-1.149013	60.000000
19.098000	61.827389	-2.741084	1.608364	-0.000000	-1.132720	60.000000
18.999000	61.809890	-2.714835	1.610173	-0.000000	-1.104663	60.000000
18.903000	61.790697	-2.686045	1.611910	-0.000000	-1.074135	60.000000
18.802000	61.755512	-2.633268	1.613719	-0.000000	-1.019549	60.000000
18.698000	61.711375	-2.567062	1.615545	-0.000000	-0.951518	60.000000
18.600000	61.669474	-2.504210	1.617222	-0.000000	-0.886989	60.000000
18.500000	61.620974	-2.431461	1.618891	-0.000000	-0.812570	60.000000
18.400000	61.574050	-2.361074	1.620512	-0.000000	-0.740562	60.000000
18.299000	61.507022	-2.260533	1.622102	-0.000000	-0.638431	60.000000
18.199000	61.441742	-2.162613	1.623609	-0.000000	-0.539004	60.000000
18.099000	61.368053	-2.052079	1.625051	-0.000000	-0.427028	60.000000
17.999000	61.297875	-1.946812	1.626419	-0.000000	-0.320393	60.000000
17.900000	61.225274	-1.837911	1.627704	-0.000000	-0.210207	60.000000
17.797000	61.135723	-1.703585	1.628966	-0.000000	-0.074619	60.000000
17.698000	61.048953	-1.573429	1.630090	-0.000000	0.056661	60.000000
17.604000	60.957161	-1.435742	1.631076	-0.000000	0.195335	60.000000
17.501000	60.862637	-1.293955	1.632062	-0.000000	0.338107	60.000000
17.400000	60.761583	-1.142375	1.632933	-0.000000	0.490559	60.000000
17.302000	60.648901	-0.973352	1.633680	-0.000000	0.660328	60.000000
17.202000	60.526590	-0.789885	1.634328	-0.000000	0.844444	60.000000
17.104000	60.412938	-0.619407	1.634845	-0.000000	1.015438	60.000000
17.003000	60.295284	-0.442926	1.635262	-0.000000	1.192336	60.000000
16.900000	60.180600	-0.270900	1.635566	-0.000000	1.364666	60.000000
16.801000	60.064099	-0.096148	1.635745	-0.000000	1.539596	60.000000
16.701000	59.943847	0.084230	1.635809	-0.000000	1.720038	60.000000
16.601000	59.833509	0.249736	1.635752	-0.000000	1.885489	60.000000
16.498000	59.714350	0.428474	1.635581	-0.000000	2.064055	60.000000
16.400000	59.592783	0.610826	1.635301	-0.000000	2.246127	60.000000
16.301000	59.476285	0.785573	1.634898	-0.000000	2.420471	60.000000
16.198000	59.347658	0.978513	1.634358	-0.000000	2.612871	60.000000
16.104000	59.229107	1.156340	1.633745	-0.000000	2.790085	60.000000
16.001000	59.104159	1.343762	1.632951	-0.000000	2.976713	60.000000
15.901000	58.983259	1.525112	1.632055	-0.000000	3.157167	60.000000
15.800000	58.854143	1.718786	1.631029	-0.000000	3.349814	60.000000
15.700000	58.719541	1.920689	1.629883	-0.000000	3.550572	60.000000
15.600000	58.595494	2.106760	1.628602	-0.000000	3.735362	60.000000
15.502000	58.492159	2.261762	1.627226	-0.000000	3.888987	60.000000
15.402000	58.366603	2.450095	1.625718	-0.000000	4.075813	60.000000
15.304000	58.244616	2.633076	1.624117	-0.000000	4.257193	60.000000
15.200000	58.120939	2.818591	1.622292	-0.000000	4.440883	60.000000
15.101000	57.994963	3.007556	1.620431	-0.000000	4.627987	60.000000
15.001000	57.865427	3.201860	1.618426	-0.000000	4.820286	60.000000
14.900000	57.735228	3.397157	1.616270	-0.000000	5.013428	60.000000
14.800000	57.608467	3.587299	1.614006	-0.000000	5.201305	60.000000
14.702000	57.481774	3.777338	1.611662	-0.000000	5.389000	60.000000
14.600000	57.359600	3.960601	1.609093	-0.000000	5.569694	60.000000
14.501000	57.231635	4.152547	1.606479	-0.000000	5.759026	60.000000
14.401000	57.104332	4.343501	1.603711	-0.000000	5.947212	60.000000
14.302000	56.978543	4.532185	1.600844	-0.000000	6.133029	60.000000
14.202000	56.849725	4.725412	1.597823	-0.000000	6.323235	60.000000
14.106000	56.720012	4.919982	1.594799	-0.000000	6.514780	60.000000
13.999000	56.587395	5.118908	1.591289	-0.000000	6.710197	60.000000
13.902000	56.462873	5.305691	1.587979	-0.000000	6.893669	60.000000
13.799000	56.333219	5.500171	1.584335	-0.000000	7.084507	60.000000
13.699000	56.211523	5.682716	1.580669	-0.000000	7.263384	60.000000
13.601000	56.093938	5.859092	1.576956	-0.000000	7.436048	60.000000
13.503000	55.964169	6.053746	1.573128	-0.000000	7.626874	60.000000
13.403000	55.835718	6.246422	1.569092	-0.000000	7.815515	60.000000
13.299000	55.698029	6.452956	1.564761	-0.000000	8.017718	60.000000
13.202000	55.565056	6.652416	1.560588	-0.000000	8.213004	60.000000
13.100000	55.423936	6.864095	1.556065	-0.000000	8.420160	60.000000
13.000000	55.301581	7.047629	1.551489	-0.000000	8.599118	60.000000
12.905000	55.177905	7.233142	1.547025	-0.000000	8.780168	60.000000
12.805000	55.045227	7.432159	1.542203	-0.000000	8.974362	60.000000
12.699000	54.908570	7.637144	1.536951	-0.000000	9.174095	60.000000
12.598000	54.787792	7.818313	1.531809	-0.000000	9.350121	60.000000
12.500000	54.666946	7.999582	1.526701	-0.000000	9.526282	60.000000
12.400000	54.545205	8.182192	1.521368	-0.000000	9.703560	60.000000
12.299000	54.422607	8.366090	1.515858	-0.000000	9.881949	60.000000
12.202000	54.304173	8.543740	1.510448	-0.000000	10.054189	60.000000
12.099000	54.172287	8.741570	1.504582	-0.000000	10.246152	60.000000
12.000000	54.035441	8.946839	1.498812	-0.000000	10.445651	60.000000
11.901000	53.902110	9.146835	1.492907	-0.000000	10.639743	60.000000
11.799000	53.763215	9.355178	1.486687	-0.000000	10.841865	60.000000
11.699000	53.627766	9.558350	1.480451	-0.000000	11.038801	60.000000
11.603000	53.505892	9.741162	1.474333	-0.000000	11.215495	60.000000
11.500000	53.388189	9.917716	1.467644	-0.000000	11.385360	60.000000
11.401000	53.260527	10.109210	1.461099	-0.000000	11.570308	60.000000
11.300000	53.134251	10.298623	1.454292	-0.000000	11.752915	60.000000
11.204000	53.009001	10.486498	1.447701	-0.000000	11.934199	60.000000
11.105000	52.876267	10.685599	1.440780	-0.000000	12.126379	60.000000
11.003000	52.742991	10.885513	1.433513	-0.000000	12.319027	60.000000
10.899000	52.619249	11.071127	1.425966	-0.000000	12.497093	60.000000
10.800000	52.501246	11.248131	1.418659	-0.000000	12.666791	60.000000
10.705000	52.383953	11.424070	1.411535	-0.000000	12.835605	60.000000
10.604000	52.249477	11.625784	1.403843	-0.000000	13.029627	60.000000
10.499000	52.116924	11.824614	1.395705	-0.000000	13.220319	60.000000
10.398000	51.987927	12.018109	1.387743	-0.000000	13.405852	60.000000
10.300000	51.859240	12.211139	1.379891	-0.000000	13.591031	60.000000
10.201000	51.724516	12.413226	1.371832	-0.000000	13.785058	60.000000
10.103000	51.597940	12.603090	1.363722	-0.000000	13.966812	60.000000
10.001000	51.461940	12.807089	1.355152	-0.000000	14.162241	60.000000
9.899000	51.330779	13.003831	1.346443	-0.000000	14.350274	60.000000
9.798000	51.198948	13.201579	1.337687	-0.000000	14.539266	60.000000
9.699000	51.065432	13.401853	1.328974	-0.000000	14.730827	60.000000
9.600000	50.932089	13.601867	1.320129	-0.000000	14.921996	60.000000
9.502000	50.806296	13.790557	1.311242	-0.000000	15.101799	60.000000
9.401000	50.672050	13.991925	1.301957	-0.000000	15.293882	60.000000
9.303000	50.546258	14.180613	1.292815	-0.000000	15.473428	60.000000
9.201000	50.414251	14.378624	1.283173	-0.000000	15.661796	60.000000
9.100000	50.288399	14.567402	1.273491	-0.000000	15.840892	60.000000
9.002000	50.165204	14.752195	1.263974	-0.000000	16.016168	60.000000
8.900000	50.036871	14.944694	1.253942	-0.000000	16.198636	60.000000
8.799000	49.917837	15.123245	1.243879	-0.000000	16.367124	60.000000
8.701000	49.795164	15.307254	1.233999	-0.000000	16.541253	60.000000
8.603000	49.664861	15.502708	1.223998	-0.000000	16.726706	60.000000
8.502000	49.528534	15.707199	1.213560	-0.000000	16.920759	60.000000
8.398000	49.391845	15.912233	1.202669	-0.000000	17.114902	60.000000
8.302000	49.259068	16.111398	1.192485	-0.000000	17.303884	60.000000
8.200000	49.127009	16.309486	1.181530	-0.000000	17.491016	60.000000
8.102000	48.992009	16.511987	1.170874	-0.000000	17.682861	60.000000
7.997000	48.858988	16.711517	1.159316	-0.000000	17.870833	60.000000
7.899000	48.723624	16.914564	1.148398	-0.000000	18.062961	60.000000
7.801000	48.594581	17.108129	1.137347	-0.000000	18.245475	60.000000
7.701000	48.470651	17.294023	1.125941	-0.000000	18.419965	60.000000
7.603000	48.346656	17.480016	1.114642	-0.000000	18.594659	60.000000
7.502000	48.212315	17.681528	1.102873	-0.000000	18.784401	60.000000
7.403000	48.087180	17.869230	1.091203	-0.000000	18.960433	60.000000
7.299000	47.964216	18.053677	1.078813	-0.000000	19.132490	60.000000
7.200000	47.836677	18.244985	1.066898	-0.000000	19.311883	60.000000
7.114000	47.726888	18.409668	1.056438	-0.000000	19.466106	60.000000
7.010000	47.596338	18.605494	1.043674	-0.000000	19.649167	60.000000
6.931000	47.497384	18.753924	1.033875	-0.000000	19.787798	60.000000
6.853000	47.397111	18.904334	1.024123	-0.000000	19.928456	60.000000
6.773000	47.292627	19.061060	1.014040	-0.000000	20.075100	60.000000
6.671000	47.157625	19.263563	1.001079	-0.000000	20.264641	60.000000
6.499000	46.947864	19.578204	0.978990	-0.000000	20.557194	60.000000
6.399000	46.819540	19.770690	0.965938	-0.000000	20.736628	60.000000
6.301000	46.693084	19.960374	0.953021	-0.000000	20.913395	60.000000
6.202000	46.570359	20.144461	0.939847	-0.000000	21.084308	60.000000
6.098000	46.437160	20.344260	0.925880	-0.000000	21.270141	60.000000
6.000000	46.315937	20.526095	0.912589	-0.000000	21.438684	60.000000
5.900000	46.194362	20.708458	0.898905	-0.000000	21.607362	60.000000
5.801000	46.071940	20.892090	0.885237	-0.000000	21.777327	60.000000
5.700000	45.951014	21.073479	0.871170	-0.000000	21.944649	60.000000
5.602000	45.827810	21.258285	0.857402	-0.000000	22.115687	60.000000
5.500000	45.714351	21.428474	0.842946	-0.000000	22.271420	60.000000
5.399000	45.596859	21.604711	0.828518	-0.000000	22.433228	60.000000
5.300000	45.483649	21.774527	0.814258	-0.000000	22.588785	60.000000
5.201000	45.364533	21.953201	0.799887	-0.000000	22.753088	60.000000
5.097000	45.243068	22.135399	0.784666	-0.000000	22.920065	60.000000
5.002000	45.122275	22.316588	0.770647	-0.000000	23.087235	60.000000
4.903000	45.008153	22.487770	0.755918	-0.000000	23.243688	60.000000
4.800000	44.890539	22.664191	0.740477	-0.000000	23.404668	60.000000
4.702000	44.780335	22.829498	0.725669	-0.000000	23.555167	60.000000
4.601000	44.677355	22.983968	0.710298	-0.000000	23.694265	60.000000
4.498000	44.570156	23.144766	0.694515	-0.000000	23.839281	60.000000
4.401000	44.463196	23.305207	0.679548	-0.000000	23.984755	60.000000
4.300000	44.354494	23.468259	0.663856	-0.000000	24.132115	60.000000
4.202000	44.250610	23.624085	0.648524	-0.000000	24.272608	60.000000
4.100000	44.146129	23.780807	0.632459	-0.000000	24.413266	60.000000
4.000000	44.047712	23.928433	0.616605	-0.000000	24.545038	60.000000
3.899000	43.956407	24.065389	0.600493	-0.000000	24.665883	60.000000
3.799000	43.862213	24.206681	0.584450	-0.000000	24.791131	60.000000
3.704000	43.765854	24.351220	0.569119	-0.000000	24.920339	60.000000
3.601000	43.670031	24.494954	0.552398	-0.000000	25.047352	60.000000
3.501000	43.565720	24.651420	0.536068	-0.000000	25.187488	60.000000
3.400000	43.469000	24.796500	0.519469	-0.000000	25.315969	60.000000
3.304000	43.379499	24.930751	0.503599	-0.000000	25.434351	60.000000
3.200000	43.291381	25.062928	0.486314	-0.000000	25.549242	60.000000
3.099000	43.204706	25.192941	0.469438	-0.000000	25.662379	60.000000
2.999000	43.116168	25.325748	0.452643	-0.000000	25.778391	60.000000
2.899000	43.046050	25.430925	0.435759	-0.000000	25.866684	60.000000
2.802000	42.974304	25.538544	0.419314	-0.000000	25.957858	60.000000
2.701000	42.903523	25.644716	0.402118	-0.000000	26.046834	60.000000
2.599000	42.834000	25.749000	0.384680	-0.000000	26.133680	60.000000
2.499000	42.770507	25.844240	0.367514	-0.000000	26.211754	60.000000
2.400000	42.716576	25.925137	0.350456	-0.000000	26.275593	60.000000
2.301000	42.663368	26.004948	0.333346	-0.000000	26.338294	60.000000
2.198000	42.608954	26.086568	0.315489	-0.000000	26.402057	60.000000
2.109000	42.570975	26.143538	0.300011	-0.000000	26.443549	60.000000
2.015000	42.528664	26.207003	0.283628	-0.000000	26.490631	60.000000
1.913000	42.485931	26.271103	0.265807	-0.000000	26.536910	60.000000
1.812000	42.450963	26.323555	0.248118	-0.000000	26.571673	60.000000
1.717000	42.423751	26.364373	0.231446	-0.000000	26.595820	60.000000
1.622000	42.400882	26.398677	0.214749	-0.000000	26.613426	60.000000
1.525000	42.383062	26.425406	0.197678	-0.000000	26.623084	60.000000
1.427000	42.373134	26.440299	0.180413	-0.000000	26.620712	60.000000
1.326000	42.369640	26.445541	0.162610	0.000000	26.608151	60.000000
1.224000	42.371870	26.442195	0.144627	0.000000	26.586822	60.000000
1.129000	42.375604	26.436595	0.127880	0.000000	26.564475	60.000000
1.034000	42.388909	26.416637	0.111137	0.000000	26.527774	60.000000
0.865000	42.426700	26.359951	0.081374	0.000000	26.441325	60.000000
0.769000	42.483707	26.274439	0.064504	0.000000	26.338943	60.000000
0.672000	42.515244	26.227134	0.047513	0.000000	26.274647	60.000000
0.570000	42.541968	26.187048	0.029679	0.000000	26.216726	60.000000
0.400000	42.596861	0.000000	0.000000	0.000000	0.000000	60.000000
0.301000	42.632436	0.000000	0.000000	0.000000	0.000000	60.000000
0.204000	42.664572	0.000000	0.000000	0.000000	0.000000	60.000000
0.098000	42.691173	0.000000	0.000000	0.000000	0.000000	60.000000
