Zeit (s)	Istwert	P	I	D	Regelausgang	Sollwert
58.095000	60.259505	-0.259505	1.124250	0.000000	0.864745	60.000000
57.998000	60.266096	-0.266096	1.124753	0.000000	0.858657	60.000000
57.898000	60.272032	-0.272032	1.125285	0.000000	0.853254	60.000000
57.792000	60.284870	-0.284870	1.125862	0.000000	0.840992	60.000000
57.694000	60.289953	-0.289953	1.126420	-0.000000	0.836468	60.000000
57.597000	60.289232	-0.289232	1.126983	0.000000	0.837751	60.000000
57.495000	60.294435	-0.294435	1.127573	-0.000000	0.833138	60.000000
57.397000	60.293045	-0.293045	1.128150	-0.000000	0.835105	60.000000
57.296000	60.285477	-0.285477	1.128742	0.000000	0.843265	60.000000
57.195000	60.286447	-0.286447	1.129319	-0.000000	0.842872	60.000000
57.096000	60.283116	-0.283116	1.129886	-0.000000	0.846770	60.000000
56.996000	60.282149	-0.282149	1.130452	-0.000000	0.848303	60.000000
56.897000	60.281115	-0.281115	1.131011	-0.000000	0.849896	60.000000
56.794000	60.277965	-0.277965	1.131590	-0.000000	0.853624	60.000000
56.697000	60.266521	-0.266521	1.132129	-0.000000	0.865608	60.000000
56.597000	60.260951	-0.260951	1.132662	-0.000000	0.871711	60.000000
56.494000	60.257200	-0.257200	1.133200	-0.000000	0.875999	60.000000
56.397000	60.251441	-0.251441	1.133699	0.000000	0.882257	60.000000
56.296000	60.253933	-0.253933	1.134207	0.000000	0.880274	60.000000
56.197000	60.267794	-0.267794	1.134709	0.000000	0.866915	60.000000
56.098000	60.268644	-0.268644	1.135240	0.000000	0.866595	60.000000
55.997000	60.279722	-0.279722	1.135782	0.000000	0.856060	60.000000
55.895000	60.285957	-0.285957	1.136353	-0.000000	0.850395	60.000000
55.798000	60.285235	-0.285235	1.136908	0.000000	0.851673	60.000000
55.697000	60.287538	-0.287538	1.137484	0.000000	0.849946	60.000000
55.595000	60.288138	-0.288138	1.138070	-0.000000	0.849932	60.000000
55.496000	60.285664	-0.285664	1.138641	0.000000	0.852977	60.000000
55.401000	60.290691	-0.290691	1.139184	-0.000000	0.848492	60.000000
55.303000	60.281780	-0.281780	1.139753	-0.000000	0.857973	60.000000
55.213000	60.276815	-0.276815	1.140261	-0.000000	0.863445	60.000000
55.099000	60.270339	-0.270339	1.140892	-0.000000	0.870553	60.000000
54.997000	60.259136	-0.259136	1.141443	-0.000000	0.882307	60.000000
54.896000	60.246486	-0.246486	1.141967	-0.000000	0.895481	60.000000
54.798000	60.242060	-0.242060	1.142450	0.000000	0.900390	60.000000
54.695000	60.244550	-0.244550	1.142948	-0.000000	0.898399	60.000000
54.595000	60.239274	-0.239274	1.143438	0.000000	0.904164	60.000000
54.499000	60.247819	-0.247819	1.143897	0.000000	0.896078	60.000000
54.396000	60.249204	-0.249204	1.144407	-0.000000	0.895203	60.000000
54.297000	60.245084	-0.245084	1.144901	-0.000000	0.899817	60.000000
54.195000	60.242188	-0.242188	1.145401	0.000000	0.903213	60.000000
54.097000	60.247875	-0.247875	1.145876	0.000000	0.898000	60.000000
53.997000	60.249512	-0.249512	1.146371	0.000000	0.896859	60.000000
53.898000	60.258774	-0.258774	1.146865	-0.000000	0.888091	60.000000
53.800000	60.251628	-0.251628	1.147373	-0.000000	0.895744	60.000000
53.695000	60.244304	-0.244304	1.147901	-0.000000	0.903597	60.000000
53.594000	60.243456	-0.243456	1.148394	-0.000000	0.904938	60.000000
53.496000	60.239945	-0.239945	1.148872	0.000000	0.908927	60.000000
53.397000	60.240484	-0.240484	1.149347	0.000000	0.908862	60.000000
53.300000	60.247691	-0.247691	1.149813	0.000000	0.902122	60.000000
53.199000	60.248421	-0.248421	1.150314	-0.000000	0.901892	60.000000
53.095000	60.241336	-0.241336	1.150830	-0.000000	0.909494	60.000000
52.997000	60.231463	-0.231463	1.151303	-0.000000	0.919840	60.000000
52.897000	60.218813	-0.218813	1.151766	-0.000000	0.932953	60.000000
52.797000	60.209365	-0.209365	1.152204	0.000000	0.942839	60.000000
52.710000	60.212389	-0.212389	1.152568	0.000000	0.940179	60.000000
52.622000	60.217118	-0.217118	1.152942	0.000000	0.935824	60.000000
52.534000	60.228321	-0.228321	1.153324	0.000000	0.925003	60.000000
52.447000	60.230193	-0.230193	1.153721	0.000000	0.923528	60.000000
52.354000	60.237156	-0.237156	1.154150	0.000000	0.916993	60.000000
52.265000	60.238122	-0.238122	1.154572	0.000000	0.916449	60.000000
52.175000	60.238250	-0.238250	1.155000	-0.000000	0.916750	60.000000
52.021000	60.235944	-0.235944	1.155734	0.000000	0.919790	60.000000
51.934000	60.236672	-0.236672	1.156145	0.000000	0.919473	60.000000
51.843000	60.245451	-0.245451	1.156575	0.000000	0.911124	60.000000
51.755000	60.250661	-0.250661	1.157007	0.000000	0.906346	60.000000
51.666000	60.264344	-0.264344	1.157454	0.000000	0.893110	60.000000
51.497000	60.271666	-0.271666	1.158347	-0.000000	0.886681	60.000000
51.398000	60.269852	-0.269852	1.158885	0.000000	0.889033	60.000000
51.296000	60.273673	-0.273673	1.159435	-0.000000	0.885763	60.000000
51.194000	60.272703	-0.272703	1.159994	0.000000	0.887291	60.000000
51.098000	60.281487	-0.281487	1.160517	0.000000	0.879030	60.000000
50.998000	60.290198	-0.290198	1.161080	0.000000	0.870883	60.000000
50.894000	60.298130	-0.298130	1.161684	0.000000	0.863554	60.000000
50.796000	60.303523	-0.303523	1.162268	0.000000	0.858745	60.000000
50.697000	60.309399	-0.309399	1.162869	0.000000	0.853470	60.000000
50.595000	60.326473	-0.326473	1.163500	0.000000	0.837027	60.000000
50.497000	60.328831	-0.328831	1.164140	0.000000	0.835309	60.000000
50.398000	60.329796	-0.329796	1.164791	0.000000	0.834996	60.000000
50.295000	60.338758	-0.338758	1.165471	0.000000	0.826713	60.000000
50.204000	60.344573	-0.344573	1.166087	0.000000	0.821514	60.000000
50.096000	60.356380	-0.356380	1.166832	-0.000000	0.810451	60.000000
49.995000	60.355355	-0.355355	1.167551	0.000000	0.812196	60.000000
49.895000	60.358864	-0.358864	1.168262	0.000000	0.809399	60.000000
49.796000	60.366795	-0.366795	1.168973	0.000000	0.802178	60.000000
49.694000	60.371335	-0.371335	1.169721	-0.000000	0.798386	60.000000
49.596000	60.365459	-0.365459	1.170449	0.000000	0.804990	60.000000
49.500000	60.365949	-0.365949	1.171150	0.000000	0.805202	60.000000
49.393000	60.371642	-0.371642	1.171934	0.000000	0.800292	60.000000
49.295000	60.375635	-0.375635	1.172662	0.000000	0.797027	60.000000
49.196000	60.377751	-0.377751	1.173406	-0.000000	0.795655	60.000000
49.099000	60.373397	-0.373397	1.174139	-0.000000	0.800741	60.000000
48.997000	60.369943	-0.369943	1.174900	-0.000000	0.804957	60.000000
48.897000	60.369640	-0.369640	1.175640	-0.000000	0.806000	60.000000
48.799000	60.367281	-0.367281	1.176365	0.000000	0.809084	60.000000
48.696000	60.374241	-0.374241	1.177121	0.000000	0.802880	60.000000
48.596000	60.382600	-0.382600	1.177870	-0.000000	0.795270	60.000000
48.497000	60.381999	-0.381999	1.178627	0.000000	0.796628	60.000000
48.396000	60.390895	-0.390895	1.179399	-0.000000	0.788504	60.000000
48.296000	60.379268	-0.379268	1.180181	-0.000000	0.800913	60.000000
48.199000	60.377813	-0.377813	1.180917	-0.000000	0.803104	60.000000
48.097000	60.364672	-0.364672	1.181687	-0.000000	0.817015	60.000000
47.996000	60.351537	-0.351537	1.182424	-0.000000	0.830886	60.000000
47.895000	60.337669	-0.337669	1.183134	0.000000	0.845465	60.000000
47.794000	60.341428	-0.341428	1.183816	-0.000000	0.842388	60.000000
47.696000	60.334035	-0.334035	1.184485	0.000000	0.850451	60.000000
47.598000	60.334582	-0.334582	1.185140	-0.000000	0.850558	60.000000
47.495000	60.324774	-0.324774	1.185829	-0.000000	0.861055	60.000000
47.395000	60.311514	-0.311514	1.186479	0.000000	0.874965	60.000000
47.297000	60.314176	-0.314176	1.187089	0.000000	0.872913	60.000000
47.195000	60.326589	-0.326589	1.187730	0.000000	0.861142	60.000000
47.098000	60.330281	-0.330281	1.188364	0.000000	0.858082	60.000000
46.997000	60.337368	-0.337368	1.189031	0.000000	0.851663	60.000000
46.895000	60.341061	-0.341061	1.189719	-0.000000	0.848658	60.000000
46.795000	60.340938	-0.340938	1.190401	0.000000	0.849463	60.000000
46.696000	60.345123	-0.345123	1.191076	0.000000	0.845953	60.000000
46.597000	60.352565	-0.352565	1.191760	0.000000	0.839195	60.000000
46.496000	60.355778	-0.355778	1.192472	0.000000	0.836694	60.000000
46.397000	60.356384	-0.356384	1.193176	-0.000000	0.836792	60.000000
46.296000	60.355775	-0.355775	1.193896	-0.000000	0.838121	60.000000
46.197000	60.348629	-0.348629	1.194601	-0.000000	0.845972	60.000000
46.096000	60.343295	-0.343295	1.195305	-0.000000	0.852010	60.000000
45.998000	60.337426	-0.337426	1.195978	-0.000000	0.858552	60.000000
45.896000	60.332402	-0.332402	1.196666	-0.000000	0.864265	60.000000
45.796000	60.326830	-0.326830	1.197331	-0.000000	0.870501	60.000000
45.697000	60.319927	-0.319927	1.197978	-0.000000	0.878051	60.000000
45.597000	60.312300	-0.312300	1.198618	-0.000000	0.886318	60.000000
45.495000	60.311572	-0.311572	1.199255	0.000000	0.887683	60.000000
45.396000	60.313509	-0.313509	1.199872	0.000000	0.886363	60.000000
45.295000	60.313868	-0.313868	1.200505	0.000000	0.886637	60.000000
45.199000	60.314659	-0.314659	1.201108	0.000000	0.886449	60.000000
45.095000	60.320355	-0.320355	1.201762	0.000000	0.881407	60.000000
44.995000	60.325318	-0.325318	1.202403	-0.000000	0.877086	60.000000
44.895000	60.324952	-0.324952	1.203054	0.000000	0.878102	60.000000
44.798000	60.328589	-0.328589	1.203684	-0.000000	0.875095	60.000000
44.700000	60.327743	-0.327743	1.204328	-0.000000	0.876585	60.000000
44.595000	60.318660	-0.318660	1.205016	-0.000000	0.886356	60.000000
44.495000	60.316354	-0.316354	1.205654	-0.000000	0.889300	60.000000
44.397000	60.315145	-0.315145	1.206274	0.000000	0.891129	60.000000
44.296000	60.321014	-0.321014	1.206910	0.000000	0.885896	60.000000
44.199000	60.322168	-0.322168	1.207533	-0.000000	0.885365	60.000000
44.098000	60.320234	-0.320234	1.208184	-0.000000	0.887950	60.000000
43.996000	60.317447	-0.317447	1.208837	-0.000000	0.891391	60.000000
43.897000	60.302675	-0.302675	1.209466	0.000000	0.906791	60.000000
43.797000	60.308911	-0.308911	1.210071	0.000000	0.901160	60.000000
43.699000	60.311272	-0.311272	1.210677	0.000000	0.899405	60.000000
43.595000	60.311454	-0.311454	1.211324	0.000000	0.899870	60.000000
43.500000	60.326407	-0.326407	1.211916	0.000000	0.885509	60.000000
43.395000	60.328412	-0.328412	1.212601	-0.000000	0.884190	60.000000
43.297000	60.327139	-0.327139	1.213245	-0.000000	0.886106	60.000000
43.197000	60.326524	-0.326524	1.213899	0.000000	0.887375	60.000000
43.094000	60.335187	-0.335187	1.214572	-0.000000	0.879384	60.000000
42.996000	60.331433	-0.331433	1.215229	-0.000000	0.883796	60.000000
42.897000	60.327919	-0.327919	1.215885	-0.000000	0.887966	60.000000
42.796000	60.327491	-0.327491	1.216547	-0.000000	0.889056	60.000000
42.696000	60.316962	-0.316962	1.217202	-0.000000	0.900240	60.000000
42.596000	60.299953	-0.299953	1.217836	-0.000000	0.917883	60.000000
42.499000	60.289172	-0.289172	1.218418	-0.000000	0.929246	60.000000
42.396000	60.282145	-0.282145	1.219014	0.000000	0.936869	60.000000
42.300000	60.298796	-0.298796	1.219556	0.000000	0.920759	60.000000
42.201000	60.307278	-0.307278	1.220147	0.000000	0.912869	60.000000
42.096000	60.315326	-0.315326	1.220793	-0.000000	0.905466	60.000000
41.998000	60.308914	-0.308914	1.221411	0.000000	0.912497	60.000000
41.896000	60.317141	-0.317141	1.222041	0.000000	0.904900	60.000000
41.796000	60.318414	-0.318414	1.222675	0.000000	0.904261	60.000000
41.696000	60.325502	-0.325502	1.223312	0.000000	0.897810	60.000000
41.595000	60.336939	-0.336939	1.223969	0.000000	0.887030	60.000000
41.496000	60.342149	-0.342149	1.224637	0.000000	0.882487	60.000000
41.396000	60.350507	-0.350507	1.225321	-0.000000	0.874814	60.000000
41.298000	60.348143	-0.348143	1.226008	0.000000	0.877864	60.000000
41.196000	60.352202	-0.352202	1.226718	0.000000	0.874516	60.000000
41.095000	60.355779	-0.355779	1.227430	0.000000	0.871651	60.000000
40.997000	60.360556	-0.360556	1.228127	0.000000	0.867571	60.000000
40.896000	60.361411	-0.361411	1.228855	-0.000000	0.867444	60.000000
40.796000	60.361167	-0.361167	1.229578	-0.000000	0.868411	60.000000
40.698000	60.360319	-0.360319	1.230286	-0.000000	0.869967	60.000000
40.599000	60.358686	-0.358686	1.230999	-0.000000	0.872313	60.000000
40.496000	60.357046	-0.357046	1.231738	0.000000	0.874692	60.000000
40.396000	60.359404	-0.359404	1.232452	0.000000	0.873048	60.000000
40.311000	60.364613	-0.364613	1.233063	0.000000	0.868450	60.000000
40.224000	60.367643	-0.367643	1.233698	0.000000	0.866055	60.000000
40.137000	60.368130	-0.368130	1.234337	0.000000	0.866208	60.000000
40.030000	60.373150	-0.373150	1.235125	-0.000000	0.861975	60.000000
39.943000	60.370976	-0.370976	1.235774	-0.000000	0.864798	60.000000
39.853000	60.370125	-0.370125	1.236442	-0.000000	0.866318	60.000000
39.767000	60.361528	-0.361528	1.237079	0.000000	0.875550	60.000000
39.594000	60.364918	-0.364918	1.238330	0.000000	0.873411	60.000000
39.497000	60.379690	-0.379690	1.239038	0.000000	0.859347	60.000000
39.399000	60.387748	-0.387748	1.239782	0.000000	0.852033	60.000000
39.295000	60.393015	-0.393015	1.240588	0.000000	0.847573	60.000000
39.195000	60.405791	-0.405791	1.241374	0.000000	0.835584	60.000000
39.098000	60.417782	-0.417782	1.242162	-0.000000	0.824380	60.000000
38.995000	60.415414	-0.415414	1.243022	0.000000	0.827608	60.000000
38.897000	60.422984	-0.422984	1.243837	0.000000	0.820852	60.000000
38.799000	60.445810	-0.445810	1.244666	0.000000	0.798856	60.000000
38.701000	60.458290	-0.458290	1.245539	0.000000	0.787250	60.000000
38.594000	60.465126	-0.465126	1.246520	-0.000000	0.781394	60.000000
38.496000	60.463800	-0.463800	1.247432	-0.000000	0.783632	60.000000
38.399000	60.459678	-0.459678	1.248331	0.000000	0.788654	60.000000
38.297000	60.465913	-0.465913	1.249269	0.000000	0.783356	60.000000
38.200000	60.467124	-0.467124	1.250173	0.000000	0.783049	60.000000
38.097000	60.493890	-0.493890	1.251135	-0.000000	0.757245	60.000000
37.995000	60.460102	-0.460102	1.252143	0.000000	0.792041	60.000000
37.898000	60.465920	-0.465920	1.253036	0.000000	0.787116	60.000000
37.801000	60.479172	-0.479172	1.253939	0.000000	0.774768	60.000000
37.699000	60.485235	-0.485235	1.254917	0.000000	0.769682	60.000000
37.597000	60.507149	-0.507149	1.255907	-0.000000	0.748758	60.000000
37.497000	60.502245	-0.502245	1.256921	-0.000000	0.754676	60.000000
37.397000	60.497522	-0.497522	1.257926	-0.000000	0.760404	60.000000
37.297000	60.491230	-0.491230	1.258921	0.000000	0.767690	60.000000
37.199000	60.505332	-0.505332	1.259883	-0.000000	0.754551	60.000000
37.096000	60.488014	-0.488014	1.260924	0.000000	0.772910	60.000000
36.997000	60.492381	-0.492381	1.261891	0.000000	0.769510	60.000000
36.897000	60.504061	-0.504061	1.262875	-0.000000	0.758814	60.000000
36.797000	60.501587	-0.501587	1.263884	0.000000	0.762296	60.000000
36.695000	60.504424	-0.504424	1.264907	-0.000000	0.760482	60.000000
36.598000	60.501882	-0.501882	1.265885	-0.000000	0.764003	60.000000
36.499000	60.482325	-0.482325	1.266879	0.000000	0.784554	60.000000
36.397000	60.485843	-0.485843	1.267863	-0.000000	0.782020	60.000000
36.300000	60.484750	-0.484750	1.268806	-0.000000	0.784055	60.000000
36.197000	60.467973	-0.467973	1.269804	-0.000000	0.801832	60.000000
36.095000	60.459017	-0.459017	1.270759	-0.000000	0.811741	60.000000
35.999000	60.446238	-0.446238	1.271640	-0.000000	0.825402	60.000000
35.899000	60.440726	-0.440726	1.272533	-0.000000	0.831806	60.000000
35.796000	60.433941	-0.433941	1.273441	-0.000000	0.839500	60.000000
35.697000	60.416932	-0.416932	1.274300	-0.000000	0.857368	60.000000
35.596000	60.402764	-0.402764	1.275142	-0.000000	0.872378	60.000000
35.498000	60.383745	-0.383745	1.275931	-0.000000	0.892186	60.000000
35.401000	60.369032	-0.369032	1.276676	-0.000000	0.907644	60.000000
35.301000	60.353536	-0.353536	1.277414	-0.000000	0.923877	60.000000
35.203000	60.339608	-0.339608	1.278107	-0.000000	0.938499	60.000000
35.097000	60.333190	-0.333190	1.278827	-0.000000	0.945637	60.000000
34.997000	60.331437	-0.331437	1.279493	-0.000000	0.948056	60.000000
34.897000	60.329737	-0.329737	1.280156	0.000000	0.950419	60.000000
34.798000	60.333549	-0.333549	1.280809	-0.000000	0.947260	60.000000
34.698000	60.333371	-0.333371	1.281476	-0.000000	0.948105	60.000000
34.595000	60.328046	-0.328046	1.282163	-0.000000	0.954117	60.000000
34.498000	60.319267	-0.319267	1.282799	0.000000	0.963532	60.000000
34.398000	60.321564	-0.321564	1.283438	0.000000	0.961873	60.000000
34.299000	60.329009	-0.329009	1.284074	0.000000	0.955066	60.000000
34.197000	60.329431	-0.329431	1.284746	-0.000000	0.955314	60.000000
34.098000	60.327794	-0.327794	1.285398	0.000000	0.957604	60.000000
33.997000	60.337309	-0.337309	1.286060	0.000000	0.948751	60.000000
33.900000	60.348874	-0.348874	1.286714	0.000000	0.937840	60.000000
33.798000	60.356804	-0.356804	1.287426	-0.000000	0.930622	60.000000
33.700000	60.351357	-0.351357	1.288125	0.000000	0.936768	60.000000
33.597000	60.368252	-0.368252	1.288849	-0.000000	0.920597	60.000000
33.497000	60.335370	-0.335370	1.289586	0.000000	0.954215	60.000000
33.399000	60.337064	-0.337064	1.290243	-0.000000	0.953179	60.000000
33.297000	60.331796	-0.331796	1.290931	-0.000000	0.959134	60.000000
33.198000	60.327619	-0.327619	1.291588	0.000000	0.963968	60.000000
33.099000	60.330950	-0.330950	1.292236	0.000000	0.961286	60.000000
32.997000	60.341186	-0.341186	1.292911	0.000000	0.951726	60.000000
32.898000	60.346389	-0.346389	1.293587	0.000000	0.947198	60.000000
32.797000	60.360561	-0.360561	1.294287	0.000000	0.933725	60.000000
32.711000	60.367223	-0.367223	1.294907	0.000000	0.927684	60.000000
32.598000	60.375454	-0.375454	1.295737	0.000000	0.920282	60.000000
32.500000	60.381754	-0.381754	1.296473	0.000000	0.914719	60.000000
32.396000	60.384661	-0.384661	1.297267	0.000000	0.912606	60.000000
32.295000	60.385935	-0.385935	1.298044	-0.000000	0.912109	60.000000
32.196000	60.378843	-0.378843	1.298808	-0.000000	0.919965	60.000000
32.096000	60.374788	-0.374788	1.299566	-0.000000	0.924777	60.000000
31.997000	60.367162	-0.367162	1.300308	-0.000000	0.933145	60.000000
31.899000	60.366920	-0.366920	1.301027	0.000000	0.934107	60.000000
31.796000	60.367460	-0.367460	1.301783	0.000000	0.934324	60.000000
31.696000	60.373640	-0.373640	1.302518	0.000000	0.928878	60.000000
31.599000	60.382715	-0.382715	1.303243	0.000000	0.920528	60.000000
31.501000	60.389621	-0.389621	1.303993	0.000000	0.914372	60.000000
31.399000	60.391498	-0.391498	1.304788	0.000000	0.913290	60.000000
31.298000	60.398041	-0.398041	1.305579	0.000000	0.907538	60.000000
31.196000	60.403792	-0.403792	1.306391	0.000000	0.902599	60.000000
31.097000	60.411790	-0.411790	1.307190	0.000000	0.895400	60.000000
30.999000	60.419536	-0.419536	1.307997	0.000000	0.888461	60.000000
30.899000	60.429100	-0.429100	1.308836	0.000000	0.879737	60.000000
30.796000	60.443574	-0.443574	1.309720	0.000000	0.866146	60.000000
30.697000	60.452532	-0.452532	1.310599	0.000000	0.858067	60.000000
30.598000	60.461440	-0.461440	1.311495	-0.000000	0.850054	60.000000
30.497000	60.461434	-0.461434	1.312427	0.000000	0.850993	60.000000
30.398000	60.463135	-0.463135	1.313340	0.000000	0.850205	60.000000
30.298000	60.465313	-0.465313	1.314267	0.000000	0.848953	60.000000
30.200000	60.476575	-0.476575	1.315179	0.000000	0.838603	60.000000
30.096000	60.482870	-0.482870	1.316170	0.000000	0.833300	60.000000
29.997000	60.494189	-0.494189	1.317126	0.000000	0.822937	60.000000
29.894000	60.503040	-0.503040	1.318144	0.000000	0.815104	60.000000
29.797000	60.511634	-0.511634	1.319120	0.000000	0.807486	60.000000
29.698000	60.517863	-0.517863	1.320133	0.000000	0.802270	60.000000
29.601000	60.522896	-0.522896	1.321138	0.000000	0.798242	60.000000
29.499000	60.526891	-0.526891	1.322204	0.000000	0.795313	60.000000
29.397000	60.530463	-0.530463	1.323279	0.000000	0.792816	60.000000
29.296000	60.540696	-0.540696	1.324351	0.000000	0.783655	60.000000
29.198000	60.545112	-0.545112	1.325410	0.000000	0.780298	60.000000
29.100000	60.550569	-0.550569	1.326479	0.000000	0.775910	60.000000
29.000000	60.557405	-0.557405	1.327580	0.000000	0.770175	60.000000
28.894000	60.569702	-0.569702	1.328762	0.000000	0.759060	60.000000
28.796000	60.580965	-0.580965	1.329878	0.000000	0.748913	60.000000
28.696000	60.594402	-0.594402	1.331040	0.000000	0.736639	60.000000
28.598000	60.611303	-0.611303	1.332205	0.000000	0.720902	60.000000
28.497000	60.622131	-0.622131	1.333440	0.000000	0.711309	60.000000
28.399000	60.633816	-0.633816	1.334660	0.000000	0.700844	60.000000
28.296000	60.649260	-0.649260	1.335965	0.000000	0.686705	60.000000
28.206000	60.657919	-0.657919	1.337134	0.000000	0.679214	60.000000
28.097000	60.661857	-0.661857	1.338568	0.000000	0.676711	60.000000
27.998000	60.666211	-0.666211	1.339879	0.000000	0.673667	60.000000
27.897000	60.667485	-0.667485	1.341224	0.000000	0.673739	60.000000
27.800000	60.669006	-0.669006	1.342519	0.000000	0.673514	60.000000
27.701000	60.676934	-0.676934	1.343844	0.000000	0.666910	60.000000
27.597000	60.687957	-0.687957	1.345252	0.000000	0.657295	60.000000
27.496000	60.696616	-0.696616	1.346642	0.000000	0.650025	60.000000
27.397000	60.702487	-0.702487	1.348021	0.000000	0.645534	60.000000
27.297000	60.706540	-0.706540	1.349426	0.000000	0.642886	60.000000
27.199000	60.715629	-0.715629	1.350811	0.000000	0.635182	60.000000
27.099000	60.717563	-0.717563	1.352242	0.000000	0.634679	60.000000
26.996000	60.717867	-0.717867	1.353720	-0.000000	0.635853	60.000000
26.897000	60.716355	-0.716355	1.355142	-0.000000	0.638786	60.000000
26.801000	60.710597	-0.710597	1.356517	-0.000000	0.645919	60.000000
26.698000	60.695890	-0.695890	1.357981	-0.000000	0.662091	60.000000
26.598000	60.679052	-0.679052	1.359373	-0.000000	0.680321	60.000000
26.496000	60.662765	-0.662765	1.360758	-0.000000	0.697993	60.000000
26.397000	60.650838	-0.650838	1.362070	-0.000000	0.711232	60.000000
26.298000	60.650355	-0.650355	1.363359	0.000000	0.713003	60.000000
26.204000	60.655073	-0.655073	1.364581	0.000000	0.709508	60.000000
26.098000	60.665430	-0.665430	1.365970	-0.000000	0.700540	60.000000
25.995000	60.663976	-0.663976	1.367341	-0.000000	0.703365	60.000000
25.897000	60.657009	-0.657009	1.368642	-0.000000	0.711634	60.000000
25.797000	60.651196	-0.651196	1.369956	-0.000000	0.718760	60.000000
25.697000	60.643570	-0.643570	1.371259	-0.000000	0.727689	60.000000
25.600000	60.639203	-0.639203	1.372507	-0.000000	0.733304	60.000000
25.498000	60.635154	-0.635154	1.373811	-0.000000	0.738657	60.000000
25.396000	60.629526	-0.629526	1.375107	-0.000000	0.745581	60.000000
25.297000	60.626254	-0.626254	1.376353	-0.000000	0.750099	60.000000
25.197000	60.609237	-0.609237	1.377606	-0.000000	0.768369	60.000000
25.099000	60.594462	-0.594462	1.378800	-0.000000	0.784338	60.000000
24.998000	60.581563	-0.581563	1.380001	-0.000000	0.798438	60.000000
24.899000	60.563159	-0.563159	1.381152	-0.000000	0.817994	60.000000
24.798000	60.554080	-0.554080	1.382290	-0.000000	0.828210	60.000000
24.697000	60.545545	-0.545545	1.383409	0.000000	0.837864	60.000000
24.596000	60.551899	-0.551899	1.384511	-0.000000	0.832612	60.000000
24.496000	60.541182	-0.541182	1.385615	-0.000000	0.844433	60.000000
24.399000	60.526227	-0.526227	1.386665	-0.000000	0.860438	60.000000
24.301000	60.508116	-0.508116	1.387696	-0.000000	0.879580	60.000000
24.196000	60.494495	-0.494495	1.388763	-0.000000	0.894268	60.000000
24.097000	60.478447	-0.478447	1.389742	-0.000000	0.911296	60.000000
23.997000	60.459979	-0.459979	1.390699	-0.000000	0.930720	60.000000
23.895000	60.445635	-0.445635	1.391638	-0.000000	0.946003	60.000000
23.797000	60.429469	-0.429469	1.392511	-0.000000	0.963042	60.000000
23.699000	60.412689	-0.412689	1.393353	-0.000000	0.980664	60.000000
23.597000	60.398887	-0.398887	1.394195	-0.000000	0.995308	60.000000
23.496000	60.381812	-0.381812	1.395000	-0.000000	1.013189	60.000000
23.397000	60.359655	-0.359655	1.395756	-0.000000	1.036102	60.000000
23.297000	60.338756	-0.338756	1.396476	-0.000000	1.057719	60.000000
23.198000	60.316543	-0.316543	1.397147	-0.000000	1.080604	60.000000
23.098000	60.292981	-0.292981	1.397780	-0.000000	1.104799	60.000000
23.000000	60.268643	-0.268643	1.398354	-0.000000	1.129711	60.000000
22.896000	60.249450	-0.249450	1.398913	-0.000000	1.149462	60.000000
22.797000	60.230257	-0.230257	1.399407	-0.000000	1.169150	60.000000
22.698000	60.208763	-0.208763	1.399862	-0.000000	1.191100	60.000000
22.597000	60.191807	-0.191807	1.400284	-0.000000	1.208477	60.000000
22.496000	60.179268	-0.179268	1.400672	-0.000000	1.221403	60.000000
22.400000	60.169402	-0.169402	1.401016	-0.000000	1.231613	60.000000
22.297000	60.165468	-0.165468	1.401365	-0.000000	1.235897	60.000000
22.202000	60.164554	-0.164554	1.401679	-0.000000	1.237125	60.000000
22.097000	60.163949	-0.163949	1.402025	-0.000000	1.238076	60.000000
21.997000	60.162199	-0.162199	1.402353	0.000000	1.240154	60.000000
21.898000	60.163774	-0.163774	1.402674	0.000000	1.238900	60.000000
21.796000	60.165889	-0.165889	1.403008	-0.000000	1.237119	60.000000
21.694000	60.164982	-0.164982	1.403346	-0.000000	1.238364	60.000000
21.596000	60.162372	-0.162372	1.403670	0.000000	1.241297	60.000000
21.497000	60.170914	-0.170914	1.403991	0.000000	1.233077	60.000000
21.398000	60.179999	-0.179999	1.404330	0.000000	1.224331	60.000000
21.299000	60.191135	-0.191135	1.404686	0.000000	1.213551	60.000000
21.200000	60.201736	-0.201736	1.405064	0.000000	1.203328	60.000000
21.099000	60.211910	-0.211910	1.405472	0.000000	1.193561	60.000000
20.997000	60.220508	-0.220508	1.405904	0.000000	1.185396	60.000000
20.900000	60.229043	-0.229043	1.406332	0.000000	1.177289	60.000000
20.801000	60.233464	-0.233464	1.406785	0.000000	1.173322	60.000000
20.699000	60.247267	-0.247267	1.407262	0.000000	1.159995	60.000000
20.599000	60.262402	-0.262402	1.407756	0.000000	1.145354	60.000000
20.496000	60.288321	-0.288321	1.408297	0.000000	1.119976	60.000000
20.397000	60.313150	-0.313150	1.408868	0.000000	1.095718	60.000000
20.299000	60.338400	-0.338400	1.409481	0.000000	1.071082	60.000000
20.202000	60.360251	-0.360251	1.410138	0.000000	1.049887	60.000000
20.099000	60.383510	-0.383510	1.410880	0.000000	1.027371	60.000000
19.998000	60.405731	-0.405731	1.411655	0.000000	1.005923	60.000000
19.898000	60.429771	-0.429771	1.412466	0.000000	0.982695	60.000000
19.799000	60.451810	-0.451810	1.413317	0.000000	0.961507	60.000000
19.702000	60.485111	-0.485111	1.414194	0.000000	0.929083	60.000000
19.602000	60.523443	-0.523443	1.415164	0.000000	0.891721	60.000000
19.498000	60.568491	-0.568491	1.416253	0.000000	0.847762	60.000000
19.397000	60.630423	-0.630423	1.417401	0.000000	0.786978	60.000000
19.299000	60.686437	-0.686437	1.418637	0.000000	0.732200	60.000000
19.198000	60.740084	-0.740084	1.420023	0.000000	0.679940	60.000000
19.098000	60.799368	-0.799368	1.421503	0.000000	0.622135	60.000000
18.999000	60.854044	-0.854044	1.423086	0.000000	0.569043	60.000000
18.901000	60.898611	-0.898611	1.424760	0.000000	0.526149	60.000000
18.799000	60.945108	-0.945108	1.426593	0.000000	0.481486	60.000000
18.700000	60.989496	-0.989496	1.428465	0.000000	0.438968	60.000000
18.599000	61.031271	-1.031271	1.430463	0.000000	0.399192	60.000000
18.498000	61.084315	-1.084315	1.432547	0.000000	0.348231	60.000000
18.400000	61.128096	-1.128096	1.434672	0.000000	0.306576	60.000000
18.302000	61.161396	-1.161396	1.436883	0.000000	0.275487	60.000000
18.197000	61.203057	-1.203057	1.439322	0.000000	0.236264	60.000000
18.098000	61.262576	-1.262576	1.441704	0.000000	0.179128	60.000000
17.998000	61.327368	-1.327368	1.444229	0.000000	0.116861	60.000000
17.896000	61.380102	-1.380102	1.446937	0.000000	0.066835	60.000000
17.798000	61.428848	-1.428848	1.449642	0.000000	0.020794	60.000000
17.701000	61.474260	-1.474260	1.452414	0.000000	-0.021846	60.000000
17.598000	61.522824	-1.522824	1.455451	0.000000	-0.067374	60.000000
17.497000	61.561694	-1.561694	1.458527	0.000000	-0.103167	60.000000
17.398000	61.593847	-1.593847	1.461619	0.000000	-0.132228	60.000000
17.299000	61.625150	-1.625150	1.464775	0.000000	-0.160375	60.000000
17.198000	61.652466	-1.652466	1.468058	0.000000	-0.184408	60.000000
17.104000	61.674501	-1.674501	1.471164	0.000000	-0.203336	60.000000
16.997000	61.699813	-1.699813	1.474748	0.000000	-0.225065	60.000000
16.896000	61.721366	-1.721366	1.478181	0.000000	-0.243185	60.000000
16.798000	61.740615	-1.740615	1.481555	0.000000	-0.259060	60.000000
16.699000	61.765689	-1.765689	1.485002	0.000000	-0.280687	60.000000
16.597000	61.792389	-1.792389	1.488604	0.000000	-0.303785	60.000000
16.497000	61.814488	-1.814488	1.492188	0.000000	-0.322300	60.000000
16.401000	61.829267	-1.829267	1.495672	0.000000	-0.333595	60.000000
16.297000	61.845738	-1.845738	1.499477	0.000000	-0.346261	60.000000
16.205000	61.867838	-1.867838	1.502873	0.000000	-0.364964	60.000000
16.100000	61.892239	-1.892239	1.506796	0.000000	-0.385443	60.000000
15.997000	61.915000	-1.915000	1.510694	0.000000	-0.404306	60.000000
15.898000	61.931838	-1.931838	1.514485	0.000000	-0.417353	60.000000
15.800000	61.939772	-1.939772	1.518272	-0.000000	-0.421501	60.000000
15.700000	61.931353	-1.931353	1.522151	-0.000000	-0.409201	60.000000
15.598000	61.922025	-1.922025	1.526091	0.000000	-0.395933	60.000000
15.500000	61.924626	-1.924626	1.529859	-0.000000	-0.394768	60.000000
15.398000	61.919786	-1.919786	1.533785	-0.000000	-0.386002	60.000000
15.300000	61.907133	-1.907133	1.537548	-0.000000	-0.369586	60.000000
15.196000	61.890724	-1.890724	1.541514	-0.000000	-0.349210	60.000000
15.097000	61.870198	-1.870198	1.545258	-0.000000	-0.324940	60.000000
14.997000	61.852883	-1.852883	1.548998	-0.000000	-0.303884	60.000000
14.900000	61.827331	-1.827331	1.552593	-0.000000	-0.274738	60.000000
14.800000	61.795238	-1.795238	1.556248	-0.000000	-0.238990	60.000000
14.695000	61.762661	-1.762661	1.560018	-0.000000	-0.202643	60.000000
14.597000	61.718879	-1.718879	1.563472	-0.000000	-0.155406	60.000000
14.499000	61.677405	-1.677405	1.566841	-0.000000	-0.110564	60.000000
14.398000	61.631444	-1.631444	1.570230	-0.000000	-0.061214	60.000000
14.301000	61.579253	-1.579253	1.573395	-0.000000	-0.005858	60.000000
14.204000	61.512400	-1.512400	1.576459	-0.000000	0.064058	60.000000
14.097000	61.433754	-1.433754	1.579695	-0.000000	0.145941	60.000000
13.998000	61.346015	-1.346015	1.582534	-0.000000	0.236519	60.000000
13.898000	61.260824	-1.260824	1.585226	-0.000000	0.324402	60.000000
13.801000	61.171992	-1.171992	1.587672	-0.000000	0.415680	60.000000
13.695000	61.080018	-1.080018	1.590157	-0.000000	0.510138	60.000000
13.597000	60.996579	-0.996579	1.592273	-0.000000	0.595694	60.000000
13.498000	60.902663	-0.902663	1.594247	-0.000000	0.691584	60.000000
13.399000	60.801722	-0.801722	1.596034	-0.000000	0.794312	60.000000
13.300000	60.690200	-0.690200	1.597621	-0.000000	0.907422	60.000000
13.196000	60.587322	-0.587322	1.599057	-0.000000	1.011735	60.000000
13.098000	60.480809	-0.480809	1.600208	-0.000000	1.119399	60.000000
13.001000	60.367461	-0.367461	1.601141	-0.000000	1.233680	60.000000
12.900000	60.245331	-0.245331	1.601883	-0.000000	1.356552	60.000000
12.799000	60.120297	-0.120297	1.602379	-0.000000	1.482081	60.000000
12.699000	60.002224	-0.002224	1.602619	-0.000000	1.600396	60.000000
12.600000	59.886928	0.113072	1.602624	-0.000000	1.715696	60.000000
12.498000	59.768799	0.231201	1.602393	-0.000000	1.833594	60.000000
12.398000	59.655204	0.344796	1.601931	-0.000000	1.946727	60.000000
12.298000	59.532965	0.467035	1.601241	-0.000000	2.068276	60.000000
12.198000	59.413633	0.586367	1.600307	-0.000000	2.186674	60.000000
12.101000	59.303590	0.696410	1.599169	-0.000000	2.295579	60.000000
12.002000	59.186977	0.813023	1.597791	-0.000000	2.410814	60.000000
11.897000	59.054487	0.945513	1.596083	-0.000000	2.541597	60.000000
11.797000	58.920665	1.079335	1.594192	-0.000000	2.673527	60.000000
11.698000	58.795710	1.204290	1.592055	-0.000000	2.796345	60.000000
11.599000	58.679822	1.320178	1.589671	-0.000000	2.909849	60.000000
11.498000	58.566944	1.433056	1.587004	-0.000000	3.020059	60.000000
11.401000	58.456062	1.543938	1.584224	-0.000000	3.128161	60.000000
11.295000	58.346870	1.653130	1.580951	-0.000000	3.234081	60.000000
11.199000	58.238464	1.761536	1.577777	-0.000000	3.339313	60.000000
11.098000	58.118159	1.881841	1.574218	-0.000000	3.456059	60.000000
10.998000	58.000339	1.999661	1.570455	-0.000000	3.570116	60.000000
10.899000	57.884015	2.115985	1.566495	-0.000000	3.682480	60.000000
10.801000	57.753758	2.246242	1.562348	-0.000000	3.808590	60.000000
10.701000	57.630498	2.369502	1.557855	-0.000000	3.927358	60.000000
10.597000	57.500908	2.499092	1.552927	-0.000000	4.052019	60.000000
10.498000	57.380910	2.619090	1.547979	-0.000000	4.167069	60.000000
10.399000	57.272498	2.727502	1.542793	-0.000000	4.270295	60.000000
10.297000	57.148698	2.851302	1.537229	-0.000000	4.388531	60.000000
10.198000	57.022427	2.977573	1.531583	-0.000000	4.509156	60.000000
10.101000	56.903333	3.096667	1.525807	-0.000000	4.622474	60.000000
10.001000	56.775846	3.224154	1.519613	-0.000000	4.743767	60.000000
9.922000	56.674556	3.325444	1.514519	-0.000000	4.839963	60.000000
9.843000	56.575565	3.424435	1.509265	-0.000000	4.933700	60.000000
9.764000	56.479770	3.520230	1.503854	-0.000000	5.024084	60.000000
9.598000	56.291690	3.708310	1.492167	-0.000000	5.200477	60.000000
9.501000	56.169459	3.830541	1.484973	-0.000000	5.315514	60.000000
9.397000	56.054955	3.945045	1.477006	-0.000000	5.422051	60.000000
9.297000	55.932534	4.067466	1.469115	-0.000000	5.536581	60.000000
9.199000	55.811991	4.188009	1.461143	-0.000000	5.649152	60.000000
9.098000	55.691211	4.308789	1.452683	-0.000000	5.761472	60.000000
9.000000	55.573997	4.426003	1.444238	-0.000000	5.870241	60.000000
8.899000	55.453815	4.546185	1.435298	-0.000000	5.981483	60.000000
8.800000	55.336594	4.663406	1.426296	-0.000000	6.089703	60.000000
8.700000	55.217250	4.782750	1.416969	-0.000000	6.199720	60.000000
8.599000	55.101545	4.898455	1.407308	-0.000000	6.305763	60.000000
8.500000	54.980101	5.019899	1.397609	-0.000000	6.417508	60.000000
8.397000	54.855390	5.144610	1.387268	-0.000000	6.531878	60.000000
8.298000	54.726580	5.273420	1.377082	-0.000000	6.650502	60.000000
8.202000	54.599759	5.400241	1.366957	-0.000000	6.767199	60.000000
8.099000	54.472274	5.527726	1.355833	-0.000000	6.883558	60.000000
7.999000	54.344253	5.655747	1.344777	-0.000000	7.000524	60.000000
7.897000	54.217427	5.782573	1.333239	-0.000000	7.115812	60.000000
7.797000	54.094352	5.905648	1.321674	-0.000000	7.227322	60.000000
7.698000	53.977319	6.022681	1.309981	-0.000000	7.332662	60.000000
7.601000	53.859006	6.140994	1.298297	-0.000000	7.439291	60.000000
7.501000	53.743476	6.256524	1.286015	-0.000000	7.542539	60.000000
7.397000	53.620825	6.379175	1.273001	-0.000000	7.652176	60.000000
7.298000	53.499136	6.500864	1.260371	-0.000000	7.761235	60.000000
7.197000	53.377688	6.622312	1.247239	-0.000000	7.869551	60.000000
7.097000	53.251655	6.748345	1.233994	-0.000000	7.982340	60.000000
7.002000	53.137879	6.862121	1.221172	-0.000000	8.083294	60.000000
6.898000	53.016663	6.983337	1.206899	-0.000000	8.190237	60.000000
6.798000	52.895707	7.104293	1.192933	-0.000000	8.297226	60.000000
6.699000	52.777515	7.222485	1.178866	-0.000000	8.401351	60.000000
6.597000	52.672128	7.327872	1.164132	-0.000000	8.492004	60.000000
6.496000	52.560995	7.439005	1.149330	-0.000000	8.588334	60.000000
6.397000	52.460195	7.539805	1.134601	-0.000000	8.674405	60.000000
6.301000	52.357583	7.642417	1.120124	-0.000000	8.762541	60.000000
6.199000	52.245312	7.754688	1.104534	-0.000000	8.859222	60.000000
6.100000	52.134964	7.865036	1.089179	-0.000000	8.954216	60.000000
5.998000	52.026864	7.973136	1.073135	-0.000000	9.046271	60.000000
5.897000	51.915132	8.084868	1.057029	-0.000000	9.141897	60.000000
5.796000	51.813608	8.186392	1.040698	-0.000000	9.227090	60.000000
5.704000	51.706344	8.293656	1.025635	-0.000000	9.319291	60.000000
5.601000	51.588036	8.411964	1.008550	-0.000000	9.420513	60.000000
5.497000	51.472930	8.527070	0.991053	-0.000000	9.518123	60.000000
5.402000	51.365483	8.634517	0.974851	-0.000000	9.609369	60.000000
5.297000	51.256592	8.743408	0.956719	-0.000000	9.700127	60.000000
5.198000	51.156217	8.843783	0.939407	-0.000000	9.783190	60.000000
5.099000	51.054207	8.945793	0.921896	-0.000000	9.867689	60.000000
4.998000	50.946641	9.053359	0.903826	-0.000000	9.957184	60.000000
4.898000	50.849510	9.150490	0.885719	-0.000000	10.036209	60.000000
4.800000	50.747625	9.252375	0.867784	-0.000000	10.120159	60.000000
4.702000	50.655754	9.344246	0.849650	-0.000000	10.193896	60.000000
4.600000	50.560508	9.439492	0.830587	-0.000000	10.270079	60.000000
4.497000	50.460243	9.539757	0.811142	-0.000000	10.350899	60.000000
4.396000	50.354008	9.645992	0.791872	-0.000000	10.437864	60.000000
4.299000	50.247477	9.752523	0.773158	-0.000000	10.525681	60.000000
4.201000	50.153010	9.846990	0.754043	-0.000000	10.601034	60.000000
4.101000	50.071401	9.928599	0.734349	-0.000000	10.662948	60.000000
3.996000	49.985310	10.014690	0.713499	-0.000000	10.728190	60.000000
3.898000	49.916263	10.083737	0.693871	-0.000000	10.777608	60.000000
3.798000	49.848976	10.151024	0.673703	-0.000000	10.824727	60.000000
3.701000	49.766640	10.233360	0.654010	-0.000000	10.887370	60.000000
3.601000	49.684779	10.315221	0.633543	-0.000000	10.948765	60.000000
3.502000	49.606175	10.393825	0.613119	-0.000000	11.006944	60.000000
3.397000	49.533888	10.466112	0.591292	-0.000000	11.057404	60.000000
3.298000	49.464606	10.535394	0.570569	-0.000000	11.105963	60.000000
3.199000	49.393104	10.606896	0.549709	-0.000000	11.156605	60.000000
3.099000	49.321303	10.678697	0.528495	-0.000000	11.207193	60.000000
3.000000	49.252148	10.747852	0.507352	-0.000000	11.255204	60.000000
2.901000	49.189304	10.810696	0.486071	-0.000000	11.296767	60.000000
2.798000	49.134590	10.865410	0.463801	-0.000000	11.329211	60.000000
2.699000	49.079819	10.920181	0.442287	-0.000000	11.362468	60.000000
2.599000	49.028239	10.971761	0.420447	-0.000000	11.392208	60.000000
2.501000	48.983097	11.016903	0.398942	-0.000000	11.415845	60.000000
2.399000	48.942589	11.057411	0.376468	-0.000000	11.433878	60.000000
2.299000	48.911535	11.088465	0.354353	-0.000000	11.442818	60.000000
2.202000	48.884034	11.115966	0.332841	-0.000000	11.448807	60.000000
2.098000	48.860132	11.139868	0.309720	-0.000000	11.449588	60.000000
2.001000	48.840149	11.159851	0.288109	-0.000000	11.447960	60.000000
1.901000	48.819263	11.180737	0.265789	-0.000000	11.446526	60.000000
1.798000	48.809153	11.190847	0.242757	0.000000	11.433603	60.000000
1.699000	48.812341	11.187659	0.220599	0.000000	11.408258	60.000000
1.605000	48.820165	11.179835	0.199566	0.000000	11.379401	60.000000
1.502000	48.839004	11.160996	0.176536	0.000000	11.337532	60.000000
1.398000	48.856882	11.143118	0.153321	0.000000	11.296438	60.000000
1.299000	48.882522	11.117478	0.131257	0.000000	11.248735	60.000000
1.199000	48.918637	11.081363	0.109022	0.000000	11.190385	60.000000
1.101000	48.950236	11.049764	0.087303	0.000000	11.137067	60.000000
0.997000	48.991404	11.008596	0.064320	0.000000	11.072915	60.000000
0.898000	49.024447	10.975553	0.042523	0.000000	11.018076	60.000000
0.798000	49.057787	10.942213	0.020571	0.000000	10.962784	60.000000
0.704000	49.094749	0.000000	0.000000	0.000000	0.000000	60.000000
0.603000	49.140309	0.000000	0.000000	0.000000	0.000000	60.000000
0.496000	49.191353	0.000000	0.000000	0.000000	0.000000	60.000000
0.399000	49.234021	0.000000	0.000000	0.000000	0.000000	60.000000
0.302000	49.284225	0.000000	0.000000	0.000000	0.000000	60.000000
0.199000	49.330086	0.000000	0.000000	0.000000	0.000000	60.000000
0.100000	49.380648	0.000000	0.000000	0.000000	0.000000	60.000000
