Zeit (s)	Istwert	P	I	D	Regelausgang	Sollwert
70.199000	60.399000	-0.399000	1.252556	-0.000000	0.853556	60.000000
70.107000	60.397189	-0.397189	1.252740	0.000000	0.855551	60.000000
70.001000	60.400766	-0.400766	1.252950	0.000000	0.852184	60.000000
69.898000	60.403490	-0.403490	1.253157	0.000000	0.849666	60.000000
69.797000	60.409851	-0.409851	1.253360	-0.000000	0.843510	60.000000
69.699000	60.406638	-0.406638	1.253561	-0.000000	0.846923	60.000000
69.597000	60.401252	-0.401252	1.253769	0.000000	0.852517	60.000000
69.498000	60.410632	-0.410632	1.253967	0.000000	0.843335	60.000000
69.402000	60.412572	-0.412572	1.254164	-0.000000	0.841592	60.000000
69.295000	60.412150	-0.412150	1.254385	0.000000	0.842236	60.000000
69.196000	60.415897	-0.415897	1.254589	-0.000000	0.838692	60.000000
69.098000	60.415174	-0.415174	1.254793	-0.000000	0.839619	60.000000
68.996000	60.414630	-0.414630	1.255005	-0.000000	0.840374	60.000000
68.895000	60.407846	-0.407846	1.255214	-0.000000	0.847368	60.000000
68.796000	60.400340	-0.400340	1.255416	-0.000000	0.855076	60.000000
68.696000	60.389688	-0.389688	1.255616	0.000000	0.865928	60.000000
68.597000	60.390653	-0.390653	1.255809	0.000000	0.865156	60.000000
68.500000	60.395743	-0.395743	1.255998	0.000000	0.860255	60.000000
68.397000	60.402219	-0.402219	1.256202	-0.000000	0.853983	60.000000
68.296000	60.398158	-0.398158	1.256405	-0.000000	0.858248	60.000000
68.199000	60.392536	-0.392536	1.256598	-0.000000	0.864062	60.000000
68.098000	60.387446	-0.387446	1.256797	-0.000000	0.869351	60.000000
67.999000	60.385201	-0.385201	1.256988	-0.000000	0.871788	60.000000
67.898000	60.379939	-0.379939	1.257183	-0.000000	0.877244	60.000000
67.797000	60.374125	-0.374125	1.257375	-0.000000	0.883250	60.000000
67.696000	60.361040	-0.361040	1.257564	-0.000000	0.896524	60.000000
67.598000	60.357529	-0.357529	1.257741	0.000000	0.900212	60.000000
67.497000	60.363826	-0.363826	1.257921	0.000000	0.894095	60.000000
67.394000	60.370369	-0.370369	1.258109	0.000000	0.887739	60.000000
67.297000	60.373155	-0.373155	1.258288	0.000000	0.885133	60.000000
67.199000	60.381021	-0.381021	1.258471	0.000000	0.877450	60.000000
67.096000	60.392165	-0.392165	1.258667	0.000000	0.866503	60.000000
66.999000	60.395617	-0.395617	1.258858	0.000000	0.863241	60.000000
66.896000	60.395919	-0.395919	1.259061	0.000000	0.863142	60.000000
66.796000	60.399496	-0.399496	1.259259	0.000000	0.859763	60.000000
66.696000	60.406151	-0.406151	1.259459	0.000000	0.853308	60.000000
66.601000	60.412875	-0.412875	1.259652	0.000000	0.846777	60.000000
66.498000	60.422322	-0.422322	1.259865	0.000000	0.837542	60.000000
66.399000	60.429468	-0.429468	1.260074	0.000000	0.830605	60.000000
66.297000	60.437098	-0.437098	1.260293	-0.000000	0.823194	60.000000
66.197000	60.434974	-0.434974	1.260511	-0.000000	0.825537	60.000000
66.096000	60.428797	-0.428797	1.260731	-0.000000	0.831934	60.000000
66.001000	60.428613	-0.428613	1.260935	-0.000000	0.832322	60.000000
65.901000	60.420563	-0.420563	1.261149	-0.000000	0.840586	60.000000
65.797000	60.417050	-0.417050	1.261368	-0.000000	0.844317	60.000000
65.697000	60.416324	-0.416324	1.261576	-0.000000	0.845252	60.000000
65.601000	60.415903	-0.415903	1.261776	0.000000	0.845873	60.000000
65.498000	60.421468	-0.421468	1.261990	0.000000	0.840522	60.000000
65.401000	60.427709	-0.427709	1.262194	0.000000	0.834486	60.000000
65.297000	60.427769	-0.427769	1.262417	0.000000	0.834648	60.000000
65.205000	60.431218	-0.431218	1.262614	-0.000000	0.831395	60.000000
65.114000	60.430071	-0.430071	1.262810	-0.000000	0.832739	60.000000
65.001000	60.428740	-0.428740	1.263053	0.000000	0.834313	60.000000
64.897000	60.431162	-0.431162	1.263276	-0.000000	0.832114	60.000000
64.798000	60.422564	-0.422564	1.263489	-0.000000	0.840925	60.000000
64.698000	60.412998	-0.412998	1.263700	-0.000000	0.850702	60.000000
64.599000	60.400945	-0.400945	1.263905	-0.000000	0.862960	60.000000
64.498000	60.393015	-0.393015	1.264107	-0.000000	0.871092	60.000000
64.400000	60.383208	-0.383208	1.264300	-0.000000	0.881092	60.000000
64.296000	60.374006	-0.374006	1.264499	-0.000000	0.890494	60.000000
64.196000	60.367521	-0.367521	1.264686	-0.000000	0.897165	60.000000
64.098000	60.360378	-0.360378	1.264866	-0.000000	0.904488	60.000000
63.998000	60.355230	-0.355230	1.265047	-0.000000	0.909816	60.000000
63.899000	60.350932	-0.350932	1.265222	0.000000	0.914290	60.000000
63.802000	60.351237	-0.351237	1.265393	-0.000000	0.914155	60.000000
63.700000	60.351112	-0.351112	1.265572	-0.000000	0.914459	60.000000
63.597000	60.344756	-0.344756	1.265753	-0.000000	0.920996	60.000000
63.498000	60.326344	-0.326344	1.265923	-0.000000	0.939579	60.000000
63.397000	60.314848	-0.314848	1.266088	-0.000000	0.951240	60.000000
63.297000	60.307878	-0.307878	1.266245	-0.000000	0.958367	60.000000
63.200000	60.304795	-0.304795	1.266395	-0.000000	0.961600	60.000000
63.101000	60.300010	-0.300010	1.266546	0.000000	0.966536	60.000000
62.999000	60.306187	-0.306187	1.266699	0.000000	0.960512	60.000000
62.899000	60.313570	-0.313570	1.266852	0.000000	0.953282	60.000000
62.797000	60.321262	-0.321262	1.267012	0.000000	0.945750	60.000000
62.705000	60.329917	-0.329917	1.267159	0.000000	0.937243	60.000000
62.599000	60.341421	-0.341421	1.267334	0.000000	0.925913	60.000000
62.499000	60.347783	-0.347783	1.267505	0.000000	0.919722	60.000000
62.396000	60.351597	-0.351597	1.267684	0.000000	0.916087	60.000000
62.297000	60.360624	-0.360624	1.267858	0.000000	0.907234	60.000000
62.199000	60.371277	-0.371277	1.268035	0.000000	0.896757	60.000000
62.098000	60.377456	-0.377456	1.268222	0.000000	0.890766	60.000000
62.000000	60.382662	-0.382662	1.268407	0.000000	0.885745	60.000000
61.898000	60.388833	-0.388833	1.268602	0.000000	0.879770	60.000000
61.798000	60.395431	-0.395431	1.268797	0.000000	0.873366	60.000000
61.701000	60.405005	-0.405005	1.268989	-0.000000	0.863984	60.000000
61.601000	60.403915	-0.403915	1.269191	-0.000000	0.865276	60.000000
61.502000	60.401128	-0.401128	1.269391	-0.000000	0.868263	60.000000
61.397000	60.397312	-0.397312	1.269602	-0.000000	0.872290	60.000000
61.299000	60.395805	-0.395805	1.269796	-0.000000	0.873991	60.000000
61.199000	60.391799	-0.391799	1.269994	-0.000000	0.878195	60.000000
61.098000	60.391621	-0.391621	1.270192	0.000000	0.878571	60.000000
60.999000	60.399611	-0.399611	1.270386	0.000000	0.870775	60.000000
60.900000	60.414693	-0.414693	1.270584	0.000000	0.855890	60.000000
60.798000	60.428202	-0.428202	1.270795	0.000000	0.842593	60.000000
60.697000	60.432312	-0.432312	1.271012	0.000000	0.838700	60.000000
60.599000	60.437453	-0.437453	1.271223	-0.000000	0.833770	60.000000
60.496000	60.430065	-0.430065	1.271449	-0.000000	0.841383	60.000000
60.400000	60.426501	-0.426501	1.271655	-0.000000	0.845155	60.000000
60.300000	60.421534	-0.421534	1.271868	-0.000000	0.850334	60.000000
60.206000	60.416022	-0.416022	1.272066	0.000000	0.856044	60.000000
60.100000	60.419655	-0.419655	1.272287	0.000000	0.852632	60.000000
59.999000	60.425654	-0.425654	1.272499	0.000000	0.846844	60.000000
59.898000	60.431103	-0.431103	1.272714	0.000000	0.841611	60.000000
59.798000	60.439756	-0.439756	1.272929	0.000000	0.833173	60.000000
59.701000	60.452722	-0.452722	1.273143	0.000000	0.820421	60.000000
59.601000	60.459744	-0.459744	1.273369	0.000000	0.813625	60.000000
59.495000	60.465971	-0.465971	1.273613	-0.000000	0.807642	60.000000
59.397000	60.462644	-0.462644	1.273841	0.000000	0.811197	60.000000
59.298000	60.465610	-0.465610	1.274070	-0.000000	0.808460	60.000000
59.198000	60.463310	-0.463310	1.274303	-0.000000	0.810993	60.000000
59.102000	60.457076	-0.457076	1.274525	-0.000000	0.817449	60.000000
58.997000	60.449450	-0.449450	1.274765	-0.000000	0.825315	60.000000
58.897000	60.437704	-0.437704	1.274990	-0.000000	0.837286	60.000000
58.798000	60.432555	-0.432555	1.275207	-0.000000	0.842651	60.000000
58.697000	60.427948	-0.427948	1.275425	-0.000000	0.847477	60.000000
58.598000	60.423106	-0.423106	1.275637	0.000000	0.852530	60.000000
58.498000	60.426196	-0.426196	1.275848	0.000000	0.849652	60.000000
58.400000	60.429585	-0.429585	1.276057	-0.000000	0.846472	60.000000
58.304000	60.425960	-0.425960	1.276263	-0.000000	0.850304	60.000000
58.215000	60.416090	-0.416090	1.276453	-0.000000	0.860363	60.000000
58.126000	60.410942	-0.410942	1.276638	0.000000	0.865697	60.000000
58.038000	60.413243	-0.413243	1.276819	0.000000	0.863576	60.000000
57.947000	60.415355	-0.415355	1.277007	-0.000000	0.861652	60.000000
57.855000	60.414989	-0.414989	1.277198	-0.000000	0.862209	60.000000
57.764000	60.412448	-0.412448	1.277387	0.000000	0.864939	60.000000
57.596000	60.424866	-0.424866	1.277733	-0.000000	0.852867	60.000000
57.500000	60.424319	-0.424319	1.277937	-0.000000	0.853619	60.000000
57.396000	60.417115	-0.417115	1.278158	0.000000	0.861043	60.000000
57.298000	60.417294	-0.417294	1.278362	-0.000000	0.861069	60.000000
57.199000	60.414997	-0.414997	1.278569	-0.000000	0.863571	60.000000
57.097000	60.411665	-0.411665	1.278780	-0.000000	0.867115	60.000000
56.997000	60.411182	-0.411182	1.278986	-0.000000	0.867804	60.000000
56.900000	60.409908	-0.409908	1.279186	-0.000000	0.869277	60.000000
56.802000	60.409117	-0.409117	1.279387	0.000000	0.870269	60.000000
56.698000	60.416632	-0.416632	1.279599	0.000000	0.862967	60.000000
56.598000	60.422013	-0.422013	1.279808	-0.000000	0.857795	60.000000
56.497000	60.420931	-0.420931	1.280021	0.000000	0.859090	60.000000
56.399000	60.421109	-0.421109	1.280227	0.000000	0.859118	60.000000
56.302000	60.426737	-0.426737	1.280431	0.000000	0.853694	60.000000
56.200000	60.432133	-0.432133	1.280649	0.000000	0.848516	60.000000
56.098000	60.432429	-0.432429	1.280869	-0.000000	0.848440	60.000000
56.011000	60.431343	-0.431343	1.281057	0.000000	0.849714	60.000000
55.924000	60.435157	-0.435157	1.281245	0.000000	0.846088	60.000000
55.834000	60.437573	-0.437573	1.281441	0.000000	0.843868	60.000000
55.743000	60.438610	-0.438610	1.281640	-0.000000	0.843030	60.000000
55.653000	60.435036	-0.435036	1.281837	-0.000000	0.846801	60.000000
55.564000	60.429157	-0.429157	1.282031	0.000000	0.852874	60.000000
55.398000	60.445751	-0.445751	1.282387	0.000000	0.836636	60.000000
55.300000	60.452170	-0.452170	1.282606	0.000000	0.830435	60.000000
55.195000	60.453319	-0.453319	1.282843	-0.000000	0.829524	60.000000
55.107000	60.449083	-0.449083	1.283042	-0.000000	0.833959	60.000000
55.001000	60.436606	-0.436606	1.283280	-0.000000	0.846674	60.000000
54.898000	60.425163	-0.425163	1.283505	-0.000000	0.858342	60.000000
54.798000	60.422447	-0.422447	1.283718	-0.000000	0.861270	60.000000
54.699000	60.410027	-0.410027	1.283927	-0.000000	0.873900	60.000000
54.601000	60.398641	-0.398641	1.284128	-0.000000	0.885487	60.000000
54.499000	60.390411	-0.390411	1.284331	0.000000	0.893921	60.000000
54.401000	60.390655	-0.390655	1.284522	0.000000	0.893867	60.000000
54.300000	60.394345	-0.394345	1.284720	-0.000000	0.890374	60.000000
54.196000	60.391137	-0.391137	1.284925	0.000000	0.893788	60.000000
54.097000	60.394830	-0.394830	1.285118	-0.000000	0.890289	60.000000
54.001000	60.391202	-0.391202	1.285308	-0.000000	0.894106	60.000000
53.897000	60.389442	-0.389442	1.285511	-0.000000	0.896069	60.000000
53.800000	60.387867	-0.387867	1.285700	-0.000000	0.897833	60.000000
53.697000	60.380479	-0.380479	1.285900	-0.000000	0.905421	60.000000
53.598000	60.368008	-0.368008	1.286088	-0.000000	0.918080	60.000000
53.498000	60.354387	-0.354387	1.286272	-0.000000	0.931886	60.000000
53.400000	60.347720	-0.347720	1.286446	-0.000000	0.938726	60.000000
53.298000	60.342508	-0.342508	1.286623	-0.000000	0.944115	60.000000
53.198000	60.338521	-0.338521	1.286795	0.000000	0.948274	60.000000
53.097000	60.344632	-0.344632	1.286966	0.000000	0.942333	60.000000
52.998000	60.348636	-0.348636	1.287136	0.000000	0.938500	60.000000
52.900000	60.356138	-0.356138	1.287307	0.000000	0.931169	60.000000
52.800000	60.356442	-0.356442	1.287485	-0.000000	0.931043	60.000000
52.706000	60.350446	-0.350446	1.287653	0.000000	0.937206	60.000000
52.598000	60.354562	-0.354562	1.287842	0.000000	0.933280	60.000000
52.498000	60.362379	-0.362379	1.288019	0.000000	0.925640	60.000000
52.401000	60.378726	-0.378726	1.288195	0.000000	0.909469	60.000000
52.297000	60.389321	-0.389321	1.288392	0.000000	0.899071	60.000000
52.200000	60.389437	-0.389437	1.288581	0.000000	0.899144	60.000000
52.101000	60.397921	-0.397921	1.288773	0.000000	0.890852	60.000000
51.998000	60.406274	-0.406274	1.288978	-0.000000	0.882705	60.000000
51.899000	60.401610	-0.401610	1.289179	0.000000	0.887570	60.000000
51.797000	60.415057	-0.415057	1.289384	0.000000	0.874328	60.000000
51.696000	60.429104	-0.429104	1.289594	0.000000	0.860490	60.000000
51.599000	60.438612	-0.438612	1.289802	0.000000	0.851190	60.000000
51.499000	60.442721	-0.442721	1.290021	0.000000	0.847300	60.000000
51.399000	60.443757	-0.443757	1.290243	0.000000	0.846485	60.000000
51.297000	60.444840	-0.444840	1.290469	0.000000	0.845629	60.000000
51.197000	60.451145	-0.451145	1.290691	0.000000	0.839546	60.000000
51.098000	60.452353	-0.452353	1.290915	0.000000	0.838561	60.000000
50.998000	60.464585	-0.464585	1.291141	0.000000	0.826555	60.000000
50.899000	60.466345	-0.466345	1.291371	-0.000000	0.825026	60.000000
50.798000	60.466279	-0.466279	1.291606	0.000000	0.825327	60.000000
50.697000	60.467250	-0.467250	1.291842	-0.000000	0.824591	60.000000
50.600000	60.460651	-0.460651	1.292068	-0.000000	0.831418	60.000000
50.502000	60.458350	-0.458350	1.292294	0.000000	0.833944	60.000000
50.397000	60.461559	-0.461559	1.292535	-0.000000	0.830976	60.000000
50.298000	60.459737	-0.459737	1.292763	0.000000	0.833026	60.000000
50.210000	60.463610	-0.463610	1.292965	0.000000	0.829355	60.000000
50.099000	60.465427	-0.465427	1.293223	-0.000000	0.827795	60.000000
49.999000	60.460043	-0.460043	1.293455	-0.000000	0.833413	60.000000
49.903000	60.451627	-0.451627	1.293676	-0.000000	0.842050	60.000000
49.798000	60.443574	-0.443574	1.293913	-0.000000	0.850339	60.000000
49.697000	60.430129	-0.430129	1.294137	-0.000000	0.864009	60.000000
49.602000	60.425407	-0.425407	1.294342	-0.000000	0.868935	60.000000
49.501000	60.422445	-0.422445	1.294557	-0.000000	0.872112	60.000000
49.397000	60.416811	-0.416811	1.294776	-0.000000	0.877965	60.000000
49.300000	60.416263	-0.416263	1.294978	0.000000	0.878715	60.000000
49.198000	60.426437	-0.426437	1.295191	0.000000	0.868753	60.000000
49.098000	60.428491	-0.428491	1.295404	-0.000000	0.866912	60.000000
49.000000	60.427706	-0.427706	1.295614	0.000000	0.867908	60.000000
48.899000	60.438605	-0.438605	1.295830	0.000000	0.857225	60.000000
48.800000	60.455198	-0.455198	1.296047	0.000000	0.840849	60.000000
48.698000	60.458648	-0.458648	1.296279	-0.000000	0.837632	60.000000
48.599000	60.458349	-0.458349	1.296506	-0.000000	0.838157	60.000000
48.499000	60.454773	-0.454773	1.296735	-0.000000	0.841962	60.000000
48.400000	60.448479	-0.448479	1.296960	0.000000	0.848482	60.000000
48.300000	60.455621	-0.455621	1.297185	-0.000000	0.841564	60.000000
48.198000	60.450234	-0.450234	1.297417	0.000000	0.847183	60.000000
48.101000	60.451627	-0.451627	1.297635	0.000000	0.846009	60.000000
48.000000	60.452472	-0.452472	1.297863	-0.000000	0.845392	60.000000
47.898000	60.448355	-0.448355	1.298094	-0.000000	0.849739	60.000000
47.801000	60.446421	-0.446421	1.298312	0.000000	0.851891	60.000000
47.715000	60.454172	-0.454172	1.298504	0.000000	0.844332	60.000000
47.599000	60.459260	-0.459260	1.298767	0.000000	0.839507	60.000000
47.500000	60.459862	-0.459862	1.298994	0.000000	0.839132	60.000000
47.403000	60.459978	-0.459978	1.299217	0.000000	0.839239	60.000000
47.297000	60.475241	-0.475241	1.299461	0.000000	0.824220	60.000000
47.198000	60.479723	-0.479723	1.299696	0.000000	0.819973	60.000000
47.101000	60.481777	-0.481777	1.299929	-0.000000	0.818152	60.000000
46.999000	60.475123	-0.475123	1.300175	0.000000	0.825052	60.000000
46.901000	60.481959	-0.481959	1.300408	-0.000000	0.818449	60.000000
46.796000	60.478817	-0.478817	1.300661	-0.000000	0.821844	60.000000
46.698000	60.468340	-0.468340	1.300895	-0.000000	0.832555	60.000000
46.598000	60.461252	-0.461252	1.301129	0.000000	0.839878	60.000000
46.503000	60.465491	-0.465491	1.301349	0.000000	0.835858	60.000000
46.401000	60.469610	-0.469610	1.301586	0.000000	0.831976	60.000000
46.300000	60.470882	-0.470882	1.301823	-0.000000	0.830941	60.000000
46.199000	60.465617	-0.465617	1.302061	-0.000000	0.836444	60.000000
46.100000	60.453319	-0.453319	1.302291	-0.000000	0.848972	60.000000
45.999000	60.441333	-0.441333	1.302520	-0.000000	0.861187	60.000000
45.902000	60.426191	-0.426191	1.302734	-0.000000	0.876543	60.000000
45.796000	60.415721	-0.415721	1.302960	-0.000000	0.887239	60.000000
45.699000	60.405058	-0.405058	1.303162	-0.000000	0.898104	60.000000
45.598000	60.390105	-0.390105	1.303366	-0.000000	0.913261	60.000000
45.499000	60.375270	-0.375270	1.303560	-0.000000	0.928289	60.000000
45.400000	60.367156	-0.367156	1.303745	-0.000000	0.936590	60.000000
45.299000	60.353904	-0.353904	1.303931	-0.000000	0.950027	60.000000
45.203000	60.346393	-0.346393	1.304101	-0.000000	0.957707	60.000000
45.098000	60.342089	-0.342089	1.304282	-0.000000	0.962194	60.000000
45.000000	60.334156	-0.334156	1.304450	-0.000000	0.970294	60.000000
44.900000	60.322295	-0.322295	1.304617	-0.000000	0.982322	60.000000
44.798000	60.315083	-0.315083	1.304782	0.000000	0.989699	60.000000
44.698000	60.321497	-0.321497	1.304939	0.000000	0.983442	60.000000
44.600000	60.324044	-0.324044	1.305097	-0.000000	0.981053	60.000000
44.501000	60.322412	-0.322412	1.305257	0.000000	0.982845	60.000000
44.400000	60.336157	-0.336157	1.305420	0.000000	0.969262	60.000000
44.298000	60.338759	-0.338759	1.305591	0.000000	0.966832	60.000000
44.197000	60.342576	-0.342576	1.305762	0.000000	0.963187	60.000000
44.112000	60.347539	-0.347539	1.305908	-0.000000	0.958368	60.000000
44.002000	60.347054	-0.347054	1.306099	0.000000	0.959045	60.000000
43.901000	60.349544	-0.349544	1.306274	0.000000	0.956731	60.000000
43.798000	60.351231	-0.351231	1.306454	-0.000000	0.955224	60.000000
43.700000	60.347179	-0.347179	1.306626	0.000000	0.959448	60.000000
43.604000	60.347665	-0.347665	1.306793	0.000000	0.959129	60.000000
43.500000	60.349969	-0.349969	1.306974	-0.000000	0.957005	60.000000
43.398000	60.348082	-0.348082	1.307152	0.000000	0.959071	60.000000
43.298000	60.360740	-0.360740	1.307326	0.000000	0.946586	60.000000
43.199000	60.368251	-0.368251	1.307505	0.000000	0.939254	60.000000
43.102000	60.378482	-0.378482	1.307684	0.000000	0.929201	60.000000
43.003000	60.385018	-0.385018	1.307871	0.000000	0.922853	60.000000
42.899000	60.397792	-0.397792	1.308071	0.000000	0.910279	60.000000
42.798000	60.403071	-0.403071	1.308272	0.000000	0.905201	60.000000
42.701000	60.404089	-0.404089	1.308467	0.000000	0.904379	60.000000
42.599000	60.406510	-0.406510	1.308674	0.000000	0.902163	60.000000
42.499000	60.413847	-0.413847	1.308877	0.000000	0.895030	60.000000
42.402000	60.421531	-0.421531	1.309078	0.000000	0.887546	60.000000
42.298000	60.430064	-0.430064	1.309297	0.000000	0.879233	60.000000
42.206000	60.431288	-0.431288	1.309495	-0.000000	0.878206	60.000000
42.100000	60.430196	-0.430196	1.309723	0.000000	0.879527	60.000000
41.999000	60.436910	-0.436910	1.309940	0.000000	0.873030	60.000000
41.899000	60.442365	-0.442365	1.310159	-0.000000	0.867794	60.000000
41.800000	60.437330	-0.437330	1.310378	-0.000000	0.873048	60.000000
41.699000	60.436313	-0.436313	1.310599	-0.000000	0.874286	60.000000
41.598000	60.429526	-0.429526	1.310819	-0.000000	0.881293	60.000000
41.500000	60.420806	-0.420806	1.311029	-0.000000	0.890223	60.000000
41.398000	60.412150	-0.412150	1.311244	-0.000000	0.899095	60.000000
41.300000	60.410872	-0.410872	1.311446	0.000000	0.900574	60.000000
41.201000	60.413062	-0.413062	1.311649	0.000000	0.898588	60.000000
41.100000	60.414270	-0.414270	1.311858	0.000000	0.897588	60.000000
40.998000	60.428853	-0.428853	1.312069	0.000000	0.883216	60.000000
40.903000	60.446843	-0.446843	1.312273	0.000000	0.865430	60.000000
40.816000	60.471185	-0.471185	1.312467	0.000000	0.841282	60.000000
40.727000	60.494077	-0.494077	1.312677	-0.000000	0.818600	60.000000
40.639000	60.493159	-0.493159	1.312894	0.000000	0.819735	60.000000
40.552000	60.501524	-0.501524	1.313109	0.000000	0.811585	60.000000
40.465000	60.528157	-0.528157	1.313327	0.000000	0.785170	60.000000
40.302000	60.531248	-0.531248	1.313758	0.000000	0.782509	60.000000
40.214000	60.535058	-0.535058	1.313991	0.000000	0.778933	60.000000
40.101000	60.551046	-0.551046	1.314294	-0.000000	0.763247	60.000000
39.998000	60.538460	-0.538460	1.314577	-0.000000	0.776117	60.000000
39.899000	60.534029	-0.534029	1.314844	0.000000	0.780815	60.000000
39.800000	60.538328	-0.538328	1.315108	-0.000000	0.776780	60.000000
39.699000	60.537969	-0.537969	1.315380	-0.000000	0.777411	60.000000
39.598000	60.520715	-0.520715	1.315652	-0.000000	0.794937	60.000000
39.498000	60.511455	-0.511455	1.315912	0.000000	0.804458	60.000000
39.397000	60.533245	-0.533245	1.316170	0.000000	0.782926	60.000000
39.299000	60.571335	-0.571335	1.316432	0.000000	0.745097	60.000000
39.200000	60.581381	-0.581381	1.316715	0.000000	0.735333	60.000000
39.101000	60.591439	-0.591439	1.317002	0.000000	0.725563	60.000000
39.004000	60.599668	-0.599668	1.317289	0.000000	0.717621	60.000000
38.899000	60.609000	-0.609000	1.317604	0.000000	0.708604	60.000000
38.799000	60.615959	-0.615959	1.317909	0.000000	0.701950	60.000000
38.700000	60.619352	-0.619352	1.318213	0.000000	0.698862	60.000000
38.601000	60.625770	-0.625770	1.318520	-0.000000	0.692750	60.000000
38.499000	60.624981	-0.624981	1.318839	0.000000	0.693858	60.000000
38.401000	60.627045	-0.627045	1.319145	0.000000	0.692100	60.000000
38.299000	60.629161	-0.629161	1.319465	-0.000000	0.690304	60.000000
38.200000	60.628614	-0.628614	1.319777	-0.000000	0.691163	60.000000
38.113000	60.621776	-0.621776	1.320050	-0.000000	0.698274	60.000000
38.001000	60.608695	-0.608695	1.320398	-0.000000	0.711704	60.000000
37.897000	60.591318	-0.591318	1.320715	-0.000000	0.729396	60.000000
37.800000	60.583022	-0.583022	1.321002	-0.000000	0.737979	60.000000
37.699000	60.571576	-0.571576	1.321296	-0.000000	0.749720	60.000000
37.597000	60.568125	-0.568125	1.321588	0.000000	0.753462	60.000000
37.498000	60.574117	-0.574117	1.321869	0.000000	0.747752	60.000000
37.401000	60.581746	-0.581746	1.322147	-0.000000	0.740401	60.000000
37.300000	60.574001	-0.574001	1.322441	-0.000000	0.748440	60.000000
37.200000	60.557049	-0.557049	1.322728	-0.000000	0.765679	60.000000
37.100000	60.551112	-0.551112	1.323006	-0.000000	0.771894	60.000000
36.998000	60.540335	-0.540335	1.323288	-0.000000	0.782952	60.000000
36.897000	60.516299	-0.516299	1.323560	-0.000000	0.807262	60.000000
36.802000	60.489767	-0.489767	1.323806	-0.000000	0.834039	60.000000
36.703000	60.465006	-0.465006	1.324048	-0.000000	0.859042	60.000000
36.597000	60.445755	-0.445755	1.324295	-0.000000	0.878540	60.000000
36.498000	60.436488	-0.436488	1.324515	-0.000000	0.888028	60.000000
36.402000	60.428502	-0.428502	1.324725	-0.000000	0.896223	60.000000
36.298000	60.415358	-0.415358	1.324948	-0.000000	0.909590	60.000000
36.202000	60.397126	-0.397126	1.325147	-0.000000	0.928021	60.000000
36.100000	60.373761	-0.373761	1.325349	-0.000000	0.951589	60.000000
35.997000	60.358564	-0.358564	1.325542	-0.000000	0.966978	60.000000
35.900000	60.340700	-0.340700	1.325716	-0.000000	0.985016	60.000000
35.800000	60.332586	-0.332586	1.325886	-0.000000	0.993300	60.000000
35.701000	60.307152	-0.307152	1.326051	-0.000000	1.018899	60.000000
35.599000	60.278998	-0.278998	1.326207	-0.000000	1.047209	60.000000
35.501000	60.251813	-0.251813	1.326344	-0.000000	1.074531	60.000000
35.399000	60.227043	-0.227043	1.326473	-0.000000	1.099430	60.000000
35.299000	60.213970	-0.213970	1.326586	-0.000000	1.112616	60.000000
35.198000	60.201492	-0.201492	1.326694	-0.000000	1.125203	60.000000
35.099000	60.185929	-0.185929	1.326794	-0.000000	1.140865	60.000000
35.000000	60.174426	-0.174426	1.326886	-0.000000	1.152460	60.000000
34.901000	60.163898	-0.163898	1.326972	-0.000000	1.163075	60.000000
34.802000	60.151659	-0.151659	1.327053	-0.000000	1.175395	60.000000
34.699000	60.142032	-0.142032	1.327132	-0.000000	1.185099	60.000000
34.599000	60.136276	-0.136276	1.327203	-0.000000	1.190926	60.000000
34.501000	60.127868	-0.127868	1.327269	-0.000000	1.199401	60.000000
34.400000	60.116118	-0.116118	1.327334	-0.000000	1.211216	60.000000
34.302000	60.099709	-0.099709	1.327391	-0.000000	1.227682	60.000000
34.205000	60.085296	-0.085296	1.327439	-0.000000	1.242143	60.000000
34.098000	60.069374	-0.069374	1.327485	-0.000000	1.258111	60.000000
33.998000	60.057627	-0.057627	1.327519	0.000000	1.269892	60.000000
33.900000	60.061076	-0.061076	1.327548	0.000000	1.266471	60.000000
33.801000	60.061134	-0.061134	1.327578	0.000000	1.266444	60.000000
33.699000	60.063983	-0.063983	1.327609	0.000000	1.263626	60.000000
33.598000	60.072764	-0.072764	1.327641	0.000000	1.254878	60.000000
33.502000	60.078633	-0.078633	1.327676	-0.000000	1.249043	60.000000
33.399000	60.077487	-0.077487	1.327717	0.000000	1.250230	60.000000
33.301000	60.080753	-0.080753	1.327755	0.000000	1.247002	60.000000
33.197000	60.086754	-0.086754	1.327797	0.000000	1.241043	60.000000
33.098000	60.106549	-0.106549	1.327840	0.000000	1.221291	60.000000
33.000000	60.113156	-0.113156	1.327892	0.000000	1.214736	60.000000
32.898000	60.130896	-0.130896	1.327950	0.000000	1.197053	60.000000
32.800000	60.148273	-0.148273	1.328014	0.000000	1.179741	60.000000
32.700000	60.164621	-0.164621	1.328088	0.000000	1.163466	60.000000
32.602000	60.193989	-0.193989	1.328169	0.000000	1.134179	60.000000
32.499000	60.211540	-0.211540	1.328269	0.000000	1.116728	60.000000
32.399000	60.233949	-0.233949	1.328374	0.000000	1.094425	60.000000
32.299000	60.264828	-0.264828	1.328491	0.000000	1.063663	60.000000
32.198000	60.298368	-0.298368	1.328625	0.000000	1.030257	60.000000
32.112000	60.325682	-0.325682	1.328753	0.000000	1.003071	60.000000
32.002000	60.368069	-0.368069	1.328932	0.000000	0.960863	60.000000
31.899000	60.402336	-0.402336	1.329122	0.000000	0.926786	60.000000
31.797000	60.438789	-0.438789	1.329327	0.000000	0.890538	60.000000
31.699000	60.481899	-0.481899	1.329542	0.000000	0.847644	60.000000
31.597000	60.522229	-0.522229	1.329788	0.000000	0.807559	60.000000
31.500000	60.559344	-0.559344	1.330041	0.000000	0.770698	60.000000
31.406000	60.601794	-0.601794	1.330304	0.000000	0.728510	60.000000
31.300000	60.633701	-0.633701	1.330623	0.000000	0.696922	60.000000
31.200000	60.683227	-0.683227	1.330940	0.000000	0.647713	60.000000
31.099000	60.729125	-0.729125	1.331285	0.000000	0.602160	60.000000
31.000000	60.782838	-0.782838	1.331646	0.000000	0.548808	60.000000
30.901000	60.831040	-0.831040	1.332033	0.000000	0.500993	60.000000
30.802000	60.884863	-0.884863	1.332445	0.000000	0.447582	60.000000
30.701000	60.929734	-0.929734	1.332892	0.000000	0.403157	60.000000
30.601000	60.975510	-0.975510	1.333356	0.000000	0.357846	60.000000
30.500000	61.020746	-1.020746	1.333849	0.000000	0.313103	60.000000
30.399000	61.071055	-1.071055	1.334365	0.000000	0.263309	60.000000
30.300000	61.110472	-1.110472	1.334895	0.000000	0.224423	60.000000
30.206000	61.147653	-1.147653	1.335417	0.000000	0.187764	60.000000
30.099000	61.191731	-1.191731	1.336031	0.000000	0.144300	60.000000
29.999000	61.231579	-1.231579	1.336627	0.000000	0.105048	60.000000
29.900000	61.282135	-1.282135	1.337236	0.000000	0.055101	60.000000
29.804000	61.317917	-1.317917	1.337852	0.000000	0.019934	60.000000
29.699000	61.362064	-1.362064	1.338543	0.000000	-0.023520	60.000000
29.599000	61.403718	-1.403718	1.339225	0.000000	-0.064493	60.000000
29.500000	61.431928	-1.431928	1.339919	0.000000	-0.092009	60.000000
29.400000	61.464455	-1.464455	1.340635	0.000000	-0.123819	60.000000
29.302000	61.494848	-1.494848	1.341353	0.000000	-0.153495	60.000000
29.201000	61.520762	-1.520762	1.342108	0.000000	-0.178654	60.000000
29.098000	61.546440	-1.546440	1.342891	0.000000	-0.203549	60.000000
28.999000	61.568772	-1.568772	1.343656	0.000000	-0.225116	60.000000
28.906000	61.590335	-1.590335	1.344386	0.000000	-0.245949	60.000000
28.803000	61.616677	-1.616677	1.345205	0.000000	-0.271472	60.000000
28.698000	61.638349	-1.638349	1.346054	0.000000	-0.292295	60.000000
28.602000	61.660144	-1.660144	1.346840	0.000000	-0.313304	60.000000
28.503000	61.672013	-1.672013	1.347662	0.000000	-0.324351	60.000000
28.400000	61.690244	-1.690244	1.348523	0.000000	-0.341721	60.000000
28.301000	61.696292	-1.696292	1.349360	0.000000	-0.346932	60.000000
28.198000	61.702104	-1.702104	1.350233	0.000000	-0.351870	60.000000
28.103000	61.706769	-1.706769	1.351042	0.000000	-0.355727	60.000000
28.003000	61.710588	-1.710588	1.351895	-0.000000	-0.358693	60.000000
27.904000	61.704653	-1.704653	1.352742	-0.000000	-0.351911	60.000000
27.800000	61.703079	-1.703079	1.353628	-0.000000	-0.349451	60.000000
27.699000	61.679344	-1.679344	1.354488	-0.000000	-0.324855	60.000000
27.602000	61.659851	-1.659851	1.355303	-0.000000	-0.304548	60.000000
27.499000	61.632298	-1.632298	1.356158	-0.000000	-0.276140	60.000000
27.400000	61.596510	-1.596510	1.356966	-0.000000	-0.239544	60.000000
27.310000	61.561696	-1.561696	1.357684	-0.000000	-0.204012	60.000000
27.223000	61.530391	-1.530391	1.358363	-0.000000	-0.172028	60.000000
27.135000	61.498236	-1.498236	1.359037	-0.000000	-0.139199	60.000000
27.052000	61.463785	-1.463785	1.359659	-0.000000	-0.104126	60.000000
26.968000	61.424730	-1.424730	1.360273	-0.000000	-0.064457	60.000000
26.797000	61.333295	-1.333295	1.361491	-0.000000	0.028197	60.000000
26.698000	61.268032	-1.268032	1.362151	-0.000000	0.094119	60.000000
26.600000	61.195423	-1.195423	1.362773	-0.000000	0.167350	60.000000
26.500000	61.111559	-1.111559	1.363371	-0.000000	0.251812	60.000000
26.403000	61.027884	-1.027884	1.363910	-0.000000	0.336026	60.000000
26.299000	60.934031	-0.934031	1.364444	-0.000000	0.430413	60.000000
26.208000	60.849563	-0.849563	1.364869	-0.000000	0.515307	60.000000
26.101000	60.752080	-0.752080	1.365324	-0.000000	0.613243	60.000000
26.000000	60.647450	-0.647450	1.365703	-0.000000	0.718254	60.000000
25.902000	60.548329	-0.548329	1.366021	-0.000000	0.817692	60.000000
25.801000	60.448414	-0.448414	1.366298	-0.000000	0.917883	60.000000
25.703000	60.352754	-0.352754	1.366517	-0.000000	1.013764	60.000000
25.599000	60.235398	-0.235398	1.366701	-0.000000	1.131303	60.000000
25.500000	60.129495	-0.129495	1.366817	-0.000000	1.237323	60.000000
25.400000	60.016335	-0.016335	1.366882	-0.000000	1.350547	60.000000
25.299000	59.884694	0.115306	1.366890	-0.000000	1.482196	60.000000
25.199000	59.772718	0.227282	1.366833	-0.000000	1.594115	60.000000
25.102000	59.662619	0.337381	1.366722	-0.000000	1.704104	60.000000
25.001000	59.541349	0.458651	1.366552	-0.000000	1.825203	60.000000
24.901000	59.422449	0.577551	1.366323	-0.000000	1.943874	60.000000
24.798000	59.305949	0.694051	1.366025	-0.000000	2.060076	60.000000
24.699000	59.187822	0.812178	1.365682	-0.000000	2.177860	60.000000
24.600000	59.062812	0.937188	1.365280	-0.000000	2.302468	60.000000
24.503000	58.936718	1.063282	1.364825	-0.000000	2.428107	60.000000
24.402000	58.819379	1.180621	1.364288	-0.000000	2.544909	60.000000
24.299000	58.693639	1.306361	1.363680	-0.000000	2.670042	60.000000
24.199000	58.565739	1.434261	1.363027	-0.000000	2.797288	60.000000
24.100000	58.442604	1.557396	1.362317	-0.000000	2.919713	60.000000
24.000000	58.333883	1.666117	1.361538	-0.000000	3.027655	60.000000
23.904000	58.221798	1.778202	1.360739	-0.000000	3.138940	60.000000
23.802000	58.104939	1.895061	1.359832	-0.000000	3.254892	60.000000
23.702000	57.985181	2.014819	1.358884	-0.000000	3.373703	60.000000
23.601000	57.867300	2.132700	1.357867	-0.000000	3.490566	60.000000
23.502000	57.753998	2.246002	1.356811	-0.000000	3.602813	60.000000
23.397000	57.630437	2.369563	1.355632	-0.000000	3.725194	60.000000
23.301000	57.513037	2.486963	1.354494	-0.000000	3.841458	60.000000
23.202000	57.390202	2.609798	1.353263	-0.000000	3.963061	60.000000
23.100000	57.254448	2.745552	1.351932	-0.000000	4.097485	60.000000
23.001000	57.123769	2.876231	1.350573	-0.000000	4.226804	60.000000
22.900000	56.989643	3.010357	1.349121	-0.000000	4.359478	60.000000
22.799000	56.868738	3.131262	1.347601	-0.000000	4.478862	60.000000
22.700000	56.741564	3.258436	1.346051	-0.000000	4.604487	60.000000
22.602000	56.623072	3.376928	1.344454	-0.000000	4.721382	60.000000
22.502000	56.507722	3.492278	1.342766	-0.000000	4.835043	60.000000
22.399000	56.378066	3.621934	1.340967	-0.000000	4.962901	60.000000
22.299000	56.254323	3.745677	1.339156	-0.000000	5.084833	60.000000
22.199000	56.132452	3.867548	1.337283	-0.000000	5.204832	60.000000
22.102000	56.010220	3.989780	1.335407	-0.000000	5.325187	60.000000
22.003000	55.884796	4.115204	1.333433	-0.000000	5.448636	60.000000
21.899000	55.761475	4.238525	1.331293	-0.000000	5.569818	60.000000
21.798000	55.635686	4.364314	1.329152	-0.000000	5.693466	60.000000
21.700000	55.511881	4.488119	1.327014	-0.000000	5.815132	60.000000
21.603000	55.396708	4.603292	1.324837	-0.000000	5.928129	60.000000
21.502000	55.261745	4.738255	1.322512	-0.000000	6.060767	60.000000
21.400000	55.138547	4.861453	1.320096	-0.000000	6.181549	60.000000
21.304000	55.035936	4.964064	1.317762	-0.000000	6.281826	60.000000
21.200000	54.918650	5.081350	1.315181	-0.000000	6.396531	60.000000
21.107000	54.799923	5.200077	1.312818	-0.000000	6.512896	60.000000
21.002000	54.666285	5.333715	1.310088	-0.000000	6.643804	60.000000
20.900000	54.538319	5.461681	1.307368	-0.000000	6.769049	60.000000
20.801000	54.412463	5.587537	1.304664	-0.000000	6.892201	60.000000
20.700000	54.287637	5.712363	1.301843	-0.000000	7.014206	60.000000
20.601000	54.157256	5.842744	1.299015	-0.000000	7.141759	60.000000
20.500000	54.024456	5.975544	1.296064	-0.000000	7.271608	60.000000
20.403000	53.887628	6.112372	1.293166	-0.000000	7.405538	60.000000
20.300000	53.750232	6.249768	1.290018	-0.000000	7.539786	60.000000
20.200000	53.610922	6.389078	1.286894	-0.000000	7.675972	60.000000
20.107000	53.481090	6.518910	1.283923	-0.000000	7.802833	60.000000
20.001000	53.331992	6.668008	1.280468	-0.000000	7.948476	60.000000
19.899000	53.189783	6.810217	1.277067	-0.000000	8.087283	60.000000
19.802000	53.052523	6.947477	1.273764	-0.000000	8.221241	60.000000
19.703000	52.925883	7.074117	1.270325	-0.000000	8.344442	60.000000
19.600000	52.791580	7.208420	1.266682	-0.000000	8.475102	60.000000
19.499000	52.660901	7.339099	1.263042	-0.000000	8.602140	60.000000
19.399000	52.527797	7.472203	1.259372	-0.000000	8.731575	60.000000
19.300000	52.391144	7.608856	1.255673	-0.000000	8.864529	60.000000
19.200000	52.249417	7.750583	1.251869	-0.000000	9.002452	60.000000
19.099000	52.103948	7.896052	1.247955	-0.000000	9.144006	60.000000
19.001000	51.974589	8.025411	1.244086	-0.000000	9.269496	60.000000
18.899000	51.849224	8.150776	1.239993	-0.000000	9.390768	60.000000
18.801000	51.721189	8.278811	1.235999	-0.000000	9.514810	60.000000
18.699000	51.588574	8.411426	1.231777	-0.000000	9.643202	60.000000
18.602000	51.453309	8.546691	1.227697	-0.000000	9.774388	60.000000
18.501000	51.318460	8.681540	1.223381	-0.000000	9.904921	60.000000
18.400000	51.191284	8.808716	1.218997	-0.000000	10.027713	60.000000
18.300000	51.064036	8.935964	1.214593	-0.000000	10.150557	60.000000
18.205000	50.938968	9.061032	1.210348	-0.000000	10.271380	60.000000
18.102000	50.802136	9.197864	1.205681	-0.000000	10.403546	60.000000
18.000000	50.667953	9.332047	1.200991	-0.000000	10.533037	60.000000
17.904000	50.526037	9.473963	1.196511	-0.000000	10.670474	60.000000
17.803000	50.392220	9.607780	1.191727	-0.000000	10.799506	60.000000
17.699000	50.256529	9.743471	1.186731	-0.000000	10.930201	60.000000
17.600000	50.109006	9.890994	1.181908	-0.000000	11.072902	60.000000
17.499000	49.976278	10.023722	1.176913	-0.000000	11.200635	60.000000
17.398000	49.843678	10.156322	1.171851	-0.000000	11.328173	60.000000
17.303000	49.710179	10.289821	1.167027	-0.000000	11.456848	60.000000
17.203000	49.580478	10.419522	1.161882	-0.000000	11.581404	60.000000
17.097000	49.441379	10.558621	1.156359	-0.000000	11.714981	60.000000
16.999000	49.306136	10.693864	1.151186	-0.000000	11.845049	60.000000
16.901000	49.175639	10.824361	1.145946	-0.000000	11.970306	60.000000
16.799000	49.042199	10.957801	1.140425	-0.000000	12.098226	60.000000
16.702000	48.912197	11.087803	1.135111	-0.000000	12.222913	60.000000
16.599000	48.761848	11.238152	1.129400	-0.000000	12.367552	60.000000
16.500000	48.623953	11.376047	1.123838	-0.000000	12.499885	60.000000
16.401000	48.486113	11.513887	1.118206	-0.000000	12.632093	60.000000
16.300000	48.352314	11.647686	1.112392	-0.000000	12.760078	60.000000
16.202000	48.211235	11.788765	1.106685	-0.000000	12.895449	60.000000
16.107000	48.083085	11.916915	1.101085	-0.000000	13.017999	60.000000
16.002000	47.933275	12.066725	1.094828	-0.000000	13.161553	60.000000
15.901000	47.800500	12.199500	1.088735	-0.000000	13.288235	60.000000
15.800000	47.662428	12.337572	1.082574	-0.000000	13.420146	60.000000
15.702000	47.525559	12.474441	1.076529	-0.000000	13.550970	60.000000
15.603000	47.393927	12.606073	1.070354	-0.000000	13.676427	60.000000
15.499000	47.253985	12.746015	1.063799	-0.000000	13.809813	60.000000
15.398000	47.116150	12.883850	1.057362	-0.000000	13.941212	60.000000
15.302000	46.983499	13.016501	1.051178	-0.000000	14.067679	60.000000
15.202000	46.849392	13.150608	1.044669	-0.000000	14.195278	60.000000
15.100000	46.712466	13.287534	1.037963	-0.000000	14.325497	60.000000
15.000000	46.577882	13.422118	1.031319	-0.000000	14.453437	60.000000
14.899000	46.439208	13.560792	1.024541	-0.000000	14.585332	60.000000
14.801000	46.299568	13.700432	1.017896	-0.000000	14.718328	60.000000
14.699000	46.159809	13.840191	1.010909	-0.000000	14.851099	60.000000
14.599000	46.022037	13.977963	1.003989	-0.000000	14.981952	60.000000
14.499000	45.878183	14.121817	0.997000	-0.000000	15.118817	60.000000
14.402000	45.737575	14.262425	0.990150	-0.000000	15.252575	60.000000
14.301000	45.598966	14.401034	0.982948	-0.000000	15.383982	60.000000
14.210000	45.471428	14.528572	0.976395	-0.000000	15.504968	60.000000
14.107000	45.324744	14.675256	0.968913	-0.000000	15.644169	60.000000
14.000000	45.182390	14.817610	0.961062	-0.000000	15.778672	60.000000
13.900000	45.045773	14.954227	0.953653	-0.000000	15.907880	60.000000
13.803000	44.908241	15.091759	0.946400	-0.000000	16.038159	60.000000
13.705000	44.771908	15.228092	0.939005	-0.000000	16.167098	60.000000
13.602000	44.621920	15.378080	0.931163	-0.000000	16.309243	60.000000
13.500000	44.480416	15.519584	0.923320	-0.000000	16.442904	60.000000
13.401000	44.342041	15.657959	0.915638	-0.000000	16.573597	60.000000
13.300000	44.200116	15.799884	0.907731	-0.000000	16.707615	60.000000
13.208000	44.071370	15.928630	0.900463	-0.000000	16.829093	60.000000
13.104000	43.924627	16.075373	0.892180	-0.000000	16.967553	60.000000
13.000000	43.778185	16.221815	0.883821	-0.000000	17.105635	60.000000
12.899000	43.638252	16.361748	0.875629	-0.000000	17.237377	60.000000
12.802000	43.506129	16.493871	0.867693	-0.000000	17.361564	60.000000
12.702000	43.363304	16.636696	0.859446	-0.000000	17.496142	60.000000
12.602000	43.223485	16.776515	0.851128	-0.000000	17.627643	60.000000
12.502000	43.082586	16.917414	0.842740	-0.000000	17.760154	60.000000
12.400000	42.941982	17.058018	0.834112	-0.000000	17.892130	60.000000
12.302000	42.797715	17.202285	0.825753	-0.000000	18.028039	60.000000
12.201000	42.655117	17.344883	0.817066	-0.000000	18.161949	60.000000
12.103000	42.518614	17.481386	0.808567	-0.000000	18.289953	60.000000
12.002000	42.378916	17.621084	0.799739	-0.000000	18.420823	60.000000
11.904000	42.241621	17.758379	0.791105	-0.000000	18.549484	60.000000
11.802000	42.107342	17.892658	0.782048	-0.000000	18.674706	60.000000
11.700000	41.973236	18.026764	0.772923	-0.000000	18.799687	60.000000
11.602000	41.835401	18.164599	0.764090	-0.000000	18.928689	60.000000
11.504000	41.701303	18.298697	0.755189	-0.000000	19.053886	60.000000
11.401000	41.562502	18.437498	0.745765	-0.000000	19.183263	60.000000
11.304000	41.426724	18.573276	0.736823	-0.000000	19.310098	60.000000
11.204000	41.291711	18.708289	0.727536	-0.000000	19.435826	60.000000
11.098000	41.144734	18.855266	0.717621	-0.000000	19.572887	60.000000
11.000000	41.008705	18.991295	0.708382	-0.000000	19.699677	60.000000
10.904000	40.877973	19.122027	0.699266	-0.000000	19.821293	60.000000
10.800000	40.736776	19.263224	0.689323	-0.000000	19.952547	60.000000
10.703000	40.607611	19.392389	0.679980	-0.000000	20.072369	60.000000
10.600000	40.469053	19.530947	0.669993	-0.000000	20.200939	60.000000
10.500000	40.330319	19.669681	0.660227	-0.000000	20.329908	60.000000
10.401000	40.196637	19.803363	0.650491	-0.000000	20.453854	60.000000
10.301000	40.060424	19.939576	0.640589	-0.000000	20.580165	60.000000
10.202000	39.924996	20.075004	0.630719	-0.000000	20.705723	60.000000
10.101000	39.786509	20.213491	0.620581	-0.000000	20.834073	60.000000
10.001000	39.656186	20.343814	0.610474	-0.000000	20.954288	60.000000
9.902000	39.524362	20.475638	0.600404	-0.000000	21.076042	60.000000
9.801000	39.398115	20.601885	0.590064	-0.000000	21.191949	60.000000
9.704000	39.274514	20.725486	0.580072	-0.000000	21.305559	60.000000
9.603000	39.146160	20.853840	0.569606	-0.000000	21.423446	60.000000
9.499000	39.015784	20.984216	0.558762	-0.000000	21.542978	60.000000
9.402000	38.888879	21.111121	0.548584	-0.000000	21.659705	60.000000
9.302000	38.766107	21.233893	0.538029	-0.000000	21.771922	60.000000
9.203000	38.638489	21.361511	0.527518	-0.000000	21.889029	60.000000
9.109000	38.519803	21.480197	0.517478	-0.000000	21.997675	60.000000
9.004000	38.385995	21.614005	0.506201	-0.000000	22.120206	60.000000
8.902000	38.260710	21.739290	0.495178	-0.000000	22.234468	60.000000
8.803000	38.136505	21.863495	0.484417	-0.000000	22.347913	60.000000
8.708000	38.021659	21.978341	0.474032	-0.000000	22.452373	60.000000
8.626000	37.923138	22.076862	0.465021	-0.000000	22.541883	60.000000
8.526000	37.809130	22.190870	0.453982	-0.000000	22.644852	60.000000
8.446000	37.713254	22.286746	0.445106	-0.000000	22.731852	60.000000
8.369000	37.621749	22.378251	0.436526	-0.000000	22.814777	60.000000
8.204000	37.423496	22.576504	0.418064	-0.000000	22.994567	60.000000
8.101000	37.309851	22.690149	0.406437	-0.000000	23.096585	60.000000
7.999000	37.234495	22.765505	0.394865	-0.000000	23.160370	60.000000
7.902000	37.104586	22.895414	0.383823	-0.000000	23.279238	60.000000
7.801000	37.005950	22.994050	0.372261	-0.000000	23.366311	60.000000
7.698000	36.903756	23.096244	0.360419	-0.000000	23.456663	60.000000
7.605000	36.809794	23.190206	0.349679	-0.000000	23.539885	60.000000
7.503000	36.709239	23.290761	0.337852	-0.000000	23.628614	60.000000
7.403000	36.616470	23.383530	0.326207	-0.000000	23.709737	60.000000
7.303000	36.522082	23.477918	0.314515	-0.000000	23.792433	60.000000
7.198000	36.430404	23.569596	0.302189	-0.000000	23.871785	60.000000
7.104000	36.343939	23.656061	0.291112	-0.000000	23.947173	60.000000
7.002000	36.256693	23.743307	0.279047	-0.000000	24.022354	60.000000
6.904000	36.174786	23.825214	0.267413	-0.000000	24.092627	60.000000
6.806000	36.093846	23.906154	0.255739	-0.000000	24.161892	60.000000
6.699000	36.009126	23.990874	0.242949	-0.000000	24.233822	60.000000
6.604000	35.938682	24.061318	0.231553	-0.000000	24.292871	60.000000
6.502000	35.867217	24.132783	0.219282	-0.000000	24.352065	60.000000
6.402000	35.801997	24.198003	0.207215	-0.000000	24.405219	60.000000
6.302000	35.741155	24.258845	0.195116	-0.000000	24.453962	60.000000
6.202000	35.679293	24.320707	0.182987	-0.000000	24.503694	60.000000
6.103000	35.623909	24.376091	0.170948	-0.000000	24.547039	60.000000
6.001000	35.576150	24.423850	0.158516	-0.000000	24.582367	60.000000
5.900000	35.537145	24.462855	0.146182	-0.000000	24.609038	60.000000
5.798000	35.499522	24.500478	0.133706	-0.000000	24.634185	60.000000
5.700000	35.473550	24.526450	0.121701	-0.000000	24.648151	60.000000
5.603000	35.453140	24.546860	0.109806	-0.000000	24.656665	60.000000
5.502000	35.444798	24.555202	0.097410	-0.000000	24.652611	60.000000
5.403000	35.434907	24.565093	0.085255	0.000000	24.650348	60.000000
5.301000	35.439166	24.560834	0.072727	0.000000	24.633561	60.000000
5.200000	35.447026	24.552974	0.060323	0.000000	24.613298	60.000000
5.103000	35.460220	24.539780	0.048415	0.000000	24.588195	60.000000
5.004000	35.479426	24.520574	0.036268	0.000000	24.556842	60.000000
4.904000	35.494963	24.505037	0.024008	0.000000	24.529045	60.000000
4.799000	35.510803	24.489197	0.011143	0.000000	24.500339	60.000000
4.708000	35.528504	0.000000	0.000000	0.000000	0.000000	60.000000
4.604000	35.545664	0.000000	0.000000	0.000000	0.000000	60.000000
4.504000	35.561514	0.000000	0.000000	0.000000	0.000000	60.000000
4.402000	35.578304	0.000000	0.000000	0.000000	0.000000	60.000000
4.300000	35.592826	0.000000	0.000000	0.000000	0.000000	60.000000
4.202000	35.611307	0.000000	0.000000	0.000000	0.000000	60.000000
4.102000	35.630092	0.000000	0.000000	0.000000	0.000000	60.000000
4.000000	35.649407	0.000000	0.000000	0.000000	0.000000	60.000000
3.903000	35.669091	0.000000	0.000000	0.000000	0.000000	60.000000
3.798000	35.689905	0.000000	0.000000	0.000000	0.000000	60.000000
3.703000	35.705690	0.000000	0.000000	0.000000	0.000000	60.000000
3.602000	35.723758	0.000000	0.000000	0.000000	0.000000	60.000000
3.503000	35.741755	0.000000	0.000000	0.000000	0.000000	60.000000
3.402000	35.758193	0.000000	0.000000	0.000000	0.000000	60.000000
3.302000	35.774393	0.000000	0.000000	0.000000	0.000000	60.000000
3.201000	35.792162	0.000000	0.000000	0.000000	0.000000	60.000000
3.103000	35.808717	0.000000	0.000000	0.000000	0.000000	60.000000
3.003000	35.821921	0.000000	0.000000	0.000000	0.000000	60.000000
2.900000	35.839736	0.000000	0.000000	0.000000	0.000000	60.000000
2.801000	35.854080	0.000000	0.000000	0.000000	0.000000	60.000000
2.704000	35.875979	0.000000	0.000000	0.000000	0.000000	60.000000
2.601000	35.894943	0.000000	0.000000	0.000000	0.000000	60.000000
2.502000	35.916837	0.000000	0.000000	0.000000	0.000000	60.000000
2.401000	35.933043	0.000000	0.000000	0.000000	0.000000	60.000000
2.300000	35.948576	0.000000	0.000000	0.000000	0.000000	60.000000
2.202000	35.966583	0.000000	0.000000	0.000000	0.000000	60.000000
2.116000	35.985302	0.000000	0.000000	0.000000	0.000000	60.000000
2.016000	35.999162	0.000000	0.000000	0.000000	0.000000	60.000000
1.902000	36.025320	0.000000	0.000000	0.000000	0.000000	60.000000
1.801000	36.041585	0.000000	0.000000	0.000000	0.000000	60.000000
1.702000	36.060788	0.000000	0.000000	0.000000	0.000000	60.000000
1.601000	36.074409	0.000000	0.000000	0.000000	0.000000	60.000000
1.504000	36.096784	0.000000	0.000000	0.000000	0.000000	60.000000
1.401000	36.119948	0.000000	0.000000	0.000000	0.000000	60.000000
1.301000	36.140170	0.000000	0.000000	0.000000	0.000000	60.000000
1.203000	36.158472	0.000000	0.000000	0.000000	0.000000	60.000000
1.100000	36.171670	0.000000	0.000000	0.000000	0.000000	60.000000
1.004000	36.187151	0.000000	0.000000	0.000000	0.000000	60.000000
0.902000	36.206295	0.000000	0.000000	0.000000	0.000000	60.000000
0.803000	36.223330	0.000000	0.000000	0.000000	0.000000	60.000000
0.701000	36.242347	0.000000	0.000000	0.000000	0.000000	60.000000
0.600000	36.263951	0.000000	0.000000	0.000000	0.000000	60.000000
0.502000	36.285740	0.000000	0.000000	0.000000	0.000000	60.000000
0.406000	36.305415	0.000000	0.000000	0.000000	0.000000	60.000000
0.304000	36.325577	0.000000	0.000000	0.000000	0.000000	60.000000
0.205000	36.343215	0.000000	0.000000	0.000000	0.000000	60.000000
0.101000	36.364100	0.000000	0.000000	0.000000	0.000000	60.000000
