Zeit (s)	Istwert	P	I	D	Regelausgang	Sollwert
83.494000	60.071730	0.000000	0.000000	0.000000	0.000000	60.000000
83.390000	60.097829	0.000000	0.000000	0.000000	0.000000	60.000000
83.290000	60.117628	0.000000	0.000000	0.000000	0.000000	60.000000
83.189000	60.149178	0.000000	0.000000	0.000000	0.000000	60.000000
83.091000	60.179996	0.000000	0.000000	0.000000	0.000000	60.000000
82.995000	60.205487	0.000000	0.000000	0.000000	0.000000	60.000000
82.888000	60.225893	0.000000	0.000000	0.000000	0.000000	60.000000
82.790000	60.251389	0.000000	0.000000	0.000000	0.000000	60.000000
82.691000	60.267922	0.000000	0.000000	0.000000	0.000000	60.000000
82.591000	60.289896	0.000000	0.000000	0.000000	0.000000	60.000000
82.493000	60.310667	0.000000	0.000000	0.000000	0.000000	60.000000
82.390000	60.330041	0.000000	0.000000	0.000000	0.000000	60.000000
82.290000	60.335794	0.000000	0.000000	0.000000	0.000000	60.000000
82.192000	60.333552	0.000000	0.000000	0.000000	0.000000	60.000000
82.094000	60.329318	0.000000	0.000000	0.000000	0.000000	60.000000
81.993000	60.324225	0.000000	0.000000	0.000000	0.000000	60.000000
81.891000	60.325623	0.000000	0.000000	0.000000	0.000000	60.000000
81.793000	60.326047	0.000000	0.000000	0.000000	0.000000	60.000000
81.692000	60.320655	-0.641310	1.445643	-0.000000	0.804333	60.000000
81.591000	60.318842	-0.637683	1.446291	-0.000000	0.808608	60.000000
81.493000	60.312909	-0.625818	1.446916	-0.000000	0.821097	60.000000
81.394000	60.306547	-0.613095	1.447535	0.000000	0.834440	60.000000
81.291000	60.310788	-0.621575	1.448167	0.000000	0.826591	60.000000
81.192000	60.314482	-0.628963	1.448782	0.000000	0.819819	60.000000
81.093000	60.314842	-0.629684	1.449405	-0.000000	0.819720	60.000000
80.991000	60.314663	-0.629327	1.450047	-0.000000	0.820720	60.000000
80.890000	60.309637	-0.619275	1.450683	0.000000	0.831408	60.000000
80.792000	60.315509	-0.631019	1.451289	-0.000000	0.820271	60.000000
80.692000	60.304184	-0.608368	1.451920	0.000000	0.843553	60.000000
80.593000	60.309760	-0.619520	1.452523	0.000000	0.833003	60.000000
80.488000	60.316116	-0.632232	1.453173	-0.000000	0.820941	60.000000
80.390000	60.304667	-0.609334	1.453793	-0.000000	0.844459	60.000000
80.295000	60.303944	-0.607889	1.454372	-0.000000	0.846483	60.000000
80.204000	60.302493	-0.604986	1.454925	-0.000000	0.849939	60.000000
80.093000	60.301218	-0.602435	1.455596	0.000000	0.853161	60.000000
79.990000	60.306001	-0.612003	1.456217	-0.000000	0.844214	60.000000
79.890000	60.305280	-0.610561	1.456829	-0.000000	0.846268	60.000000
79.789000	60.296135	-0.592271	1.457446	-0.000000	0.865175	60.000000
79.691000	60.289657	-0.579314	1.458026	-0.000000	0.878712	60.000000
79.593000	60.289534	-0.579069	1.458594	-0.000000	0.879525	60.000000
79.491000	60.285602	-0.571204	1.459184	-0.000000	0.887980	60.000000
79.391000	60.281113	-0.562226	1.459756	0.000000	0.897529	60.000000
79.292000	60.286019	-0.572039	1.460312	0.000000	0.888274	60.000000
79.191000	60.293952	-0.587904	1.460890	0.000000	0.872986	60.000000
79.093000	60.301336	-0.602672	1.461466	0.000000	0.858794	60.000000
78.991000	60.304064	-0.608128	1.462081	-0.000000	0.853952	60.000000
78.892000	60.296986	-0.593971	1.462683	-0.000000	0.868712	60.000000
78.790000	60.283415	-0.566830	1.463289	-0.000000	0.896459	60.000000
78.690000	60.278451	-0.556902	1.463856	-0.000000	0.906954	60.000000
78.591000	60.277123	-0.554246	1.464407	-0.000000	0.910160	60.000000
78.489000	60.275368	-0.550735	1.464972	0.000000	0.914237	60.000000
78.390000	60.275914	-0.551828	1.465517	-0.000000	0.913690	60.000000
78.292000	60.272157	-0.544313	1.466058	0.000000	0.921745	60.000000
78.192000	60.275058	-0.550117	1.466603	0.000000	0.916486	60.000000
78.092000	60.277247	-0.554494	1.467153	-0.000000	0.912659	60.000000
77.992000	60.274632	-0.549264	1.467707	-0.000000	0.918443	60.000000
77.901000	60.266948	-0.533896	1.468207	0.000000	0.934311	60.000000
77.808000	60.267611	-0.535222	1.468704	0.000000	0.933481	60.000000
77.717000	60.274882	-0.549764	1.469191	0.000000	0.919426	60.000000
77.625000	60.279055	-0.558110	1.469696	0.000000	0.911586	60.000000
77.528000	60.281297	-0.562595	1.470238	0.000000	0.907643	60.000000
77.436000	60.282262	-0.564524	1.470755	-0.000000	0.906231	60.000000
77.342000	60.276153	-0.552307	1.471286	0.000000	0.918979	60.000000
77.247000	60.279542	-0.559084	1.471811	0.000000	0.912727	60.000000
77.156000	60.287597	-0.575194	1.472319	0.000000	0.897125	60.000000
76.990000	60.288384	-0.576768	1.473274	0.000000	0.896506	60.000000
76.889000	60.289834	-0.579669	1.473857	0.000000	0.894188	60.000000
76.794000	60.293588	-0.587175	1.474407	-0.000000	0.887232	60.000000
76.695000	60.292616	-0.585233	1.474989	-0.000000	0.889756	60.000000
76.596000	60.292316	-0.584633	1.475568	-0.000000	0.890936	60.000000
76.503000	60.291044	-0.582087	1.476112	-0.000000	0.894024	60.000000
76.412000	60.289236	-0.578471	1.476642	0.000000	0.898170	60.000000
76.320000	60.302373	-0.604746	1.477174	-0.000000	0.872427	60.000000
76.227000	60.288984	-0.577968	1.477736	-0.000000	0.899768	60.000000
76.137000	60.275540	-0.551080	1.478256	-0.000000	0.927177	60.000000
76.047000	60.274211	-0.548422	1.478752	-0.000000	0.930331	60.000000
75.953000	60.273425	-0.546850	1.479268	0.000000	0.932417	60.000000
75.862000	60.281961	-0.563921	1.479765	0.000000	0.915844	60.000000
75.688000	60.303823	-0.607647	1.480747	0.000000	0.873100	60.000000
75.592000	60.310664	-0.621328	1.481330	0.000000	0.860002	60.000000
75.491000	60.317386	-0.634772	1.481958	0.000000	0.847185	60.000000
75.391000	60.319688	-0.639375	1.482592	0.000000	0.843217	60.000000
75.292000	60.325561	-0.651122	1.483225	0.000000	0.832103	60.000000
75.192000	60.335128	-0.670257	1.483876	0.000000	0.813620	60.000000
75.091000	60.339607	-0.679213	1.484553	0.000000	0.805340	60.000000
74.991000	60.348690	-0.697379	1.485233	0.000000	0.787853	60.000000
74.893000	60.353956	-0.707912	1.485916	0.000000	0.778004	60.000000
74.790000	60.360316	-0.720633	1.486645	0.000000	0.766012	60.000000
74.689000	60.361586	-0.723173	1.487373	0.000000	0.764200	60.000000
74.590000	60.367881	-0.735761	1.488089	0.000000	0.752328	60.000000
74.494000	60.368608	-0.737217	1.488795	0.000000	0.751578	60.000000
74.395000	60.373942	-0.747885	1.489525	0.000000	0.741641	60.000000
74.292000	60.384601	-0.769201	1.490295	0.000000	0.721094	60.000000
74.191000	60.389932	-0.779863	1.491072	0.000000	0.711209	60.000000
74.090000	60.391859	-0.783719	1.491860	0.000000	0.708141	60.000000
73.991000	60.393258	-0.786517	1.492636	0.000000	0.706119	60.000000
73.892000	60.395802	-0.791605	1.493415	-0.000000	0.701810	60.000000
73.790000	60.395622	-0.791244	1.494222	0.000000	0.702978	60.000000
73.691000	60.399309	-0.798619	1.495005	-0.000000	0.696387	60.000000
73.591000	60.393865	-0.787730	1.495804	-0.000000	0.708074	60.000000
73.492000	60.389138	-0.778276	1.496584	-0.000000	0.718308	60.000000
73.391000	60.384471	-0.768943	1.497370	-0.000000	0.728427	60.000000
73.294000	60.375456	-0.750911	1.498116	-0.000000	0.747204	60.000000
73.193000	60.366253	-0.732506	1.498874	-0.000000	0.766368	60.000000
73.089000	60.356562	-0.713124	1.499636	-0.000000	0.786512	60.000000
72.991000	60.352626	-0.705251	1.500335	-0.000000	0.795083	60.000000
72.893000	60.346813	-0.693626	1.501026	-0.000000	0.807400	60.000000
72.790000	60.336455	-0.672909	1.501740	-0.000000	0.828831	60.000000
72.691000	60.333007	-0.666014	1.502407	-0.000000	0.836393	60.000000
72.593000	60.331317	-0.662635	1.503059	-0.000000	0.840425	60.000000
72.491000	60.327374	-0.654749	1.503735	-0.000000	0.848986	60.000000
72.392000	60.324774	-0.649548	1.504383	-0.000000	0.854835	60.000000
72.291000	60.321687	-0.643373	1.505039	0.000000	0.861666	60.000000
72.190000	60.323023	-0.646045	1.505689	0.000000	0.859644	60.000000
72.091000	60.323797	-0.647595	1.506329	0.000000	0.858734	60.000000
71.995000	60.324465	-0.648929	1.506950	-0.000000	0.858021	60.000000
71.890000	60.321988	-0.643976	1.507632	-0.000000	0.863656	60.000000
71.791000	60.307520	-0.615040	1.508269	-0.000000	0.893229	60.000000
71.690000	60.304191	-0.608381	1.508891	0.000000	0.900509	60.000000
71.592000	60.310726	-0.621452	1.509487	-0.000000	0.888035	60.000000
71.491000	60.303463	-0.606926	1.510114	-0.000000	0.903189	60.000000
71.396000	60.287113	-0.574226	1.510691	-0.000000	0.936465	60.000000
71.291000	60.283292	-0.566585	1.511294	-0.000000	0.944709	60.000000
71.190000	60.274819	-0.549638	1.511866	0.000000	0.962229	60.000000
71.093000	60.276760	-0.553520	1.512399	0.000000	0.958879	60.000000
70.993000	60.277068	-0.554136	1.512953	-0.000000	0.958817	60.000000
70.893000	60.275849	-0.551699	1.513507	0.000000	0.961808	60.000000
70.793000	60.276094	-0.552188	1.514059	-0.000000	0.961870	60.000000
70.694000	60.266161	-0.532322	1.514605	-0.000000	0.982284	60.000000
70.591000	60.262468	-0.524937	1.515154	-0.000000	0.990217	60.000000
70.492000	60.257683	-0.515367	1.515673	0.000000	1.000307	60.000000
70.392000	60.260407	-0.520815	1.516189	0.000000	0.995374	60.000000
70.289000	60.267551	-0.535101	1.516725	-0.000000	0.981624	60.000000
70.198000	60.265016	-0.530032	1.517212	-0.000000	0.987180	60.000000
70.091000	60.261384	-0.522768	1.517779	-0.000000	0.995011	60.000000
69.992000	60.260292	-0.520583	1.518297	0.000000	0.997713	60.000000
69.893000	60.269917	-0.539834	1.518812	0.000000	0.978979	60.000000
69.792000	60.273067	-0.546135	1.519357	0.000000	0.973223	60.000000
69.689000	60.283299	-0.566598	1.519920	0.000000	0.953322	60.000000
69.591000	60.292561	-0.585122	1.520475	0.000000	0.935353	60.000000
69.493000	60.298858	-0.597716	1.521049	0.000000	0.923332	60.000000
69.389000	60.299279	-0.598558	1.521670	0.000000	0.923112	60.000000
69.293000	60.300672	-0.601343	1.522245	0.000000	0.920902	60.000000
69.192000	60.309935	-0.619870	1.522852	0.000000	0.902983	60.000000
69.091000	60.319803	-0.639607	1.523478	0.000000	0.883871	60.000000
68.993000	60.325924	-0.651848	1.524105	0.000000	0.872257	60.000000
68.890000	60.328889	-0.657778	1.524777	0.000000	0.866998	60.000000
68.790000	60.334888	-0.669775	1.525434	0.000000	0.855659	60.000000
68.692000	60.338339	-0.676679	1.526091	0.000000	0.849412	60.000000
68.594000	60.350020	-0.700040	1.526754	0.000000	0.826714	60.000000
68.500000	60.363949	-0.727897	1.527412	0.000000	0.799515	60.000000
68.409000	60.370846	-0.741691	1.528074	0.000000	0.786383	60.000000
68.317000	60.374244	-0.748487	1.528757	0.000000	0.780269	60.000000
68.225000	60.387564	-0.775128	1.529445	0.000000	0.754317	60.000000
68.136000	60.391616	-0.783232	1.530135	0.000000	0.746903	60.000000
68.043000	60.392531	-0.785061	1.530863	0.000000	0.745802	60.000000
67.948000	60.398462	-0.796924	1.531609	-0.000000	0.734686	60.000000
67.858000	60.392710	-0.785419	1.532327	-0.000000	0.746907	60.000000
67.690000	60.390353	-0.780706	1.533646	-0.000000	0.752940	60.000000
67.592000	60.389807	-0.779613	1.534411	-0.000000	0.754798	60.000000
67.491000	60.387073	-0.774146	1.535199	0.000000	0.761052	60.000000
67.391000	60.388541	-0.777081	1.535973	-0.000000	0.758891	60.000000
67.291000	60.387263	-0.774526	1.536750	-0.000000	0.762224	60.000000
67.193000	60.380297	-0.760594	1.537509	-0.000000	0.776914	60.000000
67.091000	60.378417	-0.756833	1.538285	-0.000000	0.781452	60.000000
66.992000	60.376185	-0.752370	1.539034	0.000000	0.786664	60.000000
66.893000	60.379331	-0.758663	1.539779	-0.000000	0.781116	60.000000
66.791000	60.363881	-0.727763	1.540553	-0.000000	0.812790	60.000000
66.691000	60.361650	-0.723299	1.541280	-0.000000	0.817981	60.000000
66.593000	60.353048	-0.706096	1.541989	-0.000000	0.835893	60.000000
66.492000	60.345666	-0.691331	1.542702	0.000000	0.851371	60.000000
66.395000	60.350928	-0.701856	1.543373	-0.000000	0.841517	60.000000
66.294000	60.348147	-0.696295	1.544082	0.000000	0.847787	60.000000
66.191000	60.353779	-0.707557	1.544799	0.000000	0.837242	60.000000
66.091000	60.356320	-0.712639	1.545506	0.000000	0.832867	60.000000
65.995000	60.364374	-0.728747	1.546191	0.000000	0.817443	60.000000
65.893000	60.375519	-0.751038	1.546934	0.000000	0.795896	60.000000
65.793000	60.386896	-0.773791	1.547685	0.000000	0.773894	60.000000
65.695000	60.387022	-0.774044	1.548443	-0.000000	0.774399	60.000000
65.593000	60.374486	-0.748972	1.549233	-0.000000	0.800261	60.000000
65.492000	60.366071	-0.732143	1.549989	0.000000	0.817847	60.000000
65.394000	60.367153	-0.734306	1.550707	0.000000	0.816401	60.000000
65.292000	60.369580	-0.739159	1.551456	0.000000	0.812296	60.000000
65.207000	60.372975	-0.745950	1.552084	-0.000000	0.806134	60.000000
65.100000	60.364729	-0.729458	1.552882	0.000000	0.823425	60.000000
64.991000	60.368489	-0.736977	1.553677	-0.000000	0.816700	60.000000
64.890000	60.356991	-0.713982	1.554422	-0.000000	0.840440	60.000000
64.792000	60.351535	-0.703070	1.555121	0.000000	0.852052	60.000000
64.692000	60.354083	-0.708165	1.555824	0.000000	0.847659	60.000000
64.592000	60.355534	-0.711068	1.556533	-0.000000	0.845464	60.000000
64.495000	60.354502	-0.709005	1.557222	0.000000	0.848218	60.000000
64.390000	60.361713	-0.723426	1.557967	0.000000	0.834541	60.000000
64.292000	60.371697	-0.743394	1.558676	-0.000000	0.815282	60.000000
64.192000	60.364255	-0.728511	1.559419	0.000000	0.830909	60.000000
64.096000	60.365765	-0.731529	1.560119	-0.000000	0.828589	60.000000
63.994000	60.349965	-0.699930	1.560865	-0.000000	0.860935	60.000000
63.893000	60.341002	-0.682003	1.561572	0.000000	0.879568	60.000000
63.792000	60.352744	-0.705488	1.562260	0.000000	0.856772	60.000000
63.690000	60.353963	-0.707926	1.562980	-0.000000	0.855054	60.000000
63.592000	60.341969	-0.683938	1.563674	-0.000000	0.879736	60.000000
63.491000	60.329437	-0.658873	1.564365	-0.000000	0.905491	60.000000
63.390000	60.318108	-0.636217	1.565030	-0.000000	0.928813	60.000000
63.291000	60.308300	-0.616601	1.565660	-0.000000	0.949059	60.000000
63.193000	60.306724	-0.613447	1.566264	0.000000	0.952817	60.000000
63.093000	60.309633	-0.619267	1.566878	0.000000	0.947611	60.000000
62.994000	60.314841	-0.629682	1.567491	0.000000	0.937809	60.000000
62.894000	60.320834	-0.641668	1.568120	0.000000	0.926453	60.000000
62.791000	60.323921	-0.647842	1.568781	-0.000000	0.920939	60.000000
62.693000	60.321868	-0.643737	1.569416	-0.000000	0.925679	60.000000
62.593000	60.316119	-0.632238	1.570060	0.000000	0.937822	60.000000
62.494000	60.319076	-0.638151	1.570686	-0.000000	0.932535	60.000000
62.394000	60.318660	-0.637320	1.571324	-0.000000	0.934004	60.000000
62.294000	60.310120	-0.620241	1.571961	0.000000	0.951720	60.000000
62.198000	60.312188	-0.624376	1.572557	0.000000	0.948181	60.000000
62.092000	60.318055	-0.636109	1.573219	0.000000	0.937109	60.000000
61.996000	60.324346	-0.648693	1.573829	0.000000	0.925137	60.000000
61.891000	60.329316	-0.658631	1.574510	0.000000	0.915879	60.000000
61.792000	60.342090	-0.684180	1.575162	0.000000	0.890983	60.000000
61.695000	60.350932	-0.701864	1.575826	0.000000	0.873962	60.000000
61.596000	60.352935	-0.705870	1.576521	0.000000	0.870651	60.000000
61.491000	60.358864	-0.717727	1.577262	0.000000	0.859535	60.000000
61.391000	60.362617	-0.725234	1.577980	-0.000000	0.852746	60.000000
61.294000	60.359107	-0.718214	1.578683	0.000000	0.860469	60.000000
61.192000	60.366188	-0.732377	1.579416	0.000000	0.847039	60.000000
61.094000	60.376609	-0.753217	1.580134	0.000000	0.826917	60.000000
60.994000	60.388652	-0.777305	1.580887	0.000000	0.803582	60.000000
60.891000	60.400883	-0.801767	1.581687	0.000000	0.779921	60.000000
60.792000	60.407248	-0.814495	1.582481	-0.000000	0.767986	60.000000
60.692000	60.407067	-0.814135	1.583296	-0.000000	0.769161	60.000000
60.591000	60.400940	-0.801880	1.584118	0.000000	0.782238	60.000000
60.492000	60.407548	-0.815095	1.584912	-0.000000	0.769817	60.000000
60.391000	60.406338	-0.812676	1.585735	0.000000	0.773059	60.000000
60.290000	60.413902	-0.827805	1.586556	-0.000000	0.758751	60.000000
60.200000	60.412022	-0.824044	1.587301	-0.000000	0.763257	60.000000
60.095000	60.406030	-0.812060	1.588166	-0.000000	0.776106	60.000000
59.992000	60.404519	-0.809039	1.589003	-0.000000	0.779964	60.000000
59.891000	60.395134	-0.790267	1.589820	-0.000000	0.799552	60.000000
59.793000	60.384232	-0.768464	1.590594	-0.000000	0.822130	60.000000
59.693000	60.377517	-0.755033	1.591363	0.000000	0.836329	60.000000
59.594000	60.379750	-0.759499	1.592110	0.000000	0.832611	60.000000
59.493000	60.380963	-0.761926	1.592877	0.000000	0.830951	60.000000
59.395000	60.385078	-0.770156	1.593624	0.000000	0.823468	60.000000
59.291000	60.392410	-0.784819	1.594425	-0.000000	0.809606	60.000000
59.192000	60.392167	-0.784335	1.595202	-0.000000	0.810867	60.000000
59.094000	60.375335	-0.750669	1.595970	-0.000000	0.845301	60.000000
58.991000	60.362319	-0.724639	1.596744	-0.000000	0.872105	60.000000
58.891000	60.359711	-0.719422	1.597468	0.000000	0.878046	60.000000
58.796000	60.365767	-0.731535	1.598152	0.000000	0.866617	60.000000
58.692000	60.374241	-0.748482	1.598913	0.000000	0.850431	60.000000
58.590000	60.374790	-0.749580	1.599676	0.000000	0.850096	60.000000
58.492000	60.379997	-0.759994	1.600411	-0.000000	0.840416	60.000000
58.391000	60.379508	-0.759015	1.601178	0.000000	0.842163	60.000000
58.292000	60.381150	-0.762300	1.601930	0.000000	0.839630	60.000000
58.195000	60.386049	-0.772099	1.602669	-0.000000	0.830570	60.000000
58.090000	60.376728	-0.753457	1.603480	-0.000000	0.850023	60.000000
57.991000	60.371758	-0.743515	1.604226	-0.000000	0.860710	60.000000
57.890000	60.366253	-0.732506	1.604977	-0.000000	0.872471	60.000000
57.792000	60.349174	-0.698348	1.605694	-0.000000	0.907347	60.000000
57.694000	60.339242	-0.678484	1.606379	0.000000	0.927895	60.000000
57.593000	60.342697	-0.685393	1.607064	0.000000	0.921671	60.000000
57.496000	60.347846	-0.695692	1.607729	-0.000000	0.912037	60.000000
57.393000	60.346509	-0.693018	1.608445	-0.000000	0.915428	60.000000
57.292000	60.342150	-0.684301	1.609145	0.000000	0.924845	60.000000
57.194000	60.343481	-0.686962	1.609816	-0.000000	0.922854	60.000000
57.090000	60.341125	-0.682251	1.610530	-0.000000	0.928280	60.000000
56.994000	60.331249	-0.662497	1.611185	0.000000	0.948688	60.000000
56.895000	60.331789	-0.663579	1.611841	0.000000	0.948262	60.000000
56.792000	60.334641	-0.669283	1.612525	-0.000000	0.943242	60.000000
56.693000	60.322833	-0.645666	1.613187	0.000000	0.967522	60.000000
56.593000	60.325256	-0.650511	1.613833	0.000000	0.963322	60.000000
56.491000	60.325864	-0.651727	1.614497	-0.000000	0.962769	60.000000
56.392000	60.319319	-0.638638	1.615142	0.000000	0.976504	60.000000
56.294000	60.325437	-0.650874	1.615768	0.000000	0.964893	60.000000
56.192000	60.330349	-0.660697	1.616432	0.000000	0.955734	60.000000
56.092000	60.333494	-0.666988	1.617092	-0.000000	0.950105	60.000000
55.991000	60.329131	-0.658263	1.617766	-0.000000	0.959503	60.000000
55.893000	60.320117	-0.640234	1.618411	0.000000	0.978177	60.000000
55.791000	60.322350	-0.644700	1.619064	-0.000000	0.974364	60.000000
55.693000	60.317931	-0.635862	1.619696	-0.000000	0.983834	60.000000
55.592000	60.316417	-0.632835	1.620338	0.000000	0.987503	60.000000
55.490000	60.319623	-0.639246	1.620984	0.000000	0.981737	60.000000
55.393000	60.326955	-0.653909	1.621604	0.000000	0.967694	60.000000
55.293000	60.332217	-0.664434	1.622258	0.000000	0.957823	60.000000
55.193000	60.333557	-0.667114	1.622922	0.000000	0.955808	60.000000
55.091000	60.337971	-0.675942	1.623602	0.000000	0.947661	60.000000
54.991000	60.347178	-0.694355	1.624278	-0.000000	0.929923	60.000000
54.892000	60.346210	-0.692421	1.624966	-0.000000	0.932545	60.000000
54.793000	60.346026	-0.692052	1.625651	-0.000000	0.933599	60.000000
54.694000	60.344634	-0.689267	1.626336	0.000000	0.937069	60.000000
54.591000	60.345179	-0.690357	1.627046	0.000000	0.936689	60.000000
54.492000	60.358016	-0.716032	1.627730	0.000000	0.911698	60.000000
54.392000	60.369946	-0.739891	1.628446	0.000000	0.888555	60.000000
54.294000	60.390170	-0.780340	1.629171	0.000000	0.848831	60.000000
54.192000	60.401369	-0.802738	1.629967	0.000000	0.827229	60.000000
54.093000	60.422680	-0.845360	1.630762	0.000000	0.785401	60.000000
53.990000	60.432737	-0.865474	1.631632	0.000000	0.766158	60.000000
53.892000	60.442054	-0.884108	1.632480	0.000000	0.748372	60.000000
53.794000	60.454894	-0.909789	1.633347	0.000000	0.723558	60.000000
53.693000	60.470455	-0.940909	1.634266	0.000000	0.693357	60.000000
53.591000	60.483053	-0.966105	1.635226	0.000000	0.669120	60.000000
53.493000	60.488384	-0.976768	1.636172	0.000000	0.659405	60.000000
53.396000	60.493107	-0.986214	1.637120	0.000000	0.650906	60.000000
53.292000	60.500913	-1.001827	1.638145	0.000000	0.636319	60.000000
53.192000	60.515626	-1.031252	1.639147	0.000000	0.607895	60.000000
53.091000	60.522712	-1.045423	1.640189	0.000000	0.594766	60.000000
52.991000	60.523616	-1.047231	1.641234	0.000000	0.594003	60.000000
52.895000	60.524704	-1.049408	1.642240	0.000000	0.592832	60.000000
52.796000	60.524771	-1.049542	1.643279	0.000000	0.593736	60.000000
52.691000	60.526950	-1.053901	1.644381	-0.000000	0.590480	60.000000
52.593000	60.515925	-1.031850	1.645413	-0.000000	0.613564	60.000000
52.493000	60.495645	-0.991291	1.646445	-0.000000	0.655154	60.000000
52.393000	60.474150	-0.948300	1.647436	-0.000000	0.699137	60.000000
52.290000	60.457382	-0.914763	1.648413	-0.000000	0.733650	60.000000
52.194000	60.452901	-0.905801	1.649291	-0.000000	0.743490	60.000000
52.093000	60.442969	-0.885938	1.650206	-0.000000	0.764269	60.000000
51.992000	60.437636	-0.875273	1.651101	-0.000000	0.775828	60.000000
51.894000	60.433820	-0.867640	1.651959	-0.000000	0.784319	60.000000
51.791000	60.430308	-0.860615	1.652853	-0.000000	0.792237	60.000000
51.691000	60.430127	-0.860255	1.653713	-0.000000	0.793459	60.000000
51.598000	60.422749	-0.845497	1.654513	0.000000	0.809016	60.000000
51.493000	60.425952	-0.851903	1.655401	0.000000	0.803498	60.000000
51.394000	60.428376	-0.856752	1.656244	0.000000	0.799493	60.000000
51.293000	60.430614	-0.861228	1.657110	-0.000000	0.795881	60.000000
51.195000	60.412992	-0.825983	1.657954	-0.000000	0.831970	60.000000
51.093000	60.406270	-0.812539	1.658796	0.000000	0.846257	60.000000
50.996000	60.406695	-0.813389	1.659584	-0.000000	0.846195	60.000000
50.892000	60.396466	-0.792931	1.660430	-0.000000	0.867499	60.000000
50.792000	60.387872	-0.775744	1.661223	-0.000000	0.885479	60.000000
50.693000	60.385865	-0.771730	1.661991	-0.000000	0.890261	60.000000
50.594000	60.372609	-0.745218	1.662755	-0.000000	0.917537	60.000000
50.492000	60.360802	-0.721604	1.663515	-0.000000	0.941911	60.000000
50.394000	60.353658	-0.707315	1.664222	-0.000000	0.956907	60.000000
50.298000	60.348698	-0.697395	1.664901	-0.000000	0.967506	60.000000
50.207000	60.334766	-0.669533	1.665536	-0.000000	0.996003	60.000000
50.093000	60.332223	-0.664445	1.666299	-0.000000	1.001854	60.000000
49.992000	60.326098	-0.652196	1.666970	-0.000000	1.014775	60.000000
49.893000	60.322112	-0.644224	1.667616	-0.000000	1.023392	60.000000
49.793000	60.314907	-0.629814	1.668260	0.000000	1.038447	60.000000
49.692000	60.316298	-0.632595	1.668896	-0.000000	1.036301	60.000000
49.592000	60.314417	-0.628834	1.669529	0.000000	1.040695	60.000000
49.495000	60.321198	-0.642397	1.670139	-0.000000	1.027742	60.000000
49.394000	60.305639	-0.611279	1.670788	-0.000000	1.059509	60.000000
49.296000	60.303034	-0.606067	1.671387	-0.000000	1.065319	60.000000
49.192000	60.299579	-0.599158	1.672017	0.000000	1.072859	60.000000
49.099000	60.301340	-0.602680	1.672574	0.000000	1.069894	60.000000
49.013000	60.307396	-0.614793	1.673093	0.000000	1.058300	60.000000
48.924000	60.307882	-0.615764	1.673640	0.000000	1.057876	60.000000
48.834000	60.321204	-0.642408	1.674194	0.000000	1.031786	60.000000
48.748000	60.335731	-0.671462	1.674747	0.000000	1.003285	60.000000
48.660000	60.336276	-0.672552	1.675337	0.000000	1.002786	60.000000
48.494000	60.354260	-0.708520	1.676454	0.000000	0.967933	60.000000
48.393000	60.357530	-0.715061	1.677169	0.000000	0.962109	60.000000
48.295000	60.361956	-0.723913	1.677870	0.000000	0.953958	60.000000
48.191000	60.372128	-0.744255	1.678623	0.000000	0.934368	60.000000
48.095000	60.395797	-0.791594	1.679338	0.000000	0.887744	60.000000
47.994000	60.403250	-0.806499	1.680137	-0.000000	0.873638	60.000000
47.893000	60.399975	-0.799950	1.680952	-0.000000	0.881001	60.000000
47.794000	60.399857	-0.799714	1.681744	-0.000000	0.882030	60.000000
47.691000	60.387742	-0.775483	1.682567	0.000000	0.907084	60.000000
47.592000	60.393920	-0.787841	1.683335	0.000000	0.895494	60.000000
47.496000	60.415412	-0.830824	1.684091	-0.000000	0.853268	60.000000
47.397000	60.412392	-0.824783	1.684914	0.000000	0.860130	60.000000
47.292000	60.418086	-0.836172	1.685780	0.000000	0.849608	60.000000
47.194000	60.429709	-0.859418	1.686599	0.000000	0.827182	60.000000
47.095000	60.449447	-0.898895	1.687450	0.000000	0.788555	60.000000
46.993000	60.452169	-0.904338	1.688367	0.000000	0.784029	60.000000
46.894000	60.456951	-0.913902	1.689262	0.000000	0.775360	60.000000
46.793000	60.465617	-0.931234	1.690185	0.000000	0.758951	60.000000
46.692000	60.480930	-0.961860	1.691126	0.000000	0.729266	60.000000
46.594000	60.489592	-0.979184	1.692069	0.000000	0.712885	60.000000
46.495000	60.496614	-0.993228	1.693038	0.000000	0.699810	60.000000
46.392000	60.501827	-1.003654	1.694061	0.000000	0.690407	60.000000
46.293000	60.513809	-1.027618	1.695055	0.000000	0.667437	60.000000
46.192000	60.514298	-1.028597	1.696093	0.000000	0.667496	60.000000
46.094000	60.514600	-1.029200	1.697101	0.000000	0.667901	60.000000
45.993000	60.518290	-1.036579	1.698140	0.000000	0.661561	60.000000
45.895000	60.529917	-1.059833	1.699156	-0.000000	0.639323	60.000000
45.792000	60.525379	-1.050758	1.700247	-0.000000	0.649489	60.000000
45.693000	60.524411	-1.048821	1.701288	-0.000000	0.652467	60.000000
45.594000	60.517201	-1.034403	1.702326	-0.000000	0.667923	60.000000
45.493000	60.503393	-1.006785	1.703371	-0.000000	0.696586	60.000000
45.395000	60.482262	-0.964523	1.704357	-0.000000	0.739834	60.000000
45.298000	60.465489	-0.930979	1.705293	-0.000000	0.774314	60.000000
45.199000	60.458163	-0.916326	1.706215	-0.000000	0.789888	60.000000
45.094000	60.454173	-0.908347	1.707177	-0.000000	0.798830	60.000000
44.994000	60.451448	-0.902896	1.708085	0.000000	0.805190	60.000000
44.895000	60.451452	-0.902904	1.708979	-0.000000	0.806075	60.000000
44.790000	60.449512	-0.899024	1.709927	0.000000	0.810903	60.000000
44.695000	60.450294	-0.900587	1.710781	-0.000000	0.810194	60.000000
44.597000	60.447271	-0.894542	1.711664	-0.000000	0.817122	60.000000
44.493000	60.431576	-0.863152	1.712594	-0.000000	0.849442	60.000000
44.390000	60.421046	-0.842091	1.713483	-0.000000	0.871392	60.000000
44.293000	60.416382	-0.832763	1.714300	-0.000000	0.881537	60.000000
44.192000	60.416149	-0.832298	1.715141	-0.000000	0.882843	60.000000
44.093000	60.407425	-0.814850	1.715965	-0.000000	0.901115	60.000000
44.000000	60.386286	-0.772572	1.716723	-0.000000	0.944151	60.000000
43.892000	60.380421	-0.760842	1.717557	-0.000000	0.956715	60.000000
43.796000	60.374300	-0.748600	1.718288	-0.000000	0.969687	60.000000
43.693000	60.361654	-0.723307	1.719059	-0.000000	0.995752	60.000000
43.593000	60.345906	-0.691813	1.719782	-0.000000	1.027969	60.000000
43.495000	60.337426	-0.674852	1.720460	0.000000	1.045608	60.000000
43.396000	60.341310	-0.682619	1.721128	-0.000000	1.038509	60.000000
43.292000	60.335011	-0.670023	1.721838	0.000000	1.051815	60.000000
43.194000	60.335732	-0.671465	1.722495	0.000000	1.051030	60.000000
43.094000	60.338038	-0.676076	1.723166	0.000000	1.047090	60.000000
42.995000	60.338337	-0.676673	1.723835	0.000000	1.047162	60.000000
42.893000	60.339847	-0.679695	1.724526	0.000000	1.044831	60.000000
42.795000	60.345906	-0.691813	1.725192	-0.000000	1.033379	60.000000
42.698000	60.343909	-0.687817	1.725863	-0.000000	1.038046	60.000000
42.592000	60.333128	-0.666256	1.726592	-0.000000	1.060336	60.000000
42.495000	60.320169	-0.640339	1.727238	-0.000000	1.086900	60.000000
42.394000	60.316783	-0.633567	1.727885	0.000000	1.094318	60.000000
42.292000	60.326897	-0.653794	1.728531	0.000000	1.074737	60.000000
42.193000	60.332645	-0.665290	1.729178	0.000000	1.063888	60.000000
42.092000	60.340458	-0.680916	1.729850	0.000000	1.048934	60.000000
41.993000	60.351473	-0.702946	1.730524	0.000000	1.027579	60.000000
41.892000	60.358438	-0.716877	1.731234	0.000000	1.014357	60.000000
41.796000	60.361773	-0.723547	1.731923	-0.000000	1.008376	60.000000
41.694000	60.351354	-0.702709	1.732661	0.000000	1.029952	60.000000
41.594000	60.351540	-0.703080	1.733363	-0.000000	1.030283	60.000000
41.495000	60.348512	-0.697024	1.734059	0.000000	1.037035	60.000000
41.391000	60.349541	-0.699082	1.734784	0.000000	1.035702	60.000000
41.293000	60.353775	-0.707549	1.735469	0.000000	1.027920	60.000000
41.196000	60.357232	-0.714464	1.736156	0.000000	1.021692	60.000000
41.097000	60.364006	-0.728013	1.736863	0.000000	1.008850	60.000000
40.994000	60.378786	-0.757573	1.737613	0.000000	0.980040	60.000000
40.893000	60.394105	-0.788209	1.738378	0.000000	0.950169	60.000000
40.791000	60.414629	-0.829258	1.739182	0.000000	0.909924	60.000000
40.693000	60.436606	-0.873212	1.739995	0.000000	0.866783	60.000000
40.597000	60.461072	-0.922143	1.740833	0.000000	0.818690	60.000000
40.493000	60.471847	-0.943694	1.741792	0.000000	0.798098	60.000000
40.392000	60.487290	-0.974580	1.742745	0.000000	0.768165	60.000000
40.293000	60.498796	-0.997592	1.743710	0.000000	0.746118	60.000000
40.201000	60.512002	-1.024004	1.744628	0.000000	0.720623	60.000000
40.093000	60.514788	-1.029576	1.745734	0.000000	0.716157	60.000000
39.994000	60.520053	-1.040107	1.746753	0.000000	0.706646	60.000000
39.897000	60.535602	-1.071203	1.747762	0.000000	0.676559	60.000000
39.795000	60.555351	-1.110702	1.748854	0.000000	0.638153	60.000000
39.694000	60.565822	-1.131644	1.749976	0.000000	0.618332	60.000000
39.595000	60.577391	-1.154782	1.751097	-0.000000	0.596314	60.000000
39.493000	60.576962	-1.153924	1.752274	-0.000000	0.598350	60.000000
39.392000	60.573756	-1.147513	1.753440	0.000000	0.605927	60.000000
39.294000	60.576720	-1.153440	1.754565	-0.000000	0.601125	60.000000
39.193000	60.569522	-1.139043	1.755729	-0.000000	0.616686	60.000000
39.093000	60.569153	-1.138306	1.756869	-0.000000	0.618563	60.000000
38.998000	60.567341	-1.134682	1.757950	-0.000000	0.623268	60.000000
38.892000	60.565763	-1.131526	1.759153	-0.000000	0.627627	60.000000
38.794000	60.553162	-1.106324	1.760262	-0.000000	0.653937	60.000000
38.695000	60.544690	-1.089380	1.761357	-0.000000	0.671977	60.000000
38.595000	60.531313	-1.062626	1.762446	-0.000000	0.699820	60.000000
38.493000	60.527554	-1.055109	1.763530	-0.000000	0.708421	60.000000
38.395000	60.524408	-1.048816	1.764564	-0.000000	0.715748	60.000000
38.293000	60.517994	-1.035988	1.765634	-0.000000	0.729646	60.000000
38.193000	60.504911	-1.009823	1.766670	-0.000000	0.756847	60.000000
38.094000	60.496923	-0.993847	1.767670	-0.000000	0.773823	60.000000
37.992000	60.489589	-0.979178	1.768683	-0.000000	0.789505	60.000000
37.894000	60.480326	-0.960652	1.769643	-0.000000	0.808991	60.000000
37.797000	60.477356	-0.954711	1.770575	-0.000000	0.815863	60.000000
37.696000	60.464887	-0.929773	1.771539	-0.000000	0.841766	60.000000
37.591000	60.442244	-0.884488	1.772515	-0.000000	0.888028	60.000000
37.497000	60.433882	-0.867764	1.773347	-0.000000	0.905583	60.000000
37.394000	60.424797	-0.849595	1.774240	-0.000000	0.924646	60.000000
37.297000	60.418327	-0.836654	1.775065	-0.000000	0.938411	60.000000
37.192000	60.405978	-0.811955	1.775943	-0.000000	0.963988	60.000000
37.093000	60.395559	-0.791118	1.776747	-0.000000	0.985629	60.000000
36.992000	60.390959	-0.781919	1.777546	-0.000000	0.995627	60.000000
36.894000	60.374427	-0.748853	1.778312	-0.000000	1.029459	60.000000
36.793000	60.368187	-0.736375	1.779069	-0.000000	1.042694	60.000000
36.693000	60.358681	-0.717361	1.779805	-0.000000	1.062444	60.000000
36.591000	60.352257	-0.704514	1.780537	0.000000	1.076022	60.000000
36.493000	60.352871	-0.705741	1.781227	0.000000	1.075486	60.000000
36.393000	60.361402	-0.722804	1.781933	0.000000	1.059129	60.000000
36.293000	60.367528	-0.735056	1.782656	0.000000	1.047599	60.000000
36.195000	60.376787	-0.753575	1.783376	-0.000000	1.029801	60.000000
36.094000	60.376423	-0.752846	1.784137	-0.000000	1.031291	60.000000
35.991000	60.367460	-0.734919	1.784913	-0.000000	1.049993	60.000000
35.894000	60.360736	-0.721472	1.785625	0.000000	1.064153	60.000000
35.793000	60.363039	-0.726078	1.786354	-0.000000	1.060276	60.000000
35.694000	60.357600	-0.715201	1.787073	-0.000000	1.071872	60.000000
35.593000	60.351174	-0.702348	1.787795	-0.000000	1.085447	60.000000
35.496000	60.347596	-0.695192	1.788477	-0.000000	1.093285	60.000000
35.393000	60.344394	-0.688789	1.789193	0.000000	1.100404	60.000000
35.292000	60.347660	-0.695321	1.789888	0.000000	1.094567	60.000000
35.199000	60.356320	-0.712639	1.790535	0.000000	1.077895	60.000000
35.092000	60.359165	-0.718330	1.791297	0.000000	1.072968	60.000000
34.995000	60.365283	-0.730566	1.791994	0.000000	1.061428	60.000000
34.897000	60.380175	-0.760349	1.792710	0.000000	1.032361	60.000000
34.792000	60.384419	-0.768838	1.793509	0.000000	1.024671	60.000000
34.693000	60.401429	-0.802859	1.794270	0.000000	0.991411	60.000000
34.592000	60.425835	-0.851669	1.795081	0.000000	0.943411	60.000000
34.491000	60.447147	-0.894294	1.795941	0.000000	0.901646	60.000000
34.393000	60.462769	-0.925539	1.796817	0.000000	0.871279	60.000000
34.297000	60.471238	-0.942475	1.797706	0.000000	0.855231	60.000000
34.193000	60.475061	-0.950121	1.798686	0.000000	0.848564	60.000000
34.092000	60.488865	-0.977731	1.799645	0.000000	0.821915	60.000000
33.994000	60.505458	-1.010915	1.800604	0.000000	0.789689	60.000000
33.895000	60.513333	-1.026665	1.801604	0.000000	0.774939	60.000000
33.792000	60.533309	-1.066619	1.802662	0.000000	0.736043	60.000000
33.695000	60.544385	-1.088769	1.803697	0.000000	0.714927	60.000000
33.596000	60.557464	-1.114929	1.804774	0.000000	0.689846	60.000000
33.495000	60.571997	-1.143994	1.805901	0.000000	0.661907	60.000000
33.393000	60.584172	-1.168345	1.807067	0.000000	0.638722	60.000000
33.295000	60.596701	-1.193401	1.808212	0.000000	0.614811	60.000000
33.190000	60.608874	-1.217747	1.809465	0.000000	0.591718	60.000000
33.093000	60.629518	-1.259035	1.810647	0.000000	0.551611	60.000000
32.993000	60.642178	-1.284355	1.811906	0.000000	0.527551	60.000000
32.892000	60.649206	-1.298413	1.813203	-0.000000	0.514790	60.000000
32.794000	60.642417	-1.284834	1.814475	-0.000000	0.529641	60.000000
32.695000	60.640961	-1.281923	1.815747	0.000000	0.533824	60.000000
32.593000	60.651920	-1.303839	1.817055	0.000000	0.513215	60.000000
32.494000	60.668034	-1.336069	1.818346	-0.000000	0.482277	60.000000
32.392000	60.661067	-1.322135	1.819708	-0.000000	0.497574	60.000000
32.295000	60.659066	-1.318131	1.820991	-0.000000	0.502860	60.000000
32.193000	60.651628	-1.303256	1.822335	-0.000000	0.519080	60.000000
32.097000	60.643082	-1.286163	1.823587	0.000000	0.537423	60.000000
31.993000	60.644598	-1.289195	1.824924	-0.000000	0.535729	60.000000
31.895000	60.638788	-1.277575	1.826188	-0.000000	0.548612	60.000000
31.795000	60.619957	-1.239914	1.827465	-0.000000	0.587551	60.000000
31.694000	60.595073	-1.190146	1.828717	-0.000000	0.638572	60.000000
31.593000	60.569945	-1.139891	1.829920	-0.000000	0.690029	60.000000
31.497000	60.547718	-1.095436	1.831014	-0.000000	0.735578	60.000000
31.396000	60.529251	-1.058501	1.832120	-0.000000	0.773619	60.000000
31.294000	60.513511	-1.027023	1.833200	-0.000000	0.806177	60.000000
31.196000	60.507687	-1.015373	1.834206	-0.000000	0.818833	60.000000
31.095000	60.494011	-0.988022	1.835232	-0.000000	0.847210	60.000000
30.992000	60.464222	-0.928444	1.836250	-0.000000	0.907805	60.000000
30.896000	60.442966	-0.885932	1.837141	-0.000000	0.951209	60.000000
30.795000	60.429284	-0.858568	1.838036	-0.000000	0.979468	60.000000
30.693000	60.409965	-0.819930	1.838911	-0.000000	1.018982	60.000000
30.593000	60.402039	-0.804078	1.839731	-0.000000	1.035654	60.000000
30.494000	60.388716	-0.777431	1.840527	-0.000000	1.063096	60.000000
30.393000	60.374066	-0.748132	1.841313	-0.000000	1.093180	60.000000
30.302000	60.350202	-0.700403	1.841993	-0.000000	1.141590	60.000000
30.217000	60.331074	-0.662148	1.842589	-0.000000	1.180441	60.000000
30.134000	60.304310	-0.608621	1.843138	-0.000000	1.234518	60.000000
30.030000	60.283779	-0.567559	1.843771	-0.000000	1.276212	60.000000
29.945000	60.269307	-0.538615	1.844254	-0.000000	1.305639	60.000000
29.862000	60.266158	-0.532316	1.844701	0.000000	1.312384	60.000000
29.691000	60.266462	-0.532925	1.845611	0.000000	1.312686	60.000000
29.593000	60.278577	-0.557155	1.846133	0.000000	1.288978	60.000000
29.492000	60.289834	-0.579669	1.846696	-0.000000	1.267027	60.000000
29.394000	60.287531	-0.575063	1.847264	-0.000000	1.272201	60.000000
29.295000	60.275240	-0.550480	1.847833	-0.000000	1.297354	60.000000
29.194000	60.269124	-0.538249	1.848389	0.000000	1.310140	60.000000
29.093000	60.270341	-0.540681	1.848933	0.000000	1.308252	60.000000
28.993000	60.276521	-0.553041	1.849474	0.000000	1.296433	60.000000
28.894000	60.282874	-0.565748	1.850021	-0.000000	1.284273	60.000000
28.794000	60.282393	-0.564785	1.850587	0.000000	1.285802	60.000000
28.695000	60.286017	-0.572033	1.851146	0.000000	1.279113	60.000000
28.597000	60.293169	-0.586338	1.851707	0.000000	1.265368	60.000000
28.493000	60.308242	-0.616485	1.852316	0.000000	1.235831	60.000000
28.394000	60.328889	-0.657778	1.852927	0.000000	1.195149	60.000000
28.296000	60.351595	-0.703191	1.853571	0.000000	1.150381	60.000000
28.191000	60.380603	-0.761205	1.854310	0.000000	1.093105	60.000000
28.093000	60.406638	-0.813276	1.855056	0.000000	1.041779	60.000000
27.999000	60.433463	-0.866927	1.855820	0.000000	0.988893	60.000000
27.894000	60.460223	-0.920446	1.856730	0.000000	0.936285	60.000000
27.793000	60.484262	-0.968524	1.857660	0.000000	0.889136	60.000000
27.694000	60.512474	-1.024949	1.858619	0.000000	0.833670	60.000000
27.592000	60.534272	-1.068545	1.859664	0.000000	0.791119	60.000000
27.493000	60.551775	-1.103551	1.860722	0.000000	0.757172	60.000000
27.397000	60.566972	-1.133945	1.861782	0.000000	0.727837	60.000000
27.296000	60.583499	-1.166997	1.862927	0.000000	0.695930	60.000000
27.195000	60.599487	-1.198973	1.864106	0.000000	0.665132	60.000000
27.093000	60.625715	-1.251429	1.865329	0.000000	0.613899	60.000000
26.995000	60.657009	-1.314018	1.866555	0.000000	0.552537	60.000000
26.894000	60.689590	-1.379181	1.867882	0.000000	0.488702	60.000000
26.795000	60.716537	-1.433073	1.869248	0.000000	0.436174	60.000000
26.694000	60.745413	-1.490827	1.870695	0.000000	0.379868	60.000000
26.593000	60.790224	-1.580449	1.872201	0.000000	0.291752	60.000000
26.494000	60.817110	-1.634220	1.873765	0.000000	0.239545	60.000000
26.396000	60.836601	-1.673203	1.875367	0.000000	0.202164	60.000000
26.295000	60.866814	-1.733628	1.877057	0.000000	0.143429	60.000000
26.198000	60.884438	-1.768876	1.878738	0.000000	0.109863	60.000000
26.094000	60.894493	-1.788987	1.880578	0.000000	0.091591	60.000000
25.994000	60.898968	-1.797935	1.882367	0.000000	0.084432	60.000000
25.894000	60.918099	-1.836199	1.884165	0.000000	0.047966	60.000000
25.796000	60.930394	-1.860787	1.885964	0.000000	0.025177	60.000000
25.692000	60.937356	-1.874713	1.887900	-0.000000	0.013187	60.000000
25.595000	60.935659	-1.871318	1.889718	-0.000000	0.018400	60.000000
25.495000	60.930885	-1.861769	1.891589	-0.000000	0.029820	60.000000
25.395000	60.919380	-1.838760	1.893451	-0.000000	0.054691	60.000000
25.292000	60.899753	-1.799506	1.895345	-0.000000	0.095839	60.000000
25.196000	60.878805	-1.757611	1.897073	-0.000000	0.139462	60.000000
25.096000	60.863001	-1.726003	1.898830	-0.000000	0.172827	60.000000
24.994000	60.842477	-1.684955	1.900591	-0.000000	0.215636	60.000000
24.897000	60.818618	-1.637236	1.902225	-0.000000	0.264989	60.000000
24.793000	60.774964	-1.549928	1.903928	-0.000000	0.354000	60.000000
24.694000	60.732394	-1.464788	1.905462	-0.000000	0.440674	60.000000
24.600000	60.688198	-1.376396	1.906839	-0.000000	0.530443	60.000000
24.497000	60.640122	-1.280244	1.908257	-0.000000	0.628013	60.000000
24.396000	60.597427	-1.194854	1.909550	-0.000000	0.714696	60.000000
24.294000	60.555346	-1.110691	1.910769	-0.000000	0.800078	60.000000
24.194000	60.512968	-1.025936	1.911879	-0.000000	0.885943	60.000000
24.094000	60.465793	-0.931587	1.912905	-0.000000	0.981319	60.000000
23.996000	60.425714	-0.851427	1.913818	-0.000000	1.062391	60.000000
23.899000	60.381929	-0.763858	1.914644	-0.000000	1.150786	60.000000
23.794000	60.341241	-0.682482	1.915446	-0.000000	1.232964	60.000000
23.693000	60.286992	-0.573984	1.916136	-0.000000	1.342152	60.000000
23.595000	60.243881	-0.487762	1.916698	-0.000000	1.428936	60.000000
23.495000	60.210215	-0.420431	1.917186	-0.000000	1.496755	60.000000
23.391000	60.180001	-0.360003	1.917623	-0.000000	1.557620	60.000000
23.295000	60.154199	-0.308397	1.917969	-0.000000	1.609571	60.000000
23.194000	60.131557	-0.263114	1.918280	-0.000000	1.655166	60.000000
23.094000	60.113636	-0.227272	1.918543	-0.000000	1.691272	60.000000
22.997000	60.100313	-0.200625	1.918764	-0.000000	1.718138	60.000000
22.891000	60.075185	-0.150370	1.918976	-0.000000	1.768606	60.000000
22.793000	60.054049	-0.108097	1.919124	-0.000000	1.811026	60.000000
22.696000	60.034918	-0.069836	1.919229	-0.000000	1.849392	60.000000
22.595000	60.034917	-0.069834	1.919299	0.000000	1.849465	60.000000
22.496000	60.037948	-0.075895	1.919368	0.000000	1.843473	60.000000
22.395000	60.041943	-0.083886	1.919445	0.000000	1.835559	60.000000
22.296000	60.053024	-0.106047	1.919528	0.000000	1.813481	60.000000
22.201000	60.077363	-0.154726	1.919629	0.000000	1.764903	60.000000
22.094000	60.095713	-0.191427	1.919794	0.000000	1.728368	60.000000
21.996000	60.126835	-0.253670	1.919982	0.000000	1.666311	60.000000
21.892000	60.156504	-0.313009	1.920246	0.000000	1.607237	60.000000
21.797000	60.180300	-0.360600	1.920543	0.000000	1.559943	60.000000
21.696000	60.204943	-0.409887	1.920907	0.000000	1.511020	60.000000
21.593000	60.234676	-0.469352	1.921329	0.000000	1.451978	60.000000
21.495000	60.274764	-0.549527	1.921789	0.000000	1.372262	60.000000
21.393000	60.329859	-0.659718	1.922350	0.000000	1.262632	60.000000
21.296000	60.365221	-0.730442	1.922990	0.000000	1.192548	60.000000
21.195000	60.395185	-0.790370	1.923728	0.000000	1.133358	60.000000
21.097000	60.424195	-0.848390	1.924502	0.000000	1.076113	60.000000
20.994000	60.469728	-0.939456	1.925376	0.000000	0.985920	60.000000
20.894000	60.527677	-1.055354	1.926315	0.000000	0.870962	60.000000
20.794000	60.586287	-1.172574	1.927371	0.000000	0.754796	60.000000
20.693000	60.647199	-1.294399	1.928555	0.000000	0.634156	60.000000
20.595000	60.691222	-1.382444	1.929824	0.000000	0.547380	60.000000
20.499000	60.731732	-1.463465	1.931151	0.000000	0.467686	60.000000
20.398000	60.775326	-1.550652	1.932629	0.000000	0.381977	60.000000
20.294000	60.826855	-1.653710	1.934242	0.000000	0.280531	60.000000
20.199000	60.872574	-1.745148	1.935813	0.000000	0.190664	60.000000
20.096000	60.929426	-1.858853	1.937610	0.000000	0.078757	60.000000
19.992000	60.989494	-1.978987	1.939543	0.000000	-0.039444	60.000000
19.897000	61.046474	-2.092947	1.941423	0.000000	-0.151524	60.000000
19.796000	61.102240	-2.204481	1.943537	0.000000	-0.260943	60.000000
19.694000	61.164666	-2.329332	1.945786	0.000000	-0.383546	60.000000
19.593000	61.223214	-2.446429	1.948138	0.000000	-0.498290	60.000000
19.494000	61.276434	-2.552869	1.950560	0.000000	-0.602308	60.000000
19.393000	61.324216	-2.648431	1.953139	0.000000	-0.695293	60.000000
19.294000	61.371872	-2.743744	1.955761	0.000000	-0.787983	60.000000
19.197000	61.412250	-2.824501	1.958422	0.000000	-0.866079	60.000000
19.095000	61.457125	-2.914249	1.961303	0.000000	-0.952946	60.000000
18.993000	61.495088	-2.990177	1.964276	0.000000	-1.025901	60.000000
18.894000	61.527062	-3.054124	1.967236	0.000000	-1.086888	60.000000
18.793000	61.559450	-3.118899	1.970321	0.000000	-1.148579	60.000000
18.703000	61.589791	-3.179583	1.973128	0.000000	-1.206455	60.000000
18.620000	61.619161	-3.238321	1.975767	0.000000	-1.262554	60.000000
18.540000	61.647979	-3.295959	1.978357	0.000000	-1.317602	60.000000
18.459000	61.677767	-3.355534	1.981027	0.000000	-1.374507	60.000000
18.299000	61.736742	-3.473484	1.986396	0.000000	-1.487088	60.000000
18.198000	61.763753	-3.527506	1.989904	0.000000	-1.537602	60.000000
18.091000	61.799837	-3.599675	1.993679	0.000000	-1.605996	60.000000
17.993000	61.829626	-3.659252	1.997206	0.000000	-1.662046	60.000000
17.894000	61.861539	-3.723078	2.000829	0.000000	-1.722249	60.000000
17.794000	61.886967	-3.773933	2.004552	0.000000	-1.769381	60.000000
17.697000	61.905854	-3.811708	2.008213	0.000000	-1.803495	60.000000
17.594000	61.924871	-3.849743	2.012139	0.000000	-1.837604	60.000000
17.494000	61.943165	-3.886330	2.015988	0.000000	-1.870342	60.000000
17.394000	61.959387	-3.918775	2.019875	0.000000	-1.898900	60.000000
17.294000	61.977856	-3.955712	2.023794	0.000000	-1.931918	60.000000
17.195000	61.988089	-3.976178	2.027710	0.000000	-1.948469	60.000000
17.092000	61.992806	-3.985611	2.031805	0.000000	-1.953806	60.000000
16.994000	62.002074	-4.004148	2.035711	0.000000	-1.968437	60.000000
16.895000	62.005105	-4.010210	2.039675	-0.000000	-1.970535	60.000000
16.795000	61.993178	-3.986356	2.043685	-0.000000	-1.942671	60.000000
16.695000	61.977308	-3.954617	2.047672	-0.000000	-1.906945	60.000000
16.592000	61.954668	-3.909336	2.051745	-0.000000	-1.857591	60.000000
16.494000	61.927477	-3.854954	2.055576	-0.000000	-1.799378	60.000000
16.393000	61.891694	-3.783388	2.059470	-0.000000	-1.723918	60.000000
16.294000	61.853604	-3.707207	2.063215	-0.000000	-1.643992	60.000000
16.195000	61.828593	-3.657186	2.066885	-0.000000	-1.590301	60.000000
16.094000	61.805283	-3.610566	2.070579	-0.000000	-1.539987	60.000000
15.993000	61.768776	-3.537552	2.074226	-0.000000	-1.463326	60.000000
15.895000	61.712704	-3.425408	2.077693	-0.000000	-1.347715	60.000000
15.796000	61.662088	-3.324177	2.081084	-0.000000	-1.243093	60.000000
15.694000	61.596631	-3.193261	2.084474	-0.000000	-1.108787	60.000000
15.592000	61.528322	-3.056645	2.087732	-0.000000	-0.968913	60.000000
15.496000	61.456397	-2.912794	2.090666	-0.000000	-0.822128	60.000000
15.398000	61.368477	-2.736953	2.093520	-0.000000	-0.643433	60.000000
15.293000	61.281043	-2.562086	2.096394	-0.000000	-0.465692	60.000000
15.196000	61.189192	-2.378384	2.098879	-0.000000	-0.279505	60.000000
15.096000	61.093218	-2.186436	2.101258	-0.000000	-0.085178	60.000000
14.993000	60.971637	-1.943274	2.103510	-0.000000	0.160236	60.000000
14.895000	60.864573	-1.729145	2.105414	-0.000000	0.376269	60.000000
14.794000	60.768005	-1.536010	2.107161	-0.000000	0.571150	60.000000
14.695000	60.654352	-1.308704	2.108681	-0.000000	0.799978	60.000000
14.597000	60.542150	-1.084300	2.109964	-0.000000	1.025664	60.000000
14.493000	60.420930	-0.841860	2.111092	-0.000000	1.269232	60.000000
14.394000	60.300854	-0.601709	2.111925	-0.000000	1.510216	60.000000
14.295000	60.189076	-0.378153	2.112521	-0.000000	1.734368	60.000000
14.203000	60.082934	-0.165867	2.112869	-0.000000	1.947001	60.000000
14.098000	59.966364	0.067272	2.113043	-0.000000	2.180314	60.000000
13.994000	59.854570	0.290860	2.112973	-0.000000	2.403832	60.000000
13.895000	59.750085	0.499830	2.112685	-0.000000	2.612515	60.000000
13.795000	59.631778	0.736445	2.112185	-0.000000	2.848630	60.000000
13.695000	59.506347	0.987307	2.111449	-0.000000	3.098755	60.000000
13.598000	59.379950	1.240100	2.110491	-0.000000	3.350591	60.000000
13.496000	59.254825	1.490350	2.109226	-0.000000	3.599576	60.000000
13.393000	59.134463	1.731074	2.107691	-0.000000	3.838765	60.000000
13.296000	59.002567	1.994866	2.106012	-0.000000	4.100877	60.000000
13.198000	58.911485	2.177029	2.104057	-0.000000	4.281086	60.000000
13.096000	58.798675	2.402650	2.101836	-0.000000	4.504486	60.000000
12.995000	58.692377	2.615247	2.099410	-0.000000	4.714656	60.000000
12.898000	58.581799	2.836402	2.096873	-0.000000	4.933275	60.000000
12.794000	58.464095	3.071810	2.093923	-0.000000	5.165733	60.000000
12.696000	58.338360	3.323280	2.090913	-0.000000	5.414193	60.000000
12.597000	58.211538	3.576924	2.087623	-0.000000	5.664546	60.000000
12.493000	58.080852	3.838296	2.083903	-0.000000	5.922199	60.000000
12.402000	57.968159	4.063681	2.080410	-0.000000	6.144091	60.000000
12.323000	57.870854	4.258292	2.077199	-0.000000	6.335491	60.000000
12.244000	57.772285	4.455429	2.073835	-0.000000	6.529265	60.000000
12.163000	57.673902	4.652197	2.070226	-0.000000	6.722423	60.000000
12.061000	57.550162	4.899676	2.065481	-0.000000	6.965158	60.000000
11.895000	57.345473	5.309054	2.057348	-0.000000	7.366402	60.000000
11.796000	57.229581	5.540838	2.052092	-0.000000	7.592930	60.000000
11.699000	57.103427	5.793146	2.046717	-0.000000	7.839863	60.000000
11.592000	56.974916	6.050168	2.040518	-0.000000	8.090687	60.000000
11.494000	56.848643	6.302714	2.034589	-0.000000	8.337304	60.000000
11.397000	56.721770	6.556459	2.028476	-0.000000	8.584935	60.000000
11.298000	56.607862	6.784277	2.021985	-0.000000	8.806262	60.000000
11.195000	56.490521	7.018958	2.014997	-0.000000	9.033955	60.000000
11.095000	56.358936	7.282128	2.007978	-0.000000	9.290106	60.000000
10.995000	56.250106	7.499788	2.000696	-0.000000	9.500484	60.000000
10.895000	56.136013	7.727973	1.993196	-0.000000	9.721169	60.000000
10.796000	56.010527	7.978945	1.985545	-0.000000	9.964490	60.000000
10.697000	55.882562	8.234876	1.977646	-0.000000	10.212522	60.000000
10.595000	55.749645	8.500709	1.969247	-0.000000	10.469956	60.000000
10.495000	55.625360	8.749280	1.960746	-0.000000	10.710026	60.000000
10.395000	55.501501	8.996999	1.951997	-0.000000	10.948996	60.000000
10.297000	55.382710	9.234579	1.943180	-0.000000	11.177759	60.000000
10.195000	55.261564	9.476872	1.933760	-0.000000	11.410632	60.000000
10.097000	55.133711	9.732577	1.924473	-0.000000	11.657051	60.000000
9.994000	55.006658	9.986685	1.914448	-0.000000	11.901133	60.000000
9.895000	54.879532	10.240937	1.904562	-0.000000	12.145498	60.000000
9.796000	54.750965	10.498069	1.894423	-0.000000	12.392492	60.000000
9.693000	54.618408	10.763183	1.883610	-0.000000	12.646794	60.000000
9.593000	54.484169	11.031661	1.872847	-0.000000	12.904508	60.000000
9.497000	54.353850	11.292299	1.862257	-0.000000	13.154556	60.000000
9.398000	54.224612	11.550775	1.851077	-0.000000	13.401852	60.000000
9.296000	54.097017	11.805966	1.839295	-0.000000	13.645261	60.000000
9.196000	53.975206	12.049589	1.827489	-0.000000	13.877078	60.000000
9.097000	53.856713	12.286574	1.815560	-0.000000	14.102134	60.000000
8.996000	53.733455	12.533091	1.803151	-0.000000	14.336242	60.000000
8.898000	53.607426	12.785149	1.790868	-0.000000	14.576017	60.000000
8.798000	53.494305	13.011389	1.778083	-0.000000	14.789472	60.000000
8.694000	53.370804	13.258392	1.764551	-0.000000	15.022943	60.000000
8.594000	53.254734	13.490533	1.751293	-0.000000	15.241826	60.000000
8.496000	53.129846	13.740308	1.738072	-0.000000	15.478380	60.000000
8.395000	53.008401	13.983199	1.724195	-0.000000	15.707394	60.000000
8.297000	52.888638	14.222724	1.710491	-0.000000	15.933215	60.000000
8.199000	52.763155	14.473690	1.696553	-0.000000	16.170243	60.000000
8.095000	52.643216	14.713569	1.681500	-0.000000	16.395069	60.000000
7.996000	52.512411	14.975178	1.666934	-0.000000	16.642111	60.000000
7.896000	52.385527	15.228947	1.651959	-0.000000	16.880906	60.000000
7.797000	52.269276	15.461447	1.636882	-0.000000	17.098329	60.000000
7.695000	52.147162	15.705676	1.621111	-0.000000	17.326788	60.000000
7.597000	52.031148	15.937705	1.605720	-0.000000	17.543425	60.000000
7.495000	51.908857	16.182285	1.589463	-0.000000	17.771748	60.000000
7.395000	51.779259	16.441483	1.573281	-0.000000	18.014764	60.000000
7.296000	51.656185	16.687630	1.557004	-0.000000	18.244634	60.000000
7.196000	51.529424	16.941152	1.540316	-0.000000	18.481468	60.000000
7.093000	51.402483	17.195034	1.522867	-0.000000	18.717901	60.000000
6.996000	51.281826	17.436348	1.506188	-0.000000	18.942535	60.000000
6.899000	51.164357	17.671286	1.489274	-0.000000	19.160561	60.000000
6.795000	51.043036	17.913927	1.470896	-0.000000	19.384824	60.000000
6.695000	50.919660	18.160680	1.452982	-0.000000	19.613663	60.000000
6.597000	50.803344	18.393312	1.435185	-0.000000	19.828497	60.000000
6.495000	50.679725	18.640551	1.416424	-0.000000	20.056974	60.000000
6.397000	50.561712	18.876575	1.398156	-0.000000	20.274731	60.000000
6.294000	50.434527	19.130945	1.378713	-0.000000	20.509658	60.000000
6.194000	50.313814	19.372372	1.359582	-0.000000	20.731954	60.000000
6.093000	50.192369	19.615262	1.340016	-0.000000	20.955278	60.000000
5.998000	50.069283	19.861433	1.321382	-0.000000	21.182815	60.000000
5.894000	49.950336	20.099327	1.300726	-0.000000	21.400053	60.000000
5.793000	49.836514	20.326971	1.280425	-0.000000	21.607396	60.000000
5.699000	49.724629	20.550742	1.261318	-0.000000	21.812060	60.000000
5.596000	49.606602	20.786797	1.240151	-0.000000	22.026948	60.000000
5.494000	49.500481	20.999039	1.218948	-0.000000	22.217987	60.000000
5.398000	49.400269	21.199462	1.198789	-0.000000	22.398251	60.000000
5.299000	49.299215	21.401570	1.177802	-0.000000	22.579372	60.000000
5.194000	49.183704	21.632592	1.155330	-0.000000	22.787922	60.000000
5.096000	49.073625	21.852750	1.134130	-0.000000	22.986880	60.000000
4.995000	48.969681	22.060638	1.112059	-0.000000	23.172696	60.000000
4.896000	48.866032	22.267937	1.090219	-0.000000	23.358156	60.000000
4.797000	48.762986	22.474027	1.068173	-0.000000	23.542201	60.000000
4.698000	48.668787	22.662427	1.045924	-0.000000	23.708351	60.000000
4.594000	48.572422	22.855156	1.022355	-0.000000	23.877511	60.000000
4.495000	48.476608	23.046783	0.999729	-0.000000	24.046512	60.000000
4.396000	48.377838	23.244324	0.976912	-0.000000	24.221236	60.000000
4.293000	48.286590	23.426820	0.952971	-0.000000	24.379791	60.000000
4.197000	48.194020	23.611960	0.930481	-0.000000	24.542441	60.000000
4.098000	48.083878	23.832243	0.907105	-0.000000	24.739348	60.000000
3.996000	47.993349	24.013301	0.882796	-0.000000	24.896097	60.000000
3.896000	47.910710	24.178580	0.858783	-0.000000	25.037363	60.000000
3.794000	47.819706	24.360588	0.834121	-0.000000	25.194708	60.000000
3.695000	47.732552	24.534895	0.810004	-0.000000	25.344899	60.000000
3.595000	47.645698	24.708604	0.785469	-0.000000	25.494073	60.000000
3.498000	47.560163	24.879673	0.761502	-0.000000	25.641175	60.000000
3.394000	47.480059	25.039881	0.735627	-0.000000	25.775508	60.000000
3.294000	47.399157	25.201686	0.710587	-0.000000	25.912273	60.000000
3.195000	47.320918	25.358164	0.685637	-0.000000	26.043801	60.000000
3.098000	47.244058	25.511884	0.661040	-0.000000	26.172924	60.000000
2.995000	47.170148	25.659704	0.634762	-0.000000	26.294467	60.000000
2.895000	47.100506	25.798988	0.609103	-0.000000	26.408091	60.000000
2.798000	47.036943	25.926114	0.584078	-0.000000	26.510191	60.000000
2.693000	46.979098	26.041804	0.556855	-0.000000	26.598659	60.000000
2.595000	46.927461	26.145079	0.531334	-0.000000	26.676413	60.000000
2.497000	46.875098	26.249804	0.505712	-0.000000	26.755516	60.000000
2.393000	46.824410	26.351180	0.478412	-0.000000	26.829592	60.000000
2.296000	46.781265	26.437470	0.452852	-0.000000	26.890322	60.000000
2.196000	46.738954	26.522091	0.426414	-0.000000	26.948506	60.000000
2.095000	46.701451	26.597098	0.399627	-0.000000	26.996725	60.000000
1.997000	46.668167	26.663667	0.373562	-0.000000	27.037229	60.000000
1.896000	46.638970	26.722060	0.346631	-0.000000	27.068692	60.000000
1.794000	46.619892	26.760216	0.319375	-0.000000	27.079591	60.000000
1.694000	46.607854	26.784291	0.292615	-0.000000	27.076906	60.000000
1.598000	46.599255	26.801490	0.266902	0.000000	27.068392	60.000000
1.496000	46.601357	26.797286	0.239564	0.000000	27.036850	60.000000
1.394000	46.609781	26.780437	0.212231	0.000000	26.992668	60.000000
1.295000	46.628204	26.743592	0.185718	0.000000	26.929310	60.000000
1.197000	46.643733	26.712534	0.159510	0.000000	26.872044	60.000000
1.096000	46.665761	26.668478	0.132530	0.000000	26.801008	60.000000
0.994000	46.703258	26.593485	0.105328	0.000000	26.698813	60.000000
0.895000	46.744599	26.510803	0.079001	0.000000	26.589803	60.000000
0.796000	46.789265	26.421469	0.052755	0.000000	26.474224	60.000000
0.696000	46.833206	26.333588	0.026334	0.000000	26.359921	60.000000
0.596000	46.879372	0.000000	0.000000	0.000000	0.000000	60.000000
0.493000	46.926439	0.000000	0.000000	0.000000	0.000000	60.000000
0.397000	46.963814	0.000000	0.000000	0.000000	0.000000	60.000000
0.298000	47.002336	0.000000	0.000000	0.000000	0.000000	60.000000
0.197000	47.041035	0.000000	0.000000	0.000000	0.000000	60.000000
0.094000	47.083899	0.000000	0.000000	0.000000	0.000000	60.000000
