Zeit (s)	Istwert	P	I	D	Regelausgang	Sollwert
82.493000	59.764634	0.470732	0.456958	0.000000	0.927691	60.000000
82.394000	59.768318	0.463365	0.456842	-0.000000	0.920207	60.000000
82.291000	59.765963	0.468074	0.456723	0.000000	0.924797	60.000000
82.193000	59.766507	0.466986	0.456608	-0.000000	0.923593	60.000000
82.094000	59.762162	0.475675	0.456492	0.000000	0.932168	60.000000
81.994000	59.764937	0.470126	0.456373	0.000000	0.926500	60.000000
81.892000	59.766322	0.467356	0.456253	-0.000000	0.923609	60.000000
81.795000	59.755032	0.489936	0.456140	0.000000	0.946076	60.000000
81.693000	59.764093	0.471813	0.456015	0.000000	0.927828	60.000000
81.594000	59.766930	0.466141	0.455898	-0.000000	0.922039	60.000000
81.493000	59.759381	0.481238	0.455781	-0.000000	0.937019	60.000000
81.392000	59.753956	0.492087	0.455659	-0.000000	0.947746	60.000000
81.292000	59.752074	0.495853	0.455536	0.000000	0.951389	60.000000
81.193000	59.756669	0.486661	0.455413	-0.000000	0.942075	60.000000
81.096000	59.752739	0.494522	0.455295	-0.000000	0.949818	60.000000
80.992000	59.750450	0.499101	0.455167	0.000000	0.954267	60.000000
80.891000	59.753466	0.493069	0.455041	0.000000	0.948109	60.000000
80.792000	59.753822	0.492355	0.454919	-0.000000	0.947274	60.000000
80.692000	59.750324	0.499353	0.454796	-0.000000	0.954148	60.000000
80.595000	59.750149	0.499701	0.454675	0.000000	0.954376	60.000000
80.499000	59.753346	0.493307	0.454555	0.000000	0.947862	60.000000
80.408000	59.756663	0.486675	0.454442	0.000000	0.941117	60.000000
80.317000	59.774532	0.450936	0.454332	0.000000	0.905268	60.000000
80.228000	59.784548	0.430904	0.454231	0.000000	0.885135	60.000000
80.136000	59.800670	0.398660	0.454132	0.000000	0.852792	60.000000
80.016000	59.815762	0.368476	0.454013	0.000000	0.822489	60.000000
79.921000	59.820595	0.358810	0.453925	0.000000	0.812735	60.000000
79.826000	59.829284	0.341433	0.453840	0.000000	0.795273	60.000000
79.734000	59.844311	0.311377	0.453761	0.000000	0.765139	60.000000
79.641000	59.849441	0.301118	0.453689	0.000000	0.754807	60.000000
79.547000	59.852760	0.294480	0.453618	0.000000	0.748099	60.000000
79.452000	59.856079	0.287842	0.453548	0.000000	0.741391	60.000000
79.357000	59.870802	0.258396	0.453480	0.000000	0.711876	60.000000
79.260000	59.871294	0.257411	0.453417	0.000000	0.710829	60.000000
79.092000	59.881009	0.237983	0.453309	0.000000	0.691292	60.000000
78.995000	59.883062	0.233876	0.453252	-0.000000	0.687128	60.000000
78.894000	59.879198	0.241603	0.453192	-0.000000	0.694796	60.000000
78.792000	59.862665	0.274671	0.453131	-0.000000	0.727801	60.000000
78.694000	59.853306	0.293389	0.453064	-0.000000	0.746452	60.000000
78.591000	59.850342	0.299316	0.452988	0.000000	0.752304	60.000000
78.491000	59.857775	0.284449	0.452913	0.000000	0.737363	60.000000
78.393000	59.874556	0.250889	0.452843	0.000000	0.703732	60.000000
78.293000	59.876186	0.247627	0.452781	-0.000000	0.700408	60.000000
78.192000	59.861631	0.276738	0.452718	-0.000000	0.729457	60.000000
78.092000	59.847148	0.305705	0.452649	-0.000000	0.758354	60.000000
77.992000	59.830791	0.338418	0.452573	-0.000000	0.790991	60.000000
77.893000	59.819022	0.361956	0.452489	-0.000000	0.814445	60.000000
77.792000	59.804833	0.390335	0.452397	-0.000000	0.842732	60.000000
77.695000	59.795057	0.409887	0.452303	-0.000000	0.862190	60.000000
77.590000	59.783105	0.433790	0.452195	-0.000000	0.885985	60.000000
77.491000	59.771757	0.456485	0.452088	-0.000000	0.908573	60.000000
77.393000	59.760711	0.478577	0.451976	-0.000000	0.930553	60.000000
77.293000	59.751714	0.496571	0.451856	-0.000000	0.948428	60.000000
77.193000	59.750450	0.499101	0.451732	0.000000	0.950833	60.000000
77.092000	59.754974	0.490051	0.451606	-0.000000	0.941658	60.000000
76.994000	59.749182	0.501635	0.451486	-0.000000	0.953121	60.000000
76.894000	59.736748	0.526503	0.451361	-0.000000	0.977864	60.000000
76.791000	59.730413	0.539173	0.451225	-0.000000	0.990399	60.000000
76.692000	59.728598	0.542805	0.451092	0.000000	0.993897	60.000000
76.591000	59.735177	0.529647	0.450955	0.000000	0.980601	60.000000
76.492000	59.739524	0.520951	0.450824	0.000000	0.971775	60.000000
76.396000	59.744954	0.510092	0.450699	-0.000000	0.960790	60.000000
76.292000	59.735352	0.529295	0.450566	-0.000000	0.979861	60.000000
76.192000	59.724070	0.551860	0.450434	-0.000000	1.002293	60.000000
76.091000	59.716040	0.567920	0.450294	-0.000000	1.018214	60.000000
75.993000	59.711037	0.577927	0.450155	-0.000000	1.028082	60.000000
75.893000	59.709405	0.581191	0.450011	0.000000	1.031201	60.000000
75.796000	59.713201	0.573598	0.449870	0.000000	1.023467	60.000000
75.693000	59.718583	0.562835	0.449722	0.000000	1.012557	60.000000
75.592000	59.725519	0.548963	0.449580	0.000000	0.998543	60.000000
75.493000	59.745739	0.508523	0.449444	0.000000	0.957967	60.000000
75.393000	59.758719	0.482563	0.449317	-0.000000	0.931880	60.000000
75.294000	59.757811	0.484379	0.449197	-0.000000	0.933576	60.000000
75.193000	59.757266	0.485468	0.449075	0.000000	0.934543	60.000000
75.091000	59.760957	0.478087	0.448951	0.000000	0.927038	60.000000
74.991000	59.778817	0.442367	0.448832	0.000000	0.891199	60.000000
74.891000	59.778936	0.442128	0.448721	-0.000000	0.890849	60.000000
74.794000	59.777855	0.444290	0.448614	0.000000	0.892904	60.000000
74.691000	59.786428	0.427143	0.448500	-0.000000	0.875643	60.000000
74.594000	59.784379	0.431242	0.448396	-0.000000	0.879638	60.000000
74.494000	59.783526	0.432947	0.448288	0.000000	0.881236	60.000000
74.392000	59.796685	0.406631	0.448178	0.000000	0.854809	60.000000
74.294000	59.808335	0.383329	0.448078	0.000000	0.831407	60.000000
74.194000	59.824453	0.351093	0.447982	0.000000	0.799076	60.000000
74.090000	59.826926	0.346148	0.447891	-0.000000	0.794039	60.000000
73.992000	59.823131	0.353738	0.447806	-0.000000	0.801544	60.000000
73.894000	59.823005	0.353990	0.447720	-0.000000	0.801710	60.000000
73.794000	59.816307	0.367387	0.447631	-0.000000	0.815018	60.000000
73.691000	59.812678	0.374645	0.447536	0.000000	0.822181	60.000000
73.592000	59.816545	0.366910	0.447444	-0.000000	0.814353	60.000000
73.493000	59.812620	0.374760	0.447353	-0.000000	0.822113	60.000000
73.393000	59.810509	0.378982	0.447259	0.000000	0.826241	60.000000
73.293000	59.827648	0.344705	0.447165	0.000000	0.791869	60.000000
73.191000	59.844248	0.311503	0.447077	0.000000	0.758580	60.000000
73.091000	59.853846	0.292308	0.446999	-0.000000	0.739307	60.000000
72.994000	59.847936	0.304128	0.446928	0.000000	0.751056	60.000000
72.899000	59.850949	0.298101	0.446856	0.000000	0.744957	60.000000
72.792000	59.854755	0.290489	0.446776	-0.000000	0.737265	60.000000
72.691000	59.851310	0.297380	0.446703	-0.000000	0.744082	60.000000
72.591000	59.850652	0.298697	0.446628	0.000000	0.745325	60.000000
72.492000	59.857348	0.285305	0.446554	0.000000	0.731859	60.000000
72.395000	59.857412	0.285176	0.446485	-0.000000	0.731661	60.000000
72.294000	59.850406	0.299187	0.446413	0.000000	0.745600	60.000000
72.191000	59.856987	0.286026	0.446336	0.000000	0.732362	60.000000
72.092000	59.861392	0.277216	0.446265	-0.000000	0.723481	60.000000
71.995000	59.851312	0.297377	0.446198	-0.000000	0.743575	60.000000
71.892000	59.839543	0.320915	0.446121	-0.000000	0.767036	60.000000
71.792000	59.826988	0.346024	0.446041	-0.000000	0.792065	60.000000
71.691000	59.824082	0.351836	0.445954	0.000000	0.797790	60.000000
71.592000	59.825534	0.348932	0.445867	-0.000000	0.794798	60.000000
71.492000	59.824941	0.350117	0.445780	-0.000000	0.795897	60.000000
71.394000	59.824392	0.351217	0.445694	0.000000	0.796911	60.000000
71.289000	59.830670	0.338659	0.445602	-0.000000	0.784261	60.000000
71.191000	59.822340	0.355320	0.445519	-0.000000	0.800839	60.000000
71.093000	59.814975	0.370050	0.445432	-0.000000	0.815482	60.000000
70.993000	59.807193	0.385614	0.445339	-0.000000	0.830953	60.000000
70.894000	59.785397	0.429206	0.445244	-0.000000	0.874450	60.000000
70.794000	59.771882	0.456236	0.445136	-0.000000	0.901372	60.000000
70.698000	59.763007	0.473986	0.445027	0.000000	0.919013	60.000000
70.593000	59.764572	0.470856	0.444902	-0.000000	0.915758	60.000000
70.495000	59.763306	0.473388	0.444787	-0.000000	0.918175	60.000000
70.403000	59.745619	0.508761	0.444678	-0.000000	0.953440	60.000000
70.307000	59.735957	0.528086	0.444556	-0.000000	0.972642	60.000000
70.214000	59.735539	0.528923	0.444433	-0.000000	0.973356	60.000000
70.095000	59.732464	0.535073	0.444276	-0.000000	0.979348	60.000000
69.993000	59.725586	0.548829	0.444139	-0.000000	0.992968	60.000000
69.893000	59.718699	0.562601	0.444002	0.000000	1.006603	60.000000
69.796000	59.722563	0.554874	0.443866	-0.000000	0.998740	60.000000
69.691000	59.718996	0.562009	0.443720	0.000000	1.005729	60.000000
69.591000	59.721898	0.556205	0.443580	-0.000000	0.999784	60.000000
69.493000	59.719668	0.560665	0.443443	-0.000000	1.004108	60.000000
69.393000	59.709578	0.580845	0.443303	0.000000	1.024148	60.000000
69.295000	59.711699	0.576602	0.443161	0.000000	1.019763	60.000000
69.193000	59.719491	0.561019	0.443014	0.000000	1.004033	60.000000
69.092000	59.720390	0.559219	0.442872	0.000000	1.002091	60.000000
68.992000	59.728781	0.542437	0.442732	-0.000000	0.985170	60.000000
68.896000	59.728360	0.543280	0.442602	-0.000000	0.985882	60.000000
68.796000	59.726484	0.547032	0.442466	0.000000	0.989498	60.000000
68.691000	59.727518	0.544964	0.442323	0.000000	0.987287	60.000000
68.592000	59.729145	0.541711	0.442188	-0.000000	0.983899	60.000000
68.493000	59.723771	0.552458	0.442054	-0.000000	0.994512	60.000000
68.393000	59.712355	0.575290	0.441916	0.000000	1.017206	60.000000
68.295000	59.714706	0.570588	0.441775	0.000000	1.012363	60.000000
68.195000	59.726968	0.546064	0.441632	0.000000	0.987696	60.000000
68.092000	59.741824	0.516352	0.441492	0.000000	0.957843	60.000000
67.992000	59.754132	0.491736	0.441362	0.000000	0.933098	60.000000
67.895000	59.768259	0.463483	0.441243	0.000000	0.904726	60.000000
67.793000	59.781712	0.436576	0.441125	0.000000	0.877701	60.000000
67.693000	59.799278	0.401444	0.441016	0.000000	0.842460	60.000000
67.598000	59.812674	0.374653	0.440921	0.000000	0.815573	60.000000
67.493000	59.815521	0.368959	0.440822	0.000000	0.809781	60.000000
67.392000	59.822039	0.355921	0.440729	0.000000	0.796650	60.000000
67.294000	59.827532	0.344935	0.440642	0.000000	0.785577	60.000000
67.192000	59.839663	0.320673	0.440554	0.000000	0.761227	60.000000
67.093000	59.847566	0.304868	0.440474	0.000000	0.745342	60.000000
66.992000	59.855715	0.288569	0.440398	0.000000	0.728967	60.000000
66.894000	59.862839	0.274322	0.440327	0.000000	0.714649	60.000000
66.790000	59.865679	0.268641	0.440255	-0.000000	0.708897	60.000000
66.696000	59.862958	0.274083	0.440192	-0.000000	0.714276	60.000000
66.594000	59.862179	0.275641	0.440122	-0.000000	0.715764	60.000000
66.493000	59.859226	0.281547	0.440053	-0.000000	0.721600	60.000000
66.397000	59.855537	0.288926	0.439985	0.000000	0.728911	60.000000
66.293000	59.857289	0.285423	0.439910	0.000000	0.725333	60.000000
66.192000	59.861214	0.277573	0.439838	0.000000	0.717411	60.000000
66.094000	59.866526	0.266949	0.439770	-0.000000	0.706719	60.000000
65.997000	59.866347	0.267306	0.439705	-0.000000	0.707011	60.000000
65.892000	59.857836	0.284329	0.439635	-0.000000	0.723964	60.000000
65.792000	59.853843	0.292313	0.439564	-0.000000	0.731877	60.000000
65.692000	59.853428	0.293145	0.439491	-0.000000	0.732636	60.000000
65.593000	59.837063	0.325874	0.439418	-0.000000	0.765292	60.000000
65.494000	59.826382	0.347237	0.439338	-0.000000	0.786574	60.000000
65.393000	59.815935	0.368130	0.439250	-0.000000	0.807380	60.000000
65.294000	59.804838	0.390324	0.439159	-0.000000	0.829483	60.000000
65.204000	59.792577	0.414846	0.439071	-0.000000	0.853917	60.000000
65.094000	59.769522	0.460956	0.438957	-0.000000	0.899913	60.000000
64.993000	59.751533	0.496934	0.438841	-0.000000	0.935774	60.000000
64.897000	59.747980	0.504041	0.438721	-0.000000	0.942762	60.000000
64.794000	59.747915	0.504170	0.438592	0.000000	0.942761	60.000000
64.696000	59.751722	0.496555	0.438468	0.000000	0.935024	60.000000
64.594000	59.756731	0.486538	0.438342	-0.000000	0.924879	60.000000
64.495000	59.754674	0.490652	0.438221	-0.000000	0.928873	60.000000
64.391000	59.744292	0.511417	0.438094	-0.000000	0.949510	60.000000
64.293000	59.743631	0.512739	0.437968	0.000000	0.950707	60.000000
64.196000	59.745741	0.508517	0.437844	0.000000	0.946361	60.000000
64.097000	59.750753	0.498494	0.437718	0.000000	0.936213	60.000000
63.996000	59.753223	0.493554	0.437592	0.000000	0.931146	60.000000
63.894000	59.756126	0.487747	0.437466	0.000000	0.925214	60.000000
63.795000	59.756480	0.487039	0.437346	-0.000000	0.924385	60.000000
63.692000	59.756364	0.487273	0.437220	-0.000000	0.924493	60.000000
63.596000	59.749366	0.501268	0.437103	-0.000000	0.938371	60.000000
63.497000	59.746773	0.506455	0.436979	0.000000	0.943434	60.000000
63.392000	59.753043	0.493913	0.436846	0.000000	0.930760	60.000000
63.292000	59.769039	0.461922	0.436723	0.000000	0.898645	60.000000
63.193000	59.769822	0.460355	0.436608	0.000000	0.896964	60.000000
63.093000	59.770423	0.459154	0.436493	-0.000000	0.895647	60.000000
62.994000	59.769519	0.460962	0.436380	-0.000000	0.897341	60.000000
62.893000	59.768680	0.462641	0.436263	-0.000000	0.898904	60.000000
62.792000	59.767776	0.464448	0.436147	-0.000000	0.900595	60.000000
62.694000	59.762634	0.474731	0.436033	-0.000000	0.910764	60.000000
62.593000	59.753226	0.493549	0.435913	-0.000000	0.929462	60.000000
62.494000	59.747675	0.504650	0.435791	0.000000	0.940441	60.000000
62.393000	59.748576	0.502847	0.435663	0.000000	0.938511	60.000000
62.296000	59.754309	0.491382	0.435541	0.000000	0.926923	60.000000
62.194000	59.764513	0.470974	0.435416	0.000000	0.906390	60.000000
62.094000	59.768857	0.462287	0.435298	0.000000	0.897585	60.000000
61.995000	59.784069	0.431861	0.435184	-0.000000	0.867045	60.000000
61.894000	59.778216	0.443568	0.435075	0.000000	0.878643	60.000000
61.791000	59.780694	0.438612	0.434961	0.000000	0.873573	60.000000
61.694000	59.783764	0.432473	0.434854	0.000000	0.867327	60.000000
61.593000	59.790950	0.418099	0.434745	0.000000	0.852845	60.000000
61.494000	59.797595	0.404810	0.434642	0.000000	0.839451	60.000000
61.392000	59.800914	0.398172	0.434538	0.000000	0.832710	60.000000
61.296000	59.816541	0.366918	0.434443	0.000000	0.801360	60.000000
61.193000	59.830056	0.339888	0.434348	0.000000	0.774236	60.000000
61.099000	59.831997	0.336007	0.434268	0.000000	0.770275	60.000000
61.010000	59.835254	0.329492	0.434194	0.000000	0.763686	60.000000
60.923000	59.836587	0.326826	0.434122	-0.000000	0.760948	60.000000
60.832000	59.836584	0.326831	0.434048	-0.000000	0.760879	60.000000
60.739000	59.824026	0.351949	0.433972	-0.000000	0.785921	60.000000
60.651000	59.812561	0.374878	0.433894	-0.000000	0.808772	60.000000
60.562000	59.804353	0.391295	0.433811	-0.000000	0.825106	60.000000
60.393000	59.790403	0.419194	0.433646	-0.000000	0.852839	60.000000
60.292000	59.781593	0.436815	0.433540	-0.000000	0.870355	60.000000
60.202000	59.780933	0.438135	0.433441	-0.000000	0.871576	60.000000
60.095000	59.777549	0.444901	0.433324	-0.000000	0.878226	60.000000
59.992000	59.774174	0.451652	0.433210	0.000000	0.884862	60.000000
59.892000	59.778216	0.443568	0.433097	0.000000	0.876665	60.000000
59.794000	59.790470	0.419060	0.432988	0.000000	0.852048	60.000000
59.693000	59.798013	0.403973	0.432882	-0.000000	0.836855	60.000000
59.593000	59.795236	0.409528	0.432781	-0.000000	0.842309	60.000000
59.495000	59.781949	0.436102	0.432681	0.000000	0.868782	60.000000
59.393000	59.798019	0.403962	0.432570	0.000000	0.836532	60.000000
59.292000	59.808216	0.383568	0.432468	0.000000	0.816036	60.000000
59.193000	59.811290	0.377421	0.432373	-0.000000	0.809793	60.000000
59.094000	59.808270	0.383461	0.432279	-0.000000	0.815740	60.000000
58.993000	59.803447	0.393105	0.432183	-0.000000	0.825288	60.000000
58.894000	59.800186	0.399628	0.432085	0.000000	0.831713	60.000000
58.793000	59.800359	0.399282	0.431984	0.000000	0.831266	60.000000
58.695000	59.800852	0.398295	0.431886	-0.000000	0.830182	60.000000
58.591000	59.800551	0.398899	0.431783	0.000000	0.830681	60.000000
58.492000	59.804290	0.391421	0.431684	0.000000	0.823105	60.000000
58.395000	59.805735	0.388530	0.431589	0.000000	0.820119	60.000000
58.293000	59.807794	0.384413	0.431490	-0.000000	0.815903	60.000000
58.194000	59.796621	0.406757	0.431395	-0.000000	0.838152	60.000000
58.093000	59.794457	0.411086	0.431292	-0.000000	0.842378	60.000000
57.992000	59.787694	0.424612	0.431189	0.000000	0.855800	60.000000
57.895000	59.788536	0.422927	0.431086	-0.000000	0.854013	60.000000
57.797000	59.784130	0.431740	0.430982	-0.000000	0.862722	60.000000
57.695000	59.773384	0.453232	0.430872	0.000000	0.884104	60.000000
57.591000	59.774414	0.451172	0.430754	-0.000000	0.881926	60.000000
57.492000	59.766801	0.466398	0.430642	-0.000000	0.897041	60.000000
57.394000	59.766747	0.466505	0.430528	-0.000000	0.897034	60.000000
57.296000	59.766686	0.466629	0.430414	-0.000000	0.897043	60.000000
57.197000	59.760159	0.479682	0.430298	-0.000000	0.909981	60.000000
57.093000	59.754552	0.490896	0.430174	0.000000	0.921070	60.000000
56.993000	59.754973	0.490054	0.430051	0.000000	0.920105	60.000000
56.894000	59.757454	0.485092	0.429930	0.000000	0.915022	60.000000
56.793000	59.763000	0.473999	0.429807	0.000000	0.903806	60.000000
56.695000	59.764332	0.471336	0.429691	-0.000000	0.901027	60.000000
56.598000	59.762581	0.474839	0.429577	-0.000000	0.904415	60.000000
56.491000	59.762398	0.475203	0.429450	0.000000	0.904653	60.000000
56.394000	59.772719	0.454562	0.429334	0.000000	0.883897	60.000000
56.294000	59.778035	0.443930	0.429221	0.000000	0.873151	60.000000
56.195000	59.781897	0.436206	0.429111	0.000000	0.865317	60.000000
56.093000	59.788177	0.423646	0.429000	-0.000000	0.852646	60.000000
55.997000	59.778817	0.442367	0.428898	0.000000	0.871265	60.000000
55.894000	59.782079	0.435841	0.428784	0.000000	0.864625	60.000000
55.793000	59.790588	0.418824	0.428674	-0.000000	0.847498	60.000000
55.691000	59.785641	0.428718	0.428567	-0.000000	0.857285	60.000000
55.593000	59.780209	0.439583	0.428462	-0.000000	0.868045	60.000000
55.493000	59.775557	0.448887	0.428352	-0.000000	0.877239	60.000000
55.397000	59.763247	0.473506	0.428245	0.000000	0.901750	60.000000
55.296000	59.766450	0.467101	0.428125	-0.000000	0.895226	60.000000
55.198000	59.761438	0.477124	0.428011	0.000000	0.905134	60.000000
55.093000	59.762160	0.475681	0.427885	-0.000000	0.903566	60.000000
54.994000	59.760591	0.478819	0.427768	0.000000	0.906586	60.000000
54.893000	59.765480	0.469040	0.427647	0.000000	0.896687	60.000000
54.794000	59.774232	0.451537	0.427531	-0.000000	0.879067	60.000000
54.692000	59.771576	0.456847	0.427415	-0.000000	0.884263	60.000000
54.592000	59.762518	0.474965	0.427301	0.000000	0.902266	60.000000
54.492000	59.765414	0.469171	0.427183	0.000000	0.896354	60.000000
54.395000	59.776832	0.446336	0.427069	0.000000	0.873405	60.000000
54.294000	59.781413	0.437174	0.426956	0.000000	0.864130	60.000000
54.191000	59.792888	0.414224	0.426843	0.000000	0.841067	60.000000
54.093000	59.796200	0.407599	0.426742	0.000000	0.834341	60.000000
53.994000	59.798917	0.402165	0.426641	-0.000000	0.828806	60.000000
53.894000	59.795653	0.408693	0.426541	-0.000000	0.835234	60.000000
53.796000	59.789261	0.421479	0.426440	0.000000	0.847919	60.000000
53.692000	59.793490	0.413020	0.426331	-0.000000	0.839350	60.000000
53.592000	59.793422	0.413156	0.426228	0.000000	0.839384	60.000000
53.493000	59.796084	0.407833	0.426125	0.000000	0.833958	60.000000
53.393000	59.804056	0.391888	0.426023	-0.000000	0.817911	60.000000
53.292000	59.803328	0.393344	0.425924	0.000000	0.819268	60.000000
53.197000	59.805978	0.388044	0.425831	-0.000000	0.813875	60.000000
53.091000	59.805860	0.388280	0.425728	0.000000	0.814008	60.000000
52.994000	59.807190	0.385620	0.425634	-0.000000	0.811254	60.000000
52.895000	59.802360	0.395280	0.425539	-0.000000	0.820819	60.000000
52.798000	59.796202	0.407597	0.425443	-0.000000	0.833039	60.000000
52.697000	59.790288	0.419424	0.425340	-0.000000	0.844764	60.000000
52.595000	59.784855	0.430289	0.425233	-0.000000	0.855522	60.000000
52.493000	59.782681	0.434637	0.425123	0.000000	0.859760	60.000000
52.392000	59.786064	0.427873	0.425013	-0.000000	0.852886	60.000000
52.294000	59.784972	0.430056	0.424909	0.000000	0.854965	60.000000
52.196000	59.786851	0.426299	0.424803	0.000000	0.851102	60.000000
52.091000	59.788357	0.423287	0.424691	0.000000	0.847978	60.000000
51.993000	59.788534	0.422933	0.424588	0.000000	0.847520	60.000000
51.894000	59.788841	0.422318	0.424483	-0.000000	0.846801	60.000000
51.797000	59.788540	0.422919	0.424380	0.000000	0.847300	60.000000
51.695000	59.795482	0.409037	0.424273	-0.000000	0.833309	60.000000
51.599000	59.790411	0.419178	0.424174	-0.000000	0.843352	60.000000
51.493000	59.780021	0.439958	0.424063	-0.000000	0.864022	60.000000
51.394000	59.773931	0.452138	0.423955	-0.000000	0.876092	60.000000
51.294000	59.766207	0.467586	0.423841	-0.000000	0.891428	60.000000
51.196000	59.758414	0.483172	0.423727	-0.000000	0.906899	60.000000
51.092000	59.757204	0.485591	0.423601	-0.000000	0.909192	60.000000
50.995000	59.752496	0.495008	0.423484	-0.000000	0.918491	60.000000
50.897000	59.749304	0.501391	0.423362	0.000000	0.924753	60.000000
50.794000	59.752319	0.495362	0.423233	-0.000000	0.918595	60.000000
50.692000	59.752316	0.495367	0.423107	-0.000000	0.918474	60.000000
50.592000	59.750088	0.499825	0.422983	-0.000000	0.922808	60.000000
50.492000	59.743326	0.513348	0.422858	-0.000000	0.936206	60.000000
50.397000	59.734934	0.530132	0.422736	-0.000000	0.952868	60.000000
50.297000	59.730535	0.538929	0.422604	0.000000	0.961533	60.000000
50.201000	59.735477	0.529046	0.422474	0.000000	0.951520	60.000000
50.093000	59.743751	0.512498	0.422331	-0.000000	0.934829	60.000000
49.994000	59.742542	0.514917	0.422205	0.000000	0.937121	60.000000
49.895000	59.750989	0.498022	0.422077	-0.000000	0.920100	60.000000
49.795000	59.749119	0.501761	0.421953	0.000000	0.923714	60.000000
49.693000	59.751536	0.496928	0.421825	0.000000	0.918753	60.000000
49.594000	59.757993	0.484014	0.421702	0.000000	0.905716	60.000000
49.494000	59.776037	0.447927	0.421581	0.000000	0.869507	60.000000
49.394000	59.776946	0.446108	0.421469	-0.000000	0.867577	60.000000
49.296000	59.771756	0.456488	0.421359	0.000000	0.877847	60.000000
49.194000	59.773629	0.452741	0.421243	-0.000000	0.873984	60.000000
49.093000	59.769826	0.460347	0.421129	-0.000000	0.881476	60.000000
48.994000	59.761737	0.476526	0.421015	-0.000000	0.897540	60.000000
48.894000	59.753404	0.493192	0.420896	0.000000	0.914088	60.000000
48.797000	59.760646	0.478709	0.420776	0.000000	0.899485	60.000000
48.694000	59.764818	0.470365	0.420653	0.000000	0.891018	60.000000
48.593000	59.768134	0.463732	0.420534	-0.000000	0.884266	60.000000
48.496000	59.767290	0.465419	0.420422	0.000000	0.885841	60.000000
48.394000	59.768618	0.462764	0.420303	-0.000000	0.883067	60.000000
48.295000	59.765475	0.469051	0.420188	-0.000000	0.889239	60.000000
48.195000	59.761009	0.477982	0.420071	-0.000000	0.898053	60.000000
48.097000	59.748997	0.502005	0.419954	-0.000000	0.921959	60.000000
47.995000	59.738256	0.523489	0.419826	-0.000000	0.943315	60.000000
47.895000	59.727033	0.545935	0.419695	0.000000	0.965630	60.000000
47.796000	59.737651	0.524698	0.419560	0.000000	0.944258	60.000000
47.694000	59.750572	0.498857	0.419426	0.000000	0.918283	60.000000
47.593000	59.760644	0.478712	0.419300	0.000000	0.898012	60.000000
47.498000	59.768798	0.462405	0.419186	-0.000000	0.881591	60.000000
47.394000	59.764089	0.471821	0.419066	-0.000000	0.890888	60.000000
47.294000	59.757327	0.485347	0.418948	0.000000	0.904295	60.000000
47.194000	59.759990	0.480020	0.418827	0.000000	0.898847	60.000000
47.092000	59.765296	0.469407	0.418705	0.000000	0.888112	60.000000
46.995000	59.767894	0.464212	0.418591	-0.000000	0.882803	60.000000
46.897000	59.766082	0.467836	0.418477	-0.000000	0.886313	60.000000
46.791000	59.759744	0.480511	0.418353	-0.000000	0.898864	60.000000
46.693000	59.753830	0.492339	0.418235	-0.000000	0.910574	60.000000
46.596000	59.753773	0.492454	0.418116	0.000000	0.910570	60.000000
46.495000	59.754375	0.491250	0.417992	0.000000	0.909242	60.000000
46.394000	59.758178	0.483644	0.417867	0.000000	0.901511	60.000000
46.298000	59.759262	0.481477	0.417751	-0.000000	0.899228	60.000000
46.193000	59.755220	0.489560	0.417625	0.000000	0.907186	60.000000
46.098000	59.755580	0.488839	0.417509	0.000000	0.906348	60.000000
46.012000	59.759625	0.480750	0.417404	0.000000	0.898154	60.000000
45.925000	59.765420	0.469161	0.417299	0.000000	0.886460	60.000000
45.839000	59.777551	0.444899	0.417198	0.000000	0.862097	60.000000
45.750000	59.786851	0.426299	0.417099	0.000000	0.843398	60.000000
45.664000	59.791253	0.417493	0.417008	0.000000	0.834501	60.000000
45.494000	59.807788	0.384423	0.416830	0.000000	0.801254	60.000000
45.396000	59.818656	0.362688	0.416736	0.000000	0.779424	60.000000
45.295000	59.828918	0.342165	0.416644	-0.000000	0.758809	60.000000
45.206000	59.825601	0.348798	0.416568	-0.000000	0.765366	60.000000
45.095000	59.823001	0.353998	0.416471	-0.000000	0.770470	60.000000
44.994000	59.821012	0.357976	0.416382	0.000000	0.774358	60.000000
44.896000	59.823667	0.352665	0.416294	0.000000	0.768959	60.000000
44.794000	59.828796	0.342409	0.416204	0.000000	0.758613	60.000000
44.695000	59.830727	0.338547	0.416120	-0.000000	0.754666	60.000000
44.595000	59.829760	0.340480	0.416035	-0.000000	0.756516	60.000000
44.495000	59.825238	0.349524	0.415950	-0.000000	0.765474	60.000000
44.393000	59.824750	0.350501	0.415861	0.000000	0.766361	60.000000
44.293000	59.827892	0.344217	0.415773	-0.000000	0.759990	60.000000
44.192000	59.819438	0.361124	0.415686	-0.000000	0.776811	60.000000
44.096000	59.809238	0.381524	0.415600	0.000000	0.797124	60.000000
43.997000	59.810810	0.378381	0.415505	-0.000000	0.793886	60.000000
43.892000	59.808880	0.382240	0.415406	0.000000	0.797646	60.000000
43.793000	59.812503	0.374993	0.415311	0.000000	0.790305	60.000000
43.693000	59.820293	0.359413	0.415218	0.000000	0.774631	60.000000
43.594000	59.837978	0.324045	0.415129	0.000000	0.739173	60.000000
43.496000	59.838572	0.322857	0.415049	0.000000	0.737906	60.000000
43.395000	59.841950	0.316100	0.414968	-0.000000	0.731068	60.000000
43.293000	59.833567	0.332866	0.414887	-0.000000	0.747753	60.000000
43.195000	59.822821	0.354357	0.414805	-0.000000	0.769163	60.000000
43.095000	59.819803	0.360395	0.414717	-0.000000	0.775112	60.000000
42.995000	59.811172	0.377657	0.414627	-0.000000	0.792283	60.000000
42.894000	59.809003	0.381993	0.414531	-0.000000	0.796525	60.000000
42.796000	59.806768	0.386464	0.414438	-0.000000	0.800902	60.000000
42.695000	59.796503	0.406993	0.414340	-0.000000	0.821333	60.000000
42.594000	59.781594	0.436812	0.414237	-0.000000	0.851050	60.000000
42.495000	59.779358	0.441283	0.414129	0.000000	0.855413	60.000000
42.393000	59.780328	0.439344	0.414017	-0.000000	0.853361	60.000000
42.293000	59.777851	0.444298	0.413907	-0.000000	0.858205	60.000000
42.197000	59.772058	0.455884	0.413800	-0.000000	0.869685	60.000000
42.094000	59.761315	0.477371	0.413683	-0.000000	0.891054	60.000000
41.996000	59.757509	0.484982	0.413566	-0.000000	0.898548	60.000000
41.896000	59.752383	0.495233	0.413445	-0.000000	0.908678	60.000000
41.796000	59.748995	0.502011	0.413321	-0.000000	0.915332	60.000000
41.693000	59.743624	0.512752	0.413192	-0.000000	0.925944	60.000000
41.594000	59.733429	0.533141	0.413065	-0.000000	0.946206	60.000000
41.494000	59.728422	0.543156	0.412932	-0.000000	0.956088	60.000000
41.393000	59.715557	0.568885	0.412794	-0.000000	0.981680	60.000000
41.293000	59.707652	0.584696	0.412652	-0.000000	0.997348	60.000000
41.194000	59.695695	0.608609	0.412507	-0.000000	1.021117	60.000000
41.094000	59.691234	0.617533	0.412355	0.000000	1.029888	60.000000
40.993000	59.697152	0.605697	0.412199	0.000000	1.017896	60.000000
40.894000	59.702221	0.595558	0.412049	0.000000	1.007608	60.000000
40.795000	59.705600	0.588800	0.411902	0.000000	1.000702	60.000000
40.694000	59.706507	0.586987	0.411753	0.000000	0.998740	60.000000
40.597000	59.710067	0.579866	0.411611	-0.000000	0.991477	60.000000
40.491000	59.705176	0.589647	0.411457	-0.000000	1.001105	60.000000
40.393000	59.695040	0.609921	0.411313	-0.000000	1.021234	60.000000
40.295000	59.687550	0.624900	0.411163	-0.000000	1.036064	60.000000
40.208000	59.687130	0.625740	0.411028	0.000000	1.036767	60.000000
40.096000	59.695457	0.609087	0.410852	0.000000	1.019939	60.000000
39.995000	59.705121	0.589757	0.410699	0.000000	1.000456	60.000000
39.893000	59.720385	0.559230	0.410548	0.000000	0.969778	60.000000
39.793000	59.737110	0.525779	0.410408	0.000000	0.936188	60.000000
39.694000	59.737833	0.524334	0.410278	0.000000	0.934612	60.000000
39.595000	59.738862	0.522276	0.410148	0.000000	0.932425	60.000000
39.493000	59.741213	0.517575	0.410015	0.000000	0.927590	60.000000
39.397000	59.742904	0.514193	0.409891	0.000000	0.924084	60.000000
39.298000	59.761681	0.476638	0.409764	0.000000	0.886402	60.000000
39.193000	59.779606	0.440787	0.409639	0.000000	0.850426	60.000000
39.096000	59.796326	0.407347	0.409532	0.000000	0.816879	60.000000
38.994000	59.809660	0.380679	0.409428	0.000000	0.790107	60.000000
38.893000	59.820110	0.359781	0.409332	0.000000	0.769112	60.000000
38.795000	59.824932	0.350136	0.409244	0.000000	0.759380	60.000000
38.696000	59.835981	0.328038	0.409157	0.000000	0.737195	60.000000
38.595000	59.838149	0.323701	0.409074	0.000000	0.732776	60.000000
38.493000	59.838451	0.323098	0.408992	0.000000	0.732090	60.000000
38.396000	59.841228	0.317543	0.408913	-0.000000	0.726457	60.000000
38.295000	59.834170	0.331659	0.408833	0.000000	0.740492	60.000000
38.196000	59.838033	0.323935	0.408751	0.000000	0.732686	60.000000
38.093000	59.852273	0.295454	0.408668	0.000000	0.704121	60.000000
37.993000	59.870142	0.259715	0.408594	0.000000	0.668309	60.000000
37.893000	59.886983	0.226034	0.408529	0.000000	0.634563	60.000000
37.797000	59.895735	0.208531	0.408475	0.000000	0.617005	60.000000
37.697000	59.903588	0.192825	0.408422	0.000000	0.601247	60.000000
37.593000	59.914510	0.170979	0.408372	0.000000	0.579351	60.000000
37.493000	59.918251	0.163499	0.408330	-0.000000	0.571828	60.000000
37.392000	59.913970	0.172060	0.408288	-0.000000	0.580348	60.000000
37.294000	59.904547	0.190907	0.408246	-0.000000	0.599153	60.000000
37.197000	59.893378	0.213243	0.408200	-0.000000	0.621443	60.000000
37.095000	59.879198	0.241603	0.408145	-0.000000	0.649749	60.000000
36.993000	59.877266	0.245468	0.408084	0.000000	0.653552	60.000000
36.894000	59.878477	0.243046	0.408023	0.000000	0.651069	60.000000
36.794000	59.878659	0.242682	0.407962	0.000000	0.650644	60.000000
36.697000	59.883299	0.233402	0.407903	-0.000000	0.641305	60.000000
36.595000	59.877632	0.244736	0.407844	-0.000000	0.652580	60.000000
36.493000	59.873168	0.253665	0.407782	0.000000	0.661446	60.000000
36.393000	59.888435	0.223129	0.407718	0.000000	0.630847	60.000000
36.294000	59.908053	0.183893	0.407663	-0.000000	0.591556	60.000000
36.197000	59.904555	0.190891	0.407618	-0.000000	0.598509	60.000000
36.093000	59.885536	0.228928	0.407569	-0.000000	0.636497	60.000000
35.994000	59.873764	0.252471	0.407512	-0.000000	0.659983	60.000000
35.895000	59.861997	0.276006	0.407450	-0.000000	0.683456	60.000000
35.794000	59.841714	0.316572	0.407380	-0.000000	0.723952	60.000000
35.696000	59.832360	0.335280	0.407302	-0.000000	0.742582	60.000000
35.598000	59.829156	0.341687	0.407220	-0.000000	0.748908	60.000000
35.497000	59.817082	0.365837	0.407134	-0.000000	0.772971	60.000000
35.394000	59.800068	0.399864	0.407040	-0.000000	0.806904	60.000000
35.297000	59.781114	0.437772	0.406943	-0.000000	0.844715	60.000000
35.205000	59.771398	0.457204	0.406842	-0.000000	0.864046	60.000000
35.095000	59.752500	0.495000	0.406716	-0.000000	0.901716	60.000000
34.996000	59.730955	0.538090	0.406594	-0.000000	0.944684	60.000000
34.899000	59.714781	0.570438	0.406463	-0.000000	0.976902	60.000000
34.795000	59.705784	0.588432	0.406315	0.000000	0.994747	60.000000
34.695000	59.706208	0.587585	0.406168	-0.000000	0.993753	60.000000
34.598000	59.692624	0.614751	0.406025	-0.000000	1.020777	60.000000
34.494000	59.675604	0.648792	0.405866	-0.000000	1.054658	60.000000
34.395000	59.662022	0.675956	0.405705	-0.000000	1.081661	60.000000
34.298000	59.654835	0.690329	0.405541	-0.000000	1.095870	60.000000
34.195000	59.646202	0.707597	0.405363	-0.000000	1.112960	60.000000
34.106000	59.640229	0.719542	0.405206	-0.000000	1.124748	60.000000
34.022000	59.633223	0.733554	0.405055	-0.000000	1.138608	60.000000
33.938000	59.625138	0.749724	0.404901	-0.000000	1.154624	60.000000
33.854000	59.617538	0.764923	0.404743	-0.000000	1.169666	60.000000
33.765000	59.608056	0.783888	0.404573	0.000000	1.188461	60.000000
33.592000	59.615176	0.769649	0.404234	0.000000	1.173883	60.000000
33.495000	59.616749	0.766503	0.404047	-0.000000	1.170550	60.000000
33.395000	59.612890	0.774219	0.403856	-0.000000	1.178075	60.000000
33.294000	59.612035	0.775930	0.403660	0.000000	1.179590	60.000000
33.196000	59.614937	0.770126	0.403470	0.000000	1.173596	60.000000
33.099000	59.619344	0.761313	0.403283	0.000000	1.164596	60.000000
32.994000	59.637570	0.724861	0.403084	0.000000	1.127945	60.000000
32.896000	59.637807	0.724386	0.402906	0.000000	1.127292	60.000000
32.796000	59.645058	0.709884	0.402725	0.000000	1.112609	60.000000
32.703000	59.659601	0.680797	0.402560	0.000000	1.083357	60.000000
32.595000	59.674575	0.650849	0.402376	0.000000	1.053225	60.000000
32.499000	59.679045	0.641910	0.402220	0.000000	1.044130	60.000000
32.396000	59.692624	0.614751	0.402054	0.000000	1.016806	60.000000
32.295000	59.714951	0.570098	0.401899	0.000000	0.971997	60.000000
32.196000	59.735967	0.528067	0.401758	0.000000	0.929825	60.000000
32.096000	59.758653	0.482694	0.401626	0.000000	0.884321	60.000000
31.994000	59.762216	0.475568	0.401503	0.000000	0.877071	60.000000
31.895000	59.768433	0.463134	0.401385	0.000000	0.864519	60.000000
31.796000	59.790347	0.419306	0.401271	0.000000	0.820577	60.000000
31.696000	59.813768	0.372464	0.401166	0.000000	0.773630	60.000000
31.596000	59.826808	0.346384	0.401073	0.000000	0.747456	60.000000
31.497000	59.841590	0.316819	0.400987	0.000000	0.717806	60.000000
31.395000	59.866948	0.266104	0.400906	0.000000	0.667010	60.000000
31.295000	59.888316	0.223368	0.400840	0.000000	0.624208	60.000000
31.196000	59.896221	0.207557	0.400784	0.000000	0.608342	60.000000
31.094000	59.900628	0.198744	0.400732	0.000000	0.599475	60.000000
30.995000	59.906963	0.186074	0.400682	0.000000	0.586756	60.000000
30.898000	59.915477	0.169045	0.400637	0.000000	0.569683	60.000000
30.798000	59.925013	0.149973	0.400595	0.000000	0.550568	60.000000
30.697000	59.939561	0.120878	0.400557	0.000000	0.521435	60.000000
30.596000	59.947592	0.104815	0.400527	0.000000	0.505342	60.000000
30.493000	59.956403	0.087194	0.400500	-0.000000	0.487694	60.000000
30.396000	59.956217	0.087567	0.400478	-0.000000	0.488045	60.000000
30.298000	59.952176	0.095648	0.400457	0.000000	0.496105	60.000000
30.196000	59.953872	0.092255	0.400433	-0.000000	0.492688	60.000000
30.095000	59.944875	0.110249	0.400409	-0.000000	0.510658	60.000000
29.995000	59.932740	0.134519	0.400382	-0.000000	0.534901	60.000000
29.900000	59.919879	0.160243	0.400350	-0.000000	0.560593	60.000000
29.796000	59.912223	0.175555	0.400308	-0.000000	0.575863	60.000000
29.696000	59.908232	0.183537	0.400264	-0.000000	0.583801	60.000000
29.598000	59.904191	0.191618	0.400219	-0.000000	0.591837	60.000000
29.496000	59.900202	0.199597	0.400170	-0.000000	0.599767	60.000000
29.396000	59.893264	0.213471	0.400121	-0.000000	0.613592	60.000000
29.296000	59.881313	0.237374	0.400067	-0.000000	0.637441	60.000000
29.200000	59.874548	0.250905	0.400010	-0.000000	0.650915	60.000000
29.114000	59.866882	0.266235	0.399956	-0.000000	0.666192	60.000000
29.030000	59.858430	0.283141	0.399900	-0.000000	0.683041	60.000000
28.946000	59.851313	0.297374	0.399841	-0.000000	0.697215	60.000000
28.862000	59.836882	0.326236	0.399778	-0.000000	0.726014	60.000000
28.696000	59.778573	0.442855	0.399643	-0.000000	0.842498	60.000000
28.594000	59.743746	0.512508	0.399530	-0.000000	0.912038	60.000000
28.496000	59.729017	0.541965	0.399405	-0.000000	0.941370	60.000000
28.397000	59.717550	0.564900	0.399270	-0.000000	0.964170	60.000000
28.297000	59.713385	0.573230	0.399129	-0.000000	0.972359	60.000000
28.203000	59.697394	0.605211	0.398994	-0.000000	1.004206	60.000000
28.096000	59.669805	0.660389	0.398833	-0.000000	1.059222	60.000000
27.997000	59.656404	0.687191	0.398669	-0.000000	1.085860	60.000000
27.894000	59.647898	0.704204	0.398492	-0.000000	1.102696	60.000000
27.794000	59.627559	0.744883	0.398316	-0.000000	1.143199	60.000000
27.698000	59.618252	0.763496	0.398137	-0.000000	1.161634	60.000000
27.594000	59.606786	0.786428	0.397939	-0.000000	1.184367	60.000000
27.498000	59.588860	0.822279	0.397750	-0.000000	1.220029	60.000000
27.398000	59.575645	0.848711	0.397545	-0.000000	1.246255	60.000000
27.292000	59.557044	0.885911	0.397320	-0.000000	1.283231	60.000000
27.195000	59.546850	0.906300	0.397105	-0.000000	1.303405	60.000000
27.095000	59.537496	0.925008	0.396878	-0.000000	1.321886	60.000000
26.998000	59.531101	0.937798	0.396654	-0.000000	1.334452	60.000000
26.897000	59.525726	0.948548	0.396417	-0.000000	1.344965	60.000000
26.795000	59.518900	0.962200	0.396175	-0.000000	1.358375	60.000000
26.694000	59.511056	0.977887	0.395932	0.000000	1.373820	60.000000
26.595000	59.511903	0.976195	0.395690	0.000000	1.371885	60.000000
26.495000	59.512687	0.974626	0.395446	0.000000	1.370072	60.000000
26.394000	59.520780	0.958440	0.395200	0.000000	1.353640	60.000000
26.293000	59.532909	0.934183	0.394958	0.000000	1.329141	60.000000
26.204000	59.543716	0.912568	0.394750	0.000000	1.307318	60.000000
26.097000	59.549866	0.900268	0.394506	0.000000	1.294774	60.000000
25.995000	59.568819	0.862363	0.394277	0.000000	1.256639	60.000000
25.897000	59.590616	0.818768	0.394065	0.000000	1.212834	60.000000
25.797000	59.614272	0.771457	0.393861	0.000000	1.165317	60.000000
25.695000	59.635822	0.728356	0.393664	0.000000	1.122020	60.000000
25.596000	59.665515	0.668969	0.393484	0.000000	1.062453	60.000000
25.495000	59.695761	0.608478	0.393315	0.000000	1.001793	60.000000
25.397000	59.719727	0.560547	0.393166	0.000000	0.953712	60.000000
25.295000	59.737051	0.525897	0.393023	0.000000	0.918920	60.000000
25.197000	59.766266	0.467468	0.392894	0.000000	0.860362	60.000000
25.095000	59.797052	0.405896	0.392775	0.000000	0.798671	60.000000
24.997000	59.825181	0.349637	0.392675	0.000000	0.742312	60.000000
24.897000	59.849806	0.300389	0.392588	0.000000	0.692977	60.000000
24.794000	59.874006	0.251988	0.392510	0.000000	0.644499	60.000000
24.694000	59.906000	0.188000	0.392447	0.000000	0.580447	60.000000
24.600000	59.933465	0.133071	0.392403	0.000000	0.525474	60.000000
24.495000	59.959239	0.081521	0.392368	0.000000	0.473890	60.000000
24.396000	59.971854	0.056291	0.392348	0.000000	0.448639	60.000000
24.299000	59.987308	0.025383	0.392334	0.000000	0.417718	60.000000
24.216000	60.004768	-0.009535	0.392329	0.000000	0.382794	60.000000
24.132000	60.021412	-0.042824	0.392331	0.000000	0.349507	60.000000
24.026000	60.048790	-0.097580	0.392343	0.000000	0.294762	60.000000
23.942000	60.063857	-0.127714	0.392363	0.000000	0.264649	60.000000
23.860000	60.079001	-0.158003	0.392389	0.000000	0.234386	60.000000
23.695000	60.090386	-0.180772	0.392454	0.000000	0.211682	60.000000
23.596000	60.098681	-0.197362	0.392499	0.000000	0.195137	60.000000
23.497000	60.111272	-0.222544	0.392548	0.000000	0.170004	60.000000
23.396000	60.118600	-0.237199	0.392604	0.000000	0.155405	60.000000
23.296000	60.133010	-0.266020	0.392663	0.000000	0.126644	60.000000
23.196000	60.141609	-0.283217	0.392730	-0.000000	0.109513	60.000000
23.096000	60.139310	-0.278619	0.392801	-0.000000	0.114182	60.000000
22.997000	60.123444	-0.246888	0.392870	-0.000000	0.145982	60.000000
22.894000	60.110906	-0.221813	0.392933	-0.000000	0.171121	60.000000
22.793000	60.109152	-0.218304	0.392989	-0.000000	0.174685	60.000000
22.695000	60.091053	-0.182107	0.393043	-0.000000	0.210936	60.000000
22.596000	60.069066	-0.138131	0.393088	-0.000000	0.254957	60.000000
22.493000	60.041584	-0.083168	0.393123	-0.000000	0.309956	60.000000
22.398000	60.016210	-0.032420	0.393143	-0.000000	0.360723	60.000000
22.293000	59.980908	0.038185	0.393152	-0.000000	0.431336	60.000000
22.195000	59.935937	0.128125	0.393142	-0.000000	0.521267	60.000000
22.096000	59.894770	0.210459	0.393111	-0.000000	0.603570	60.000000
21.995000	59.846786	0.306429	0.393058	-0.000000	0.699486	60.000000
21.894000	59.809847	0.380306	0.392980	-0.000000	0.773287	60.000000
21.797000	59.773212	0.453575	0.392888	-0.000000	0.846463	60.000000
21.698000	59.730589	0.538822	0.392776	-0.000000	0.931598	60.000000
21.596000	59.701619	0.596763	0.392638	-0.000000	0.989401	60.000000
21.496000	59.671134	0.657732	0.392489	-0.000000	1.050221	60.000000
21.394000	59.627974	0.744051	0.392321	-0.000000	1.136373	60.000000
21.293000	59.579870	0.840260	0.392133	-0.000000	1.232393	60.000000
21.195000	59.546005	0.907990	0.391928	-0.000000	1.299918	60.000000
21.096000	59.510513	0.978973	0.391703	-0.000000	1.370676	60.000000
20.992000	59.481415	1.037169	0.391448	-0.000000	1.428617	60.000000
20.894000	59.457210	1.085580	0.391194	-0.000000	1.476775	60.000000
20.795000	59.436937	1.126125	0.390926	-0.000000	1.517051	60.000000
20.695000	59.413216	1.173568	0.390644	-0.000000	1.564212	60.000000
20.596000	59.397097	1.205807	0.390354	-0.000000	1.596160	60.000000
20.496000	59.370717	1.258566	0.390052	-0.000000	1.648618	60.000000
20.394000	59.350737	1.298526	0.389731	-0.000000	1.688257	60.000000
20.296000	59.328585	1.342831	0.389413	-0.000000	1.732244	60.000000
20.202000	59.307036	1.385929	0.389097	0.000000	1.775026	60.000000
20.097000	59.309571	1.380857	0.388734	0.000000	1.769591	60.000000
19.994000	59.318803	1.362394	0.388378	0.000000	1.750772	60.000000
19.897000	59.320737	1.358526	0.388048	0.000000	1.746574	60.000000
19.799000	59.327555	1.344891	0.387715	0.000000	1.732606	60.000000
19.695000	59.344943	1.310115	0.387365	0.000000	1.697480	60.000000
19.596000	59.358708	1.282584	0.387041	0.000000	1.669625	60.000000
19.495000	59.380138	1.239724	0.386717	0.000000	1.626441	60.000000
19.393000	59.389368	1.221263	0.386401	0.000000	1.607664	60.000000
19.297000	59.409108	1.181783	0.386108	0.000000	1.567891	60.000000
19.199000	59.431919	1.136161	0.385818	0.000000	1.521980	60.000000
19.093000	59.452751	1.094498	0.385517	0.000000	1.480015	60.000000
18.994000	59.485282	1.029437	0.385246	0.000000	1.414683	60.000000
18.894000	59.526206	0.947588	0.384989	0.000000	1.332577	60.000000
18.795000	59.566524	0.866952	0.384754	0.000000	1.251706	60.000000
18.695000	59.604737	0.790526	0.384538	0.000000	1.175064	60.000000
18.598000	59.649467	0.701066	0.384346	0.000000	1.085412	60.000000
18.494000	59.700350	0.599300	0.384164	0.000000	0.983464	60.000000
18.396000	59.752138	0.495724	0.384017	0.000000	0.879741	60.000000
18.295000	59.809242	0.381516	0.383892	0.000000	0.765408	60.000000
18.197000	59.864593	0.270814	0.383798	0.000000	0.654612	60.000000
18.096000	59.903409	0.193181	0.383730	0.000000	0.576911	60.000000
17.999000	59.942820	0.114361	0.383683	0.000000	0.498044	60.000000
17.895000	59.984223	0.031555	0.383653	0.000000	0.415208	60.000000
17.795000	60.036493	-0.072987	0.383645	0.000000	0.310659	60.000000
17.696000	60.093295	-0.186589	0.383664	0.000000	0.197074	60.000000
17.597000	60.158805	-0.317609	0.383710	0.000000	0.066100	60.000000
17.498000	60.198404	-0.396809	0.383788	0.000000	-0.013020	60.000000
17.397000	60.233713	-0.467425	0.383888	0.000000	-0.083537	60.000000
17.295000	60.287775	-0.575550	0.384008	0.000000	-0.191542	60.000000
17.196000	60.338942	-0.677884	0.384150	0.000000	-0.293734	60.000000
17.098000	60.388047	-0.776094	0.384316	0.000000	-0.391778	60.000000
16.997000	60.423841	-0.847682	0.384512	0.000000	-0.463170	60.000000
16.895000	60.463675	-0.927349	0.384728	0.000000	-0.542621	60.000000
16.795000	60.511514	-1.023028	0.384960	0.000000	-0.638067	60.000000
16.696000	60.550317	-1.100634	0.385213	0.000000	-0.715421	60.000000
16.597000	60.589800	-1.179599	0.385486	0.000000	-0.794113	60.000000
16.498000	60.627590	-1.255180	0.385778	0.000000	-0.869402	60.000000
16.399000	60.672330	-1.344659	0.386088	0.000000	-0.958571	60.000000
16.294000	60.724171	-1.448342	0.386441	0.000000	-1.061900	60.000000
16.201000	60.763099	-1.526198	0.386778	0.000000	-1.139420	60.000000
16.098000	60.800093	-1.600186	0.387171	0.000000	-1.213015	60.000000
15.997000	60.833215	-1.666431	0.387575	0.000000	-1.278856	60.000000
15.895000	60.872215	-1.744430	0.388000	0.000000	-1.356430	60.000000
15.798000	60.916891	-1.833783	0.388423	0.000000	-1.445360	60.000000
15.700000	60.952739	-1.905478	0.388872	0.000000	-1.516606	60.000000
15.595000	60.980287	-1.960574	0.389373	0.000000	-1.571201	60.000000
15.496000	60.995970	-1.991939	0.389858	0.000000	-1.602081	60.000000
15.396000	61.014317	-2.028634	0.390356	0.000000	-1.638279	60.000000
15.296000	61.035515	-2.071031	0.390863	0.000000	-1.680168	60.000000
15.210000	61.041321	-2.082643	0.391308	-0.000000	-1.691335	60.000000
15.127000	61.038237	-2.076474	0.391740	-0.000000	-1.684733	60.000000
15.046000	61.034367	-2.068733	0.392161	0.000000	-1.676572	60.000000
14.964000	61.038421	-2.076842	0.392585	0.000000	-1.684257	60.000000
14.796000	61.047746	-2.095493	0.393457	0.000000	-1.702035	60.000000
14.697000	61.061061	-2.122123	0.393976	0.000000	-1.728147	60.000000
14.597000	61.073724	-2.147448	0.394506	0.000000	-1.752942	60.000000
14.498000	61.074750	-2.149501	0.395038	-0.000000	-1.754463	60.000000
14.396000	61.063118	-2.126236	0.395586	-0.000000	-1.730650	60.000000
14.297000	61.042415	-2.084830	0.396112	-0.000000	-1.688718	60.000000
14.202000	61.030126	-2.060253	0.396607	-0.000000	-1.663645	60.000000
14.098000	61.000580	-2.001159	0.397143	-0.000000	-1.604016	60.000000
13.995000	60.971086	-1.942171	0.397658	-0.000000	-1.544513	60.000000
13.901000	60.942084	-1.884167	0.398115	-0.000000	-1.486053	60.000000
13.797000	60.904295	-1.808589	0.398605	-0.000000	-1.409985	60.000000
13.695000	60.859616	-1.719231	0.399066	-0.000000	-1.320165	60.000000
13.595000	60.807598	-1.615196	0.399496	-0.000000	-1.215701	60.000000
13.498000	60.752497	-1.504995	0.399887	-0.000000	-1.105107	60.000000
13.396000	60.698003	-1.396007	0.400271	-0.000000	-0.995736	60.000000
13.298000	60.640363	-1.280726	0.400613	-0.000000	-0.880113	60.000000
13.199000	60.568132	-1.136264	0.400930	-0.000000	-0.735334	60.000000
13.095000	60.478086	-0.956172	0.401226	-0.000000	-0.554947	60.000000
12.995000	60.396587	-0.793173	0.401465	-0.000000	-0.391709	60.000000
12.897000	60.293469	-0.586938	0.401659	-0.000000	-0.185279	60.000000
12.796000	60.193014	-0.386028	0.401807	-0.000000	0.015779	60.000000
12.698000	60.086567	-0.173134	0.401902	-0.000000	0.228768	60.000000
12.598000	59.974447	0.051107	0.401945	-0.000000	0.453052	60.000000
12.495000	59.860790	0.278420	0.401932	-0.000000	0.680352	60.000000
12.397000	59.746101	0.507799	0.401864	-0.000000	0.909662	60.000000
12.297000	59.623089	0.753822	0.401737	-0.000000	1.155559	60.000000
12.196000	59.504114	0.991772	0.401546	-0.000000	1.393319	60.000000
12.096000	59.384115	1.231769	0.401298	-0.000000	1.633067	60.000000
11.998000	59.265863	1.468274	0.400997	-0.000000	1.869270	60.000000
11.910000	59.175261	1.649477	0.400674	-0.000000	2.050151	60.000000
11.830000	59.092270	1.815459	0.400344	-0.000000	2.215803	60.000000
11.749000	59.001244	1.997513	0.399976	-0.000000	2.397489	60.000000
11.667000	58.896340	2.207320	0.399567	-0.000000	2.606887	60.000000
11.495000	58.703298	2.593404	0.398617	-0.000000	2.992021	60.000000
11.400000	58.585598	2.828804	0.398001	-0.000000	3.226805	60.000000
11.299000	58.472958	3.054084	0.397287	-0.000000	3.451371	60.000000
11.193000	58.350186	3.299627	0.396478	-0.000000	3.696105	60.000000
11.095000	58.227409	3.545181	0.395669	-0.000000	3.940851	60.000000
10.994000	58.110255	3.779489	0.394774	-0.000000	4.174264	60.000000
10.895000	57.993937	4.012127	0.393839	-0.000000	4.405965	60.000000
10.797000	57.871400	4.257201	0.392856	-0.000000	4.650056	60.000000
10.697000	57.754242	4.491517	0.391792	-0.000000	4.883308	60.000000
10.599000	57.646919	4.706163	0.390691	-0.000000	5.096854	60.000000
10.497000	57.521788	4.956424	0.389491	-0.000000	5.345915	60.000000
10.396000	57.397566	5.204869	0.388240	-0.000000	5.593109	60.000000
10.295000	57.284148	5.431705	0.386925	-0.000000	5.818630	60.000000
10.201000	57.162883	5.674233	0.385649	-0.000000	6.059882	60.000000
10.098000	57.037871	5.924259	0.384188	-0.000000	6.308446	60.000000
9.998000	56.928684	6.142632	0.382707	-0.000000	6.525339	60.000000
9.895000	56.807959	6.384083	0.381125	-0.000000	6.765208	60.000000
9.798000	56.698285	6.603430	0.379577	-0.000000	6.983007	60.000000
9.696000	56.576708	6.846584	0.377893	-0.000000	7.224477	60.000000
9.596000	56.468064	7.063872	0.376181	-0.000000	7.440053	60.000000
9.495000	56.354527	7.290946	0.374398	-0.000000	7.665344	60.000000
9.396000	56.233323	7.533354	0.372593	-0.000000	7.905948	60.000000
9.298000	56.120925	7.758149	0.370748	-0.000000	8.128897	60.000000
9.196000	55.996463	8.007075	0.368769	-0.000000	8.375844	60.000000
9.096000	55.880086	8.239827	0.366767	-0.000000	8.606595	60.000000
8.995000	55.754833	8.490335	0.364687	-0.000000	8.855022	60.000000
8.897000	55.640631	8.718737	0.362607	-0.000000	9.081344	60.000000
8.799000	55.523893	8.952214	0.360471	-0.000000	9.312684	60.000000
8.696000	55.406790	9.186420	0.358165	-0.000000	9.544585	60.000000
8.595000	55.291615	9.416769	0.355846	-0.000000	9.772615	60.000000
8.502000	55.181405	9.637190	0.353657	-0.000000	9.990846	60.000000
8.395000	55.059898	9.880204	0.351079	-0.000000	10.231282	60.000000
8.296000	54.935012	10.129977	0.348633	-0.000000	10.478610	60.000000
8.200000	54.826057	10.347887	0.346202	-0.000000	10.694089	60.000000
8.098000	54.715232	10.569535	0.343563	-0.000000	10.913099	60.000000
7.997000	54.608211	10.783578	0.340895	-0.000000	11.124472	60.000000
7.897000	54.490326	11.019348	0.338199	-0.000000	11.357546	60.000000
7.795000	54.364593	11.270813	0.335389	-0.000000	11.606202	60.000000
7.694000	54.248461	11.503077	0.332543	-0.000000	11.835620	60.000000
7.598000	54.130572	11.738855	0.329782	-0.000000	12.068637	60.000000
7.501000	54.026209	11.947582	0.326935	-0.000000	12.274517	60.000000
7.395000	53.910611	12.178779	0.323769	-0.000000	12.502548	60.000000
7.295000	53.793035	12.413929	0.320725	-0.000000	12.734654	60.000000
7.198000	53.679493	12.641014	0.317714	-0.000000	12.958729	60.000000
7.096000	53.562215	12.875569	0.314491	-0.000000	13.190060	60.000000
6.996000	53.445236	13.109529	0.311272	-0.000000	13.420801	60.000000
6.900000	53.327046	13.345907	0.308126	-0.000000	13.654033	60.000000
6.794000	53.206686	13.586628	0.304589	-0.000000	13.891217	60.000000
6.695000	53.086623	13.826754	0.301226	-0.000000	14.127980	60.000000
6.597000	52.967537	14.064927	0.297839	-0.000000	14.362766	60.000000
6.496000	52.850912	14.298176	0.294287	-0.000000	14.592463	60.000000
6.396000	52.738222	14.523555	0.290713	-0.000000	14.814268	60.000000
6.297000	52.623651	14.752698	0.287118	-0.000000	15.039816	60.000000
6.196000	52.505164	14.989672	0.283393	-0.000000	15.273065	60.000000
6.096000	52.384076	15.231849	0.279646	-0.000000	15.511495	60.000000
5.997000	52.264439	15.471122	0.275876	-0.000000	15.746997	60.000000
5.898000	52.144870	15.710260	0.272047	-0.000000	15.982307	60.000000
5.794000	52.031024	15.937952	0.267962	-0.000000	16.205914	60.000000
5.697000	51.921955	16.156090	0.264097	-0.000000	16.420187	60.000000
5.596000	51.813602	16.372795	0.260018	-0.000000	16.632813	60.000000
5.498000	51.706290	16.587420	0.256006	-0.000000	16.843426	60.000000
5.395000	51.594794	16.810412	0.251735	-0.000000	17.062147	60.000000
5.303000	51.494722	17.010556	0.247869	-0.000000	17.258425	60.000000
5.222000	51.409725	17.180551	0.244424	-0.000000	17.424975	60.000000
5.142000	51.325648	17.348703	0.240988	-0.000000	17.589691	60.000000
5.039000	51.221761	17.556478	0.236521	-0.000000	17.792998	60.000000
4.961000	51.141543	17.716913	0.233097	-0.000000	17.950011	60.000000
4.795000	50.977784	18.044432	0.225745	-0.000000	18.270176	60.000000
4.697000	50.875776	18.248448	0.221324	-0.000000	18.469772	60.000000
4.600000	50.774191	18.451618	0.216898	-0.000000	18.668516	60.000000
4.498000	50.673143	18.653714	0.212193	-0.000000	18.865907	60.000000
4.396000	50.568533	18.862934	0.207437	-0.000000	19.070371	60.000000
4.294000	50.470632	19.058736	0.202627	-0.000000	19.261362	60.000000
4.197000	50.375495	19.249010	0.198005	-0.000000	19.447015	60.000000
4.099000	50.275601	19.448797	0.193289	-0.000000	19.642086	60.000000
4.000000	50.180896	19.638207	0.188475	-0.000000	19.826683	60.000000
3.894000	50.083414	19.833172	0.183271	-0.000000	20.016443	60.000000
3.795000	49.993967	20.012066	0.178362	-0.000000	20.190429	60.000000
3.699000	49.911513	20.176974	0.173559	-0.000000	20.350533	60.000000
3.619000	49.850605	20.298791	0.169524	-0.000000	20.468315	60.000000
3.520000	49.768082	20.463837	0.164500	-0.000000	20.628337	60.000000
3.441000	49.708319	20.583362	0.160459	-0.000000	20.743821	60.000000
3.363000	49.646199	20.707602	0.156445	-0.000000	20.864047	60.000000
3.196000	49.519330	20.961340	0.147799	-0.000000	21.109139	60.000000
3.098000	49.446137	21.107727	0.142664	-0.000000	21.250391	60.000000
2.993000	49.380105	21.239790	0.137123	-0.000000	21.376913	60.000000
2.895000	49.324136	21.351727	0.131919	-0.000000	21.483647	60.000000
2.797000	49.263280	21.473440	0.126688	-0.000000	21.600128	60.000000
2.696000	49.210073	21.579855	0.121266	-0.000000	21.701121	60.000000
2.595000	49.158189	21.683622	0.115817	-0.000000	21.799439	60.000000
2.497000	49.106607	21.786785	0.110505	-0.000000	21.897290	60.000000
2.394000	49.057853	21.884295	0.104895	-0.000000	21.989189	60.000000
2.297000	49.006993	21.986013	0.099588	-0.000000	22.085601	60.000000
2.200000	48.966607	22.066786	0.094256	-0.000000	22.161042	60.000000
2.098000	48.933800	22.132400	0.088629	-0.000000	22.221029	60.000000
1.995000	48.904733	22.190534	0.082930	-0.000000	22.273464	60.000000
1.897000	48.886436	22.227128	0.077493	-0.000000	22.304621	60.000000
1.798000	48.869999	22.260002	0.071992	-0.000000	22.331994	60.000000
1.696000	48.856041	22.287917	0.066316	-0.000000	22.354233	60.000000
1.597000	48.841531	22.316938	0.060799	-0.000000	22.377737	60.000000
1.495000	48.831782	22.336437	0.055109	0.000000	22.391545	60.000000
1.395000	48.838588	22.322824	0.049525	0.000000	22.372348	60.000000
1.300000	48.853455	22.293090	0.044223	0.000000	22.337313	60.000000
1.199000	48.880052	22.239896	0.038594	0.000000	22.278489	60.000000
1.096000	48.913944	22.172113	0.032867	0.000000	22.204980	60.000000
0.995000	48.958964	22.082073	0.027269	0.000000	22.109342	60.000000
0.894000	49.004641	21.990718	0.021693	0.000000	22.012410	60.000000
0.795000	49.043829	21.912341	0.016250	0.000000	21.928591	60.000000
0.696000	49.095658	21.808683	0.010827	0.000000	21.819510	60.000000
0.598000	49.141094	21.717812	0.005484	0.000000	21.723296	60.000000
0.497000	49.190510	0.000000	0.000000	0.000000	0.000000	60.000000
0.397000	49.248418	0.000000	0.000000	0.000000	0.000000	60.000000
0.296000	49.298669	0.000000	0.000000	0.000000	0.000000	60.000000
0.197000	49.345074	0.000000	0.000000	0.000000	0.000000	60.000000
0.097000	49.390157	0.000000	0.000000	0.000000	0.000000	60.000000
