Zeit (s)	Istwert	P	I	D	Regelausgang	Sollwert
95.793000	59.981150	0.037699	0.810008	0.000000	0.847708	60.000000
95.693000	59.991105	0.017790	0.809990	0.000000	0.827780	60.000000
95.596000	59.998355	0.003291	0.809981	0.000000	0.813272	60.000000
95.493000	60.008823	-0.017647	0.809979	0.000000	0.792333	60.000000
95.392000	60.012820	-0.025640	0.809988	0.000000	0.784348	60.000000
95.294000	60.015850	-0.031699	0.810001	0.000000	0.778302	60.000000
95.198000	60.016332	-0.032665	0.810016	0.000000	0.777351	60.000000
95.091000	60.019962	-0.039924	0.810033	-0.000000	0.770110	60.000000
94.995000	60.015485	-0.030970	0.810053	-0.000000	0.779083	60.000000
94.893000	60.013060	-0.026119	0.810068	0.000000	0.783949	60.000000
94.792000	60.016326	-0.032651	0.810082	-0.000000	0.777430	60.000000
94.692000	60.015546	-0.031091	0.810098	0.000000	0.779007	60.000000
94.592000	60.019476	-0.038953	0.810113	0.000000	0.771161	60.000000
94.493000	60.026985	-0.053971	0.810133	0.000000	0.756162	60.000000
94.393000	60.030445	-0.060891	0.810160	-0.000000	0.749269	60.000000
94.296000	60.030383	-0.060767	0.810189	0.000000	0.749422	60.000000
94.190000	60.034188	-0.068375	0.810221	-0.000000	0.741846	60.000000
94.091000	60.030860	-0.061719	0.810255	-0.000000	0.748536	60.000000
93.993000	60.027170	-0.054339	0.810286	0.000000	0.755946	60.000000
93.893000	60.027532	-0.055063	0.810313	-0.000000	0.755250	60.000000
93.793000	60.025103	-0.050207	0.810340	0.000000	0.760133	60.000000
93.694000	60.027659	-0.055319	0.810365	0.000000	0.755046	60.000000
93.590000	60.030258	-0.060517	0.810394	0.000000	0.749877	60.000000
93.492000	60.030566	-0.061133	0.810424	-0.000000	0.749291	60.000000
93.393000	60.023720	-0.047441	0.810454	-0.000000	0.763013	60.000000
93.289000	60.015005	-0.030009	0.810478	-0.000000	0.780469	60.000000
93.191000	60.000040	-8.072347E-5	0.810493	-0.000000	0.810412	60.000000
93.094000	59.980611	0.038777	0.810493	-0.000000	0.849271	60.000000
92.991000	59.979154	0.041693	0.810473	0.000000	0.852166	60.000000
92.894000	59.988513	0.022975	0.810453	-0.000000	0.833428	60.000000
92.794000	59.987675	0.024651	0.810442	-0.000000	0.835092	60.000000
92.691000	59.976077	0.047845	0.810429	-0.000000	0.858274	60.000000
92.593000	59.964487	0.071027	0.810405	-0.000000	0.881432	60.000000
92.492000	59.958095	0.083809	0.810370	-0.000000	0.894179	60.000000
92.394000	59.955070	0.089860	0.810328	-0.000000	0.900188	60.000000
92.292000	59.949038	0.101924	0.810283	-0.000000	0.912207	60.000000
92.194000	59.944442	0.111115	0.810233	0.000000	0.921348	60.000000
92.093000	59.947405	0.105191	0.810177	-0.000000	0.915367	60.000000
91.992000	59.945357	0.109286	0.810123	-0.000000	0.919410	60.000000
91.897000	59.935337	0.129327	0.810072	0.000000	0.939398	60.000000
91.789000	59.951693	0.096613	0.810002	0.000000	0.906615	60.000000
91.691000	59.958397	0.083206	0.809954	0.000000	0.893160	60.000000
91.595000	59.968114	0.063772	0.809914	0.000000	0.873686	60.000000
91.496000	59.988212	0.023575	0.809883	0.000000	0.833458	60.000000
91.393000	59.991168	0.017664	0.809871	0.000000	0.827535	60.000000
91.291000	59.998780	0.002441	0.809862	-0.000000	0.812302	60.000000
91.191000	59.995998	0.008003	0.809860	-0.000000	0.817864	60.000000
91.093000	59.983985	0.032029	0.809857	-0.000000	0.841886	60.000000
90.996000	59.972089	0.055822	0.809841	0.000000	0.865663	60.000000
90.896000	59.972274	0.055452	0.809813	-0.000000	0.865265	60.000000
90.792000	59.971010	0.057981	0.809784	0.000000	0.867765	60.000000
90.692000	59.971073	0.057855	0.809755	-0.000000	0.867610	60.000000
90.592000	59.965817	0.068366	0.809726	-0.000000	0.878092	60.000000
90.495000	59.961050	0.077901	0.809693	-0.000000	0.887594	60.000000
90.393000	59.953384	0.093231	0.809653	-0.000000	0.902885	60.000000
90.302000	59.946562	0.106875	0.809611	0.000000	0.916486	60.000000
90.208000	59.949100	0.101801	0.809561	0.000000	0.911361	60.000000
90.093000	59.954585	0.090831	0.809502	0.000000	0.900333	60.000000
89.994000	59.956399	0.087202	0.809457	-0.000000	0.896659	60.000000
89.891000	59.956099	0.087803	0.809412	0.000000	0.897215	60.000000
89.791000	59.957487	0.085027	0.809369	0.000000	0.894395	60.000000
89.697000	59.957729	0.084541	0.809329	0.000000	0.893870	60.000000
89.592000	59.958758	0.082484	0.809284	0.000000	0.891768	60.000000
89.493000	59.963525	0.072950	0.809243	-0.000000	0.882193	60.000000
89.393000	59.962794	0.074411	0.809207	-0.000000	0.883618	60.000000
89.295000	59.957728	0.084544	0.809170	-0.000000	0.893715	60.000000
89.192000	59.955313	0.089375	0.809127	0.000000	0.898501	60.000000
89.092000	59.959298	0.081403	0.809082	0.000000	0.890486	60.000000
88.996000	59.964489	0.071021	0.809043	0.000000	0.880064	60.000000
88.892000	59.973729	0.052542	0.809006	0.000000	0.861548	60.000000
88.792000	59.983196	0.033609	0.808980	0.000000	0.842589	60.000000
88.695000	59.989780	0.020440	0.808964	-0.000000	0.829404	60.000000
88.601000	59.985617	0.028765	0.808954	-0.000000	0.837719	60.000000
88.505000	59.984655	0.030691	0.808940	0.000000	0.839631	60.000000
88.392000	59.992793	0.014413	0.808923	0.000000	0.823336	60.000000
88.291000	59.992859	0.014282	0.808916	0.000000	0.823198	60.000000
88.192000	59.993106	0.013789	0.808909	-0.000000	0.822697	60.000000
88.099000	59.992315	0.015371	0.808902	0.000000	0.824273	60.000000
87.992000	60.001250	-0.002499	0.808894	-0.000000	0.806394	60.000000
87.890000	60.000895	-0.001789	0.808895	-0.000000	0.807106	60.000000
87.793000	59.996248	0.007504	0.808896	-0.000000	0.816400	60.000000
87.693000	59.981875	0.036251	0.808892	-0.000000	0.845143	60.000000
87.591000	59.978678	0.042645	0.808874	-0.000000	0.851519	60.000000
87.495000	59.969564	0.060872	0.808853	0.000000	0.869725	60.000000
87.392000	59.974211	0.051579	0.808822	0.000000	0.860401	60.000000
87.290000	59.977949	0.044101	0.808796	-0.000000	0.852897	60.000000
87.193000	59.977527	0.044946	0.808774	0.000000	0.853720	60.000000
87.093000	59.978007	0.043986	0.808752	-0.000000	0.852738	60.000000
86.990000	59.970343	0.059314	0.808729	0.000000	0.868043	60.000000
86.894000	59.974813	0.050375	0.808701	0.000000	0.859075	60.000000
86.799000	59.975479	0.049042	0.808677	-0.000000	0.857718	60.000000
86.702000	59.968773	0.062455	0.808653	-0.000000	0.871108	60.000000
86.610000	59.959537	0.080926	0.808624	-0.000000	0.889550	60.000000
86.516000	59.956402	0.087197	0.808586	0.000000	0.895783	60.000000
86.424000	59.957790	0.084421	0.808546	-0.000000	0.892967	60.000000
86.328000	59.952055	0.095889	0.808506	-0.000000	0.904395	60.000000
86.233000	59.948256	0.103488	0.808460	0.000000	0.911948	60.000000
86.140000	59.954294	0.091413	0.808412	-0.000000	0.899825	60.000000
86.045000	59.951748	0.096503	0.808368	0.000000	0.904872	60.000000
85.949000	59.952843	0.094315	0.808322	0.000000	0.902637	60.000000
85.858000	59.953927	0.092145	0.808279	-0.000000	0.900424	60.000000
85.693000	59.947651	0.104697	0.808203	-0.000000	0.912900	60.000000
85.591000	59.940521	0.118958	0.808150	-0.000000	0.927108	60.000000
85.492000	59.933522	0.132955	0.808091	0.000000	0.941046	60.000000
85.390000	59.934128	0.131743	0.808023	0.000000	0.939766	60.000000
85.298000	59.937083	0.125835	0.807963	0.000000	0.933797	60.000000
85.205000	59.940404	0.119191	0.807904	0.000000	0.927095	60.000000
85.094000	59.943427	0.113146	0.807838	0.000000	0.920984	60.000000
84.997000	59.944330	0.111341	0.807783	0.000000	0.919124	60.000000
84.891000	59.949341	0.101318	0.807724	0.000000	0.909042	60.000000
84.792000	59.952053	0.095895	0.807674	0.000000	0.903568	60.000000
84.694000	59.954767	0.090466	0.807627	0.000000	0.898093	60.000000
84.596000	59.966183	0.067634	0.807582	0.000000	0.875216	60.000000
84.493000	59.974264	0.051472	0.807548	-0.000000	0.859019	60.000000
84.392000	59.973485	0.053030	0.807522	0.000000	0.860552	60.000000
84.292000	59.974263	0.051474	0.807495	0.000000	0.858969	60.000000
84.191000	59.978431	0.043138	0.807469	0.000000	0.850608	60.000000
84.093000	59.979457	0.041087	0.807448	0.000000	0.848535	60.000000
83.998000	59.984351	0.031297	0.807429	0.000000	0.838726	60.000000
83.892000	59.986464	0.027073	0.807412	0.000000	0.834485	60.000000
83.791000	59.992740	0.014521	0.807398	0.000000	0.821919	60.000000
83.692000	59.998115	0.003771	0.807391	0.000000	0.811162	60.000000
83.592000	60.002343	-0.004687	0.807389	0.000000	0.802702	60.000000
83.495000	60.004520	-0.009040	0.807391	0.000000	0.798351	60.000000
83.392000	60.005187	-0.010374	0.807396	0.000000	0.797022	60.000000
83.292000	60.005732	-0.011464	0.807401	-0.000000	0.795937	60.000000
83.193000	60.002705	-0.005411	0.807407	-0.000000	0.801996	60.000000
83.096000	60.002466	-0.004932	0.807410	-0.000000	0.802478	60.000000
82.994000	59.999378	0.001244	0.807412	-0.000000	0.808657	60.000000
82.893000	59.996237	0.007526	0.807411	0.000000	0.814937	60.000000
82.796000	59.997079	0.005842	0.807408	0.000000	0.813249	60.000000
82.693000	60.003858	-0.007716	0.807405	-0.000000	0.799689	60.000000
82.594000	60.002588	-0.005176	0.807409	-0.000000	0.802232	60.000000
82.491000	59.997086	0.005828	0.807411	0.000000	0.813239	60.000000
82.395000	59.997451	0.005099	0.807409	0.000000	0.812507	60.000000
82.293000	60.004223	-0.008445	0.807406	0.000000	0.798961	60.000000
82.194000	60.007731	-0.015462	0.807410	0.000000	0.791948	60.000000
82.101000	60.011241	-0.022482	0.807417	0.000000	0.784936	60.000000
81.992000	60.011425	-0.022850	0.807430	-0.000000	0.784579	60.000000
81.892000	60.004524	-0.009048	0.807441	-0.000000	0.798393	60.000000
81.800000	59.995455	0.009090	0.807445	-0.000000	0.816535	60.000000
81.706000	59.991113	0.017774	0.807441	-0.000000	0.825215	60.000000
81.609000	59.984769	0.030463	0.807432	-0.000000	0.837895	60.000000
81.452000	59.982662	0.034676	0.807408	0.000000	0.842085	60.000000
81.359000	59.983330	0.033341	0.807392	0.000000	0.840733	60.000000
81.197000	59.984896	0.030208	0.807365	0.000000	0.837573	60.000000
81.095000	59.985919	0.028162	0.807350	0.000000	0.835511	60.000000
80.992000	59.989477	0.021046	0.807335	-0.000000	0.828381	60.000000
80.891000	59.987909	0.024182	0.807325	-0.000000	0.831506	60.000000
80.793000	59.971492	0.057015	0.807313	-0.000000	0.864328	60.000000
80.693000	59.960085	0.079829	0.807284	-0.000000	0.887113	60.000000
80.596000	59.949279	0.101441	0.807246	-0.000000	0.908687	60.000000
80.498000	59.943909	0.112183	0.807196	-0.000000	0.919379	60.000000
80.395000	59.942825	0.114350	0.807138	0.000000	0.921488	60.000000
80.303000	59.946015	0.107969	0.807085	-0.000000	0.915055	60.000000
80.211000	59.941251	0.117499	0.807036	0.000000	0.924535	60.000000
80.092000	59.943784	0.112432	0.806966	-0.000000	0.919398	60.000000
79.994000	59.936904	0.126191	0.806911	-0.000000	0.933102	60.000000
79.895000	59.933524	0.132953	0.806848	-0.000000	0.939801	60.000000
79.794000	59.927123	0.145754	0.806781	0.000000	0.952535	60.000000
79.694000	59.928514	0.142973	0.806708	0.000000	0.949681	60.000000
79.597000	59.934727	0.130547	0.806639	-0.000000	0.937186	60.000000
79.493000	59.934008	0.131985	0.806571	0.000000	0.938556	60.000000
79.394000	59.934669	0.130662	0.806506	0.000000	0.937168	60.000000
79.294000	59.942278	0.115444	0.806440	0.000000	0.921885	60.000000
79.195000	59.949702	0.100596	0.806383	0.000000	0.906980	60.000000
79.092000	59.952113	0.095774	0.806331	-0.000000	0.902105	60.000000
78.996000	59.950843	0.098314	0.806286	-0.000000	0.904599	60.000000
78.894000	59.944930	0.110139	0.806235	-0.000000	0.916374	60.000000
78.794000	59.940890	0.118220	0.806180	0.000000	0.924400	60.000000
78.695000	59.941678	0.116643	0.806122	0.000000	0.922765	60.000000
78.590000	59.945360	0.109281	0.806061	0.000000	0.915341	60.000000
78.492000	59.961350	0.077300	0.806007	0.000000	0.883307	60.000000
78.399000	59.984588	0.030825	0.805971	0.000000	0.836796	60.000000
78.297000	60.010335	-0.020671	0.805955	0.000000	0.785284	60.000000
78.194000	60.025414	-0.050828	0.805966	-0.000000	0.755138	60.000000
78.094000	60.018821	-0.037642	0.805991	0.000000	0.768349	60.000000
77.993000	60.020809	-0.041619	0.806010	0.000000	0.764392	60.000000
77.894000	60.024261	-0.048523	0.806031	-0.000000	0.757508	60.000000
77.796000	60.022083	-0.044167	0.806055	-0.000000	0.761888	60.000000
77.698000	60.019178	-0.038355	0.806076	-0.000000	0.767721	60.000000
77.591000	60.016755	-0.033510	0.806097	-0.000000	0.772587	60.000000
77.491000	60.010642	-0.021284	0.806114	-0.000000	0.784829	60.000000
77.392000	60.003790	-0.007579	0.806124	-0.000000	0.798545	60.000000
77.294000	60.003434	-0.006869	0.806128	-0.000000	0.799259	60.000000
77.195000	60.002405	-0.004811	0.806131	0.000000	0.801321	60.000000
77.094000	60.004344	-0.008688	0.806134	0.000000	0.797446	60.000000
77.000000	60.005191	-0.010383	0.806138	0.000000	0.795755	60.000000
76.906000	60.009433	-0.018866	0.806143	0.000000	0.787277	60.000000
76.812000	60.014994	-0.029988	0.806152	0.000000	0.776164	60.000000
76.717000	60.022202	-0.044403	0.806166	-0.000000	0.761762	60.000000
76.621000	60.020322	-0.040645	0.806187	-0.000000	0.765542	60.000000
76.532000	60.012394	-0.024787	0.806205	-0.000000	0.781418	60.000000
76.439000	60.009127	-0.018255	0.806217	-0.000000	0.787962	60.000000
76.347000	60.003733	-0.007466	0.806225	-0.000000	0.798759	60.000000
76.253000	60.000340	-0.000681	0.806229	0.000000	0.805548	60.000000
76.162000	60.003617	-0.007235	0.806229	0.000000	0.798994	60.000000
76.070000	60.003792	-0.007584	0.806232	-0.000000	0.798648	60.000000
75.981000	59.994907	0.010186	0.806236	-0.000000	0.816422	60.000000
75.892000	59.989364	0.021271	0.806231	-0.000000	0.827503	60.000000
75.751000	59.984891	0.030219	0.806216	-0.000000	0.836435	60.000000
75.629000	59.977593	0.044815	0.806198	-0.000000	0.851012	60.000000
75.537000	59.975833	0.048334	0.806177	-0.000000	0.854511	60.000000
75.426000	59.971185	0.057630	0.806150	0.000000	0.863780	60.000000
75.313000	59.972581	0.054838	0.806118	-0.000000	0.860955	60.000000
75.194000	59.968655	0.062691	0.806085	-0.000000	0.868776	60.000000
75.035000	59.946931	0.106137	0.806035	-0.000000	0.912173	60.000000
74.924000	59.942637	0.114725	0.805976	-0.000000	0.920702	60.000000
74.768000	59.929181	0.141637	0.805887	-0.000000	0.947524	60.000000
74.674000	59.921206	0.157588	0.805820	0.000000	0.963408	60.000000
74.580000	59.922236	0.155528	0.805746	0.000000	0.961274	60.000000
74.486000	59.922537	0.154927	0.805673	-0.000000	0.960600	60.000000
74.383000	59.919459	0.161082	0.805593	0.000000	0.966676	60.000000
74.254000	59.922963	0.154074	0.805489	0.000000	0.959564	60.000000
74.130000	59.927372	0.145255	0.805394	0.000000	0.950649	60.000000
74.022000	59.931115	0.137770	0.805315	0.000000	0.943085	60.000000
73.929000	59.935640	0.128720	0.805251	0.000000	0.933972	60.000000
73.818000	59.935697	0.128605	0.805180	-0.000000	0.933785	60.000000
73.715000	59.929487	0.141026	0.805114	0.000000	0.946140	60.000000
73.614000	59.930206	0.139588	0.805043	0.000000	0.944631	60.000000
73.498000	59.930934	0.138132	0.804962	0.000000	0.943093	60.000000
73.408000	59.931652	0.136697	0.804899	0.000000	0.941596	60.000000
73.315000	59.932015	0.135970	0.804836	0.000000	0.940806	60.000000
73.221000	59.938775	0.122450	0.804772	0.000000	0.927222	60.000000
73.117000	59.947354	0.105293	0.804708	0.000000	0.910001	60.000000
73.002000	59.949097	0.101806	0.804648	0.000000	0.906454	60.000000
72.897000	59.954357	0.091287	0.804594	-0.000000	0.895881	60.000000
72.787000	59.952778	0.094444	0.804544	-0.000000	0.898988	60.000000
72.675000	59.951813	0.096375	0.804491	0.000000	0.900866	60.000000
72.564000	59.954045	0.091909	0.804438	0.000000	0.896347	60.000000
72.455000	59.968169	0.063662	0.804388	0.000000	0.868049	60.000000
72.355000	59.982593	0.034813	0.804356	0.000000	0.839169	60.000000
72.239000	59.995272	0.009457	0.804336	0.000000	0.813793	60.000000
72.133000	60.005739	-0.011478	0.804331	0.000000	0.792853	60.000000
72.041000	60.008763	-0.017526	0.804336	0.000000	0.786810	60.000000
71.937000	60.022387	-0.044775	0.804345	0.000000	0.759570	60.000000
71.822000	60.038190	-0.076380	0.804371	0.000000	0.727991	60.000000
71.734000	60.051081	-0.102162	0.804404	0.000000	0.702242	60.000000
71.633000	60.056294	-0.112588	0.804456	-0.000000	0.691868	60.000000
71.543000	60.054475	-0.108950	0.804507	-0.000000	0.695556	60.000000
71.433000	60.047094	-0.094188	0.804567	-0.000000	0.710379	60.000000
71.340000	60.039707	-0.079414	0.804610	0.000000	0.725196	60.000000
71.227000	60.041517	-0.083033	0.804655	-0.000000	0.721622	60.000000
71.128000	60.030683	-0.061367	0.804696	-0.000000	0.743329	60.000000
71.027000	60.023657	-0.047315	0.804727	-0.000000	0.757413	60.000000
70.924000	60.014636	-0.029272	0.804752	-0.000000	0.775479	60.000000
70.815000	60.004952	-0.009904	0.804768	-0.000000	0.794864	60.000000
70.719000	59.996598	0.006804	0.804772	-0.000000	0.811577	60.000000
70.620000	59.987367	0.025265	0.804769	-0.000000	0.830034	60.000000
70.526000	59.979520	0.040961	0.804757	-0.000000	0.845718	60.000000
70.409000	59.970106	0.059789	0.804733	-0.000000	0.864522	60.000000
70.299000	59.969445	0.061111	0.804700	0.000000	0.865811	60.000000
70.202000	59.971310	0.057380	0.804671	-0.000000	0.862051	60.000000
70.076000	59.968653	0.062693	0.804634	0.000000	0.867328	60.000000
69.928000	59.971192	0.057616	0.804588	-0.000000	0.862204	60.000000
69.836000	59.967748	0.064504	0.804562	-0.000000	0.869065	60.000000
69.738000	59.964791	0.070418	0.804530	-0.000000	0.874948	60.000000
69.646000	59.959963	0.080073	0.804498	-0.000000	0.884571	60.000000
69.548000	59.954649	0.090702	0.804458	-0.000000	0.895160	60.000000
69.445000	59.947883	0.104233	0.804412	0.000000	0.908645	60.000000
69.352000	59.950548	0.098904	0.804363	0.000000	0.903267	60.000000
69.260000	59.950606	0.098789	0.804318	0.000000	0.903106	60.000000
69.153000	59.951088	0.097823	0.804265	0.000000	0.902088	60.000000
69.062000	59.954834	0.090332	0.804220	-0.000000	0.894552	60.000000
68.954000	59.951630	0.096739	0.804172	0.000000	0.900911	60.000000
68.844000	59.955074	0.089852	0.804118	0.000000	0.893970	60.000000
68.748000	59.957133	0.085735	0.804075	0.000000	0.889810	60.000000
68.651000	59.968651	0.062699	0.804034	0.000000	0.866732	60.000000
68.561000	59.975235	0.049530	0.804005	0.000000	0.853535	60.000000
68.457000	59.980602	0.038796	0.803980	0.000000	0.842776	60.000000
68.366000	59.985132	0.029736	0.803962	0.000000	0.833698	60.000000
68.275000	59.986041	0.027918	0.803948	-0.000000	0.831866	60.000000
68.171000	59.983323	0.033354	0.803934	-0.000000	0.837288	60.000000
68.055000	59.976439	0.047121	0.803915	-0.000000	0.851036	60.000000
67.964000	59.971557	0.056887	0.803893	-0.000000	0.860780	60.000000
67.869000	59.960630	0.078740	0.803866	0.000000	0.882606	60.000000
67.732000	59.965753	0.068495	0.803812	0.000000	0.872307	60.000000
67.611000	59.984955	0.030090	0.803771	0.000000	0.833861	60.000000
67.485000	60.000339	-0.000678	0.803752	0.000000	0.803074	60.000000
67.355000	60.018144	-0.036289	0.803752	0.000000	0.767463	60.000000
67.264000	60.023708	-0.047417	0.803769	0.000000	0.756352	60.000000
67.169000	60.032676	-0.065351	0.803791	0.000000	0.738440	60.000000
67.075000	60.034980	-0.069960	0.803822	-0.000000	0.733862	60.000000
66.971000	60.032253	-0.064507	0.803858	-0.000000	0.739352	60.000000
66.858000	60.021726	-0.043451	0.803895	-0.000000	0.760444	60.000000
66.762000	60.013729	-0.027459	0.803916	-0.000000	0.776457	60.000000
66.658000	60.002530	-0.005061	0.803930	-0.000000	0.798869	60.000000
66.535000	59.982174	0.035653	0.803933	-0.000000	0.839586	60.000000
66.419000	59.965942	0.068116	0.803912	-0.000000	0.872029	60.000000
66.329000	59.951937	0.096125	0.803882	-0.000000	0.900007	60.000000
66.235000	59.942455	0.115090	0.803837	-0.000000	0.918927	60.000000
66.140000	59.931775	0.136450	0.803782	-0.000000	0.940232	60.000000
66.047000	59.930387	0.139226	0.803718	0.000000	0.942945	60.000000
65.956000	59.934495	0.131011	0.803655	0.000000	0.934666	60.000000
65.854000	59.946383	0.107234	0.803588	0.000000	0.910823	60.000000
65.764000	59.962196	0.075607	0.803540	-0.000000	0.879147	60.000000
65.668000	59.955679	0.088642	0.803504	-0.000000	0.892146	60.000000
65.579000	59.950844	0.098311	0.803464	0.000000	0.901775	60.000000
65.475000	59.951208	0.097584	0.803413	-0.000000	0.900997	60.000000
65.381000	59.950065	0.099869	0.803367	-0.000000	0.903237	60.000000
65.278000	59.947590	0.104821	0.803316	-0.000000	0.908136	60.000000
65.193000	59.946198	0.107605	0.803271	0.000000	0.910876	60.000000
65.067000	59.956282	0.087435	0.803204	0.000000	0.890639	60.000000
64.943000	59.973182	0.053636	0.803149	0.000000	0.856785	60.000000
64.830000	59.983623	0.032753	0.803119	0.000000	0.835872	60.000000
64.737000	59.992317	0.015366	0.803104	0.000000	0.818469	60.000000
64.629000	59.993280	0.013440	0.803095	0.000000	0.816535	60.000000
64.531000	59.997684	0.004632	0.803089	-0.000000	0.807721	60.000000
64.428000	59.992926	0.014148	0.803086	0.000000	0.817234	60.000000
64.331000	59.996297	0.007405	0.803080	0.000000	0.810485	60.000000
64.237000	60.000646	-0.001291	0.803076	-0.000000	0.801785	60.000000
64.143000	59.994850	0.010299	0.803077	0.000000	0.813376	60.000000
64.055000	59.997385	0.005230	0.803072	-0.000000	0.808302	60.000000
63.943000	59.991956	0.016087	0.803069	0.000000	0.819156	60.000000
63.851000	60.008583	-0.017165	0.803062	0.000000	0.785897	60.000000
63.693000	60.017664	-0.035328	0.803075	0.000000	0.767747	60.000000
63.587000	60.025960	-0.051921	0.803094	-0.000000	0.751174	60.000000
63.476000	60.017964	-0.035928	0.803123	-0.000000	0.767195	60.000000
63.353000	60.001678	-0.003355	0.803145	-0.000000	0.799790	60.000000
63.226000	59.981936	0.036127	0.803147	-0.000000	0.839275	60.000000
63.103000	59.960260	0.079480	0.803125	-0.000000	0.882605	60.000000
62.995000	59.931111	0.137778	0.803082	0.000000	0.940860	60.000000
62.855000	59.944272	0.111456	0.802986	0.000000	0.914442	60.000000
62.743000	59.965820	0.068361	0.802923	-0.000000	0.871284	60.000000
62.626000	59.947163	0.105673	0.802883	0.000000	0.908557	60.000000
62.537000	59.952659	0.094682	0.802836	-0.000000	0.897519	60.000000
62.439000	59.952173	0.095653	0.802790	0.000000	0.898443	60.000000
62.335000	59.954052	0.091896	0.802740	0.000000	0.894636	60.000000
62.226000	59.959353	0.081293	0.802690	0.000000	0.883983	60.000000
62.135000	59.961770	0.076460	0.802653	-0.000000	0.879113	60.000000
62.035000	59.961716	0.076568	0.802615	0.000000	0.879182	60.000000
61.946000	59.972277	0.055446	0.802581	-0.000000	0.858027	60.000000
61.840000	59.960747	0.078507	0.802551	-0.000000	0.881058	60.000000
61.706000	59.955011	0.089978	0.802499	0.000000	0.892477	60.000000
61.615000	59.958271	0.083458	0.802458	0.000000	0.885916	60.000000
61.516000	59.961233	0.077533	0.802416	-0.000000	0.879950	60.000000
61.412000	59.960568	0.078864	0.802376	0.000000	0.881240	60.000000
61.298000	59.962013	0.075975	0.802331	-0.000000	0.878306	60.000000
61.194000	59.961410	0.077179	0.802292	-0.000000	0.879471	60.000000
61.095000	59.956709	0.086583	0.802253	-0.000000	0.888836	60.000000
61.005000	59.953925	0.092150	0.802215	-0.000000	0.894365	60.000000
60.913000	59.953021	0.093958	0.802172	-0.000000	0.896130	60.000000
60.808000	59.947529	0.104941	0.802123	-0.000000	0.907064	60.000000
60.713000	59.941618	0.116764	0.802073	0.000000	0.918837	60.000000
60.628000	59.943062	0.113875	0.802023	-0.000000	0.915899	60.000000
60.539000	59.939198	0.121605	0.801973	-0.000000	0.923578	60.000000
60.454000	59.936121	0.127758	0.801921	0.000000	0.929679	60.000000
60.365000	59.937329	0.125341	0.801864	0.000000	0.927205	60.000000
60.207000	59.940824	0.118352	0.801765	0.000000	0.920117	60.000000
60.096000	59.948976	0.102047	0.801699	0.000000	0.903747	60.000000
59.995000	59.952841	0.094318	0.801648	0.000000	0.895965	60.000000
59.896000	59.956215	0.087570	0.801601	-0.000000	0.889171	60.000000
59.793000	59.953028	0.093945	0.801556	-0.000000	0.895501	60.000000
59.695000	59.949156	0.101688	0.801510	0.000000	0.903198	60.000000
59.594000	59.949761	0.100478	0.801459	-0.000000	0.901937	60.000000
59.497000	59.946324	0.107352	0.801410	-0.000000	0.908762	60.000000
59.393000	59.944633	0.110735	0.801354	-0.000000	0.912089	60.000000
59.293000	59.939623	0.120755	0.801299	-0.000000	0.922054	60.000000
59.194000	59.931531	0.136938	0.801239	0.000000	0.938177	60.000000
59.098000	59.934492	0.131016	0.801173	0.000000	0.932190	60.000000
58.997000	59.935217	0.129565	0.801107	0.000000	0.930672	60.000000
58.895000	59.938050	0.123901	0.801041	-0.000000	0.924942	60.000000
58.793000	59.937150	0.125700	0.800978	0.000000	0.926678	60.000000
58.694000	59.938228	0.123544	0.800916	0.000000	0.924460	60.000000
58.594000	59.941552	0.116895	0.800854	0.000000	0.917749	60.000000
58.495000	59.945900	0.108200	0.800796	0.000000	0.908996	60.000000
58.392000	59.949163	0.101674	0.800740	0.000000	0.902415	60.000000
58.293000	59.957847	0.084305	0.800690	0.000000	0.884995	60.000000
58.193000	59.966123	0.067754	0.800648	0.000000	0.868402	60.000000
58.096000	59.977955	0.044091	0.800615	0.000000	0.844705	60.000000
57.995000	59.981331	0.037337	0.800593	0.000000	0.837930	60.000000
57.895000	59.985373	0.029253	0.800574	0.000000	0.829827	60.000000
57.792000	59.987247	0.025506	0.800559	0.000000	0.826065	60.000000
57.694000	59.994981	0.010039	0.800546	0.000000	0.810585	60.000000
57.595000	60.000346	-0.000691	0.800541	0.000000	0.799850	60.000000
57.496000	60.010335	-0.020671	0.800542	0.000000	0.779871	60.000000
57.393000	60.016151	-0.032302	0.800552	0.000000	0.768251	60.000000
57.295000	60.022085	-0.044169	0.800568	0.000000	0.756399	60.000000
57.196000	60.025290	-0.050581	0.800590	0.000000	0.750009	60.000000
57.094000	60.027049	-0.054097	0.800616	0.000000	0.746519	60.000000
56.994000	60.028262	-0.056524	0.800643	-0.000000	0.744119	60.000000
56.893000	60.023297	-0.046593	0.800672	0.000000	0.754078	60.000000
56.795000	60.025417	-0.050834	0.800694	-0.000000	0.749861	60.000000
56.697000	60.016998	-0.033997	0.800719	-0.000000	0.766723	60.000000
56.596000	60.008217	-0.016433	0.800736	0.000000	0.784303	60.000000
56.494000	60.011550	-0.023100	0.800745	0.000000	0.777644	60.000000
56.392000	60.034071	-0.068141	0.800757	0.000000	0.732615	60.000000
56.294000	60.044364	-0.088729	0.800790	0.000000	0.712061	60.000000
56.193000	60.045272	-0.090545	0.800835	0.000000	0.710290	60.000000
56.095000	60.046970	-0.093940	0.800879	0.000000	0.706939	60.000000
55.998000	60.047093	-0.094185	0.800925	0.000000	0.706740	60.000000
55.893000	60.047212	-0.094425	0.800974	-0.000000	0.706550	60.000000
55.793000	60.040006	-0.080012	0.801021	-0.000000	0.721010	60.000000
55.695000	60.033947	-0.067894	0.801061	-0.000000	0.733167	60.000000
55.596000	60.025230	-0.050460	0.801094	-0.000000	0.750635	60.000000
55.491000	60.017719	-0.035439	0.801121	-0.000000	0.765682	60.000000
55.394000	60.008035	-0.016070	0.801138	-0.000000	0.785068	60.000000
55.294000	60.000157	-0.000315	0.801146	-0.000000	0.800831	60.000000
55.203000	59.995749	0.008502	0.801146	-0.000000	0.809648	60.000000
55.097000	59.994067	0.011865	0.801142	0.000000	0.813007	60.000000
54.992000	59.994730	0.010541	0.801135	-0.000000	0.811676	60.000000
54.893000	59.986342	0.027317	0.801130	-0.000000	0.828447	60.000000
54.799000	59.972817	0.054366	0.801117	-0.000000	0.855483	60.000000
54.694000	59.959298	0.081403	0.801089	-0.000000	0.882492	60.000000
54.594000	59.950308	0.099384	0.801048	0.000000	0.900432	60.000000
54.495000	59.951448	0.097104	0.800999	-0.000000	0.898103	60.000000
54.397000	59.948551	0.102898	0.800951	-0.000000	0.903849	60.000000
54.293000	59.940830	0.118341	0.800898	-0.000000	0.919239	60.000000
54.194000	59.922178	0.155643	0.800839	-0.000000	0.956482	60.000000
54.094000	59.908051	0.183899	0.800761	-0.000000	0.984660	60.000000
53.993000	59.889158	0.221684	0.800668	-0.000000	1.022352	60.000000
53.894000	59.880771	0.238457	0.800559	-0.000000	1.039016	60.000000
53.796000	59.878294	0.243411	0.800442	-0.000000	1.043853	60.000000
53.693000	59.873523	0.252954	0.800317	-0.000000	1.053270	60.000000
53.596000	59.872558	0.254885	0.800194	0.000000	1.055079	60.000000
53.493000	59.874131	0.251739	0.800063	0.000000	1.051801	60.000000
53.393000	59.875940	0.248121	0.799937	0.000000	1.048057	60.000000
53.294000	59.876599	0.246801	0.799814	0.000000	1.046615	60.000000
53.197000	59.880766	0.238468	0.799694	0.000000	1.038162	60.000000
53.095000	59.890306	0.219388	0.799573	0.000000	1.018960	60.000000
52.993000	59.896702	0.206597	0.799461	0.000000	1.006058	60.000000
52.894000	59.900447	0.199106	0.799358	0.000000	0.998464	60.000000
52.794000	59.908778	0.182445	0.799259	0.000000	0.981704	60.000000
52.703000	59.911969	0.176062	0.799176	0.000000	0.975238	60.000000
52.594000	59.920125	0.159749	0.799080	0.000000	0.958829	60.000000
52.495000	59.921031	0.157939	0.799001	0.000000	0.956940	60.000000
52.393000	59.937452	0.125097	0.798920	0.000000	0.924017	60.000000
52.294000	59.949939	0.100122	0.798858	-0.000000	0.898980	60.000000
52.197000	59.948495	0.103010	0.798810	0.000000	0.901820	60.000000
52.093000	59.948618	0.102763	0.798756	0.000000	0.901520	60.000000
51.996000	59.954288	0.091424	0.798706	0.000000	0.890130	60.000000
51.896000	59.962674	0.074653	0.798661	0.000000	0.873313	60.000000
51.795000	59.968227	0.063546	0.798623	0.000000	0.862169	60.000000
51.695000	59.974990	0.050021	0.798591	0.000000	0.848612	60.000000
51.595000	59.978737	0.042527	0.798566	0.000000	0.841093	60.000000
51.492000	59.984229	0.031541	0.798544	0.000000	0.830085	60.000000
51.395000	59.987975	0.024050	0.798529	0.000000	0.822579	60.000000
51.293000	59.994007	0.011986	0.798517	0.000000	0.810503	60.000000
51.195000	60.003861	-0.007722	0.798511	0.000000	0.790789	60.000000
51.094000	60.010825	-0.021650	0.798515	0.000000	0.776865	60.000000
50.994000	60.017243	-0.034486	0.798526	0.000000	0.764039	60.000000
50.894000	60.019967	-0.039935	0.798543	0.000000	0.758608	60.000000
50.795000	60.026556	-0.053112	0.798563	0.000000	0.745450	60.000000
50.695000	60.030623	-0.061246	0.798589	0.000000	0.737343	60.000000
50.596000	60.037161	-0.074321	0.798619	0.000000	0.724298	60.000000
50.492000	60.048116	-0.096233	0.798658	0.000000	0.702426	60.000000
50.393000	60.064351	-0.128701	0.798706	0.000000	0.670005	60.000000
50.295000	60.071069	-0.142137	0.798769	0.000000	0.656632	60.000000
50.194000	60.073616	-0.147233	0.798841	-0.000000	0.651608	60.000000
50.107000	60.073247	-0.146493	0.798905	0.000000	0.652412	60.000000
50.004000	60.075969	-0.151939	0.798980	-0.000000	0.647041	60.000000
49.894000	60.072398	-0.144795	0.799064	0.000000	0.654268	60.000000
49.799000	60.072947	-0.145893	0.799132	-0.000000	0.653239	60.000000
49.694000	60.066220	-0.132441	0.799209	-0.000000	0.666768	60.000000
49.595000	60.056656	-0.113312	0.799275	-0.000000	0.685963	60.000000
49.494000	60.048479	-0.096959	0.799332	-0.000000	0.702373	60.000000
49.393000	60.043341	-0.086681	0.799381	-0.000000	0.712699	60.000000
49.295000	60.038487	-0.076974	0.799423	-0.000000	0.722449	60.000000
49.195000	60.028862	-0.057724	0.799462	-0.000000	0.741738	60.000000
49.098000	60.020325	-0.040650	0.799490	-0.000000	0.758839	60.000000
48.993000	60.008579	-0.017157	0.799511	-0.000000	0.782354	60.000000
48.894000	60.003859	-0.007719	0.799520	0.000000	0.791801	60.000000
48.793000	60.004100	-0.008201	0.799523	-0.000000	0.791323	60.000000
48.695000	59.996782	0.006437	0.799527	-0.000000	0.805964	60.000000
48.595000	59.986221	0.027558	0.799524	-0.000000	0.827083	60.000000
48.496000	59.979152	0.041695	0.799511	-0.000000	0.841206	60.000000
48.397000	59.965696	0.068607	0.799490	-0.000000	0.868097	60.000000
48.295000	59.953559	0.092883	0.799455	-0.000000	0.892338	60.000000
48.195000	59.948975	0.102050	0.799409	-0.000000	0.901459	60.000000
48.097000	59.942150	0.115699	0.799359	-0.000000	0.915058	60.000000
47.993000	59.931948	0.136104	0.799298	-0.000000	0.935403	60.000000
47.896000	59.925133	0.149734	0.799232	-0.000000	0.948967	60.000000
47.797000	59.915598	0.168804	0.799158	-0.000000	0.967962	60.000000
47.698000	59.904856	0.190287	0.799075	-0.000000	0.989362	60.000000
47.594000	59.896103	0.207793	0.798976	-0.000000	1.006769	60.000000
47.497000	59.889040	0.221920	0.798875	-0.000000	1.020795	60.000000
47.393000	59.885899	0.228201	0.798760	0.000000	1.026961	60.000000
47.294000	59.888555	0.222891	0.798647	-0.000000	1.021537	60.000000
47.196000	59.872799	0.254402	0.798537	-0.000000	1.052940	60.000000
47.095000	59.871536	0.256929	0.798409	0.000000	1.055338	60.000000
46.994000	59.879807	0.240386	0.798279	0.000000	1.038665	60.000000
46.897000	59.885777	0.228445	0.798163	0.000000	1.026608	60.000000
46.795000	59.895562	0.208877	0.798046	0.000000	1.006923	60.000000
46.697000	59.900565	0.198870	0.797944	0.000000	0.996814	60.000000
46.595000	59.906118	0.187764	0.797842	0.000000	0.985606	60.000000
46.494000	59.917710	0.164580	0.797747	0.000000	0.962327	60.000000
46.402000	59.922537	0.154927	0.797672	0.000000	0.952599	60.000000
46.314000	59.932684	0.134632	0.797604	0.000000	0.932235	60.000000
46.228000	59.942458	0.115085	0.797546	0.000000	0.912631	60.000000
46.139000	59.950119	0.099762	0.797495	0.000000	0.897257	60.000000
46.050000	59.959727	0.080545	0.797450	0.000000	0.877995	60.000000
45.964000	59.968105	0.063790	0.797415	0.000000	0.861206	60.000000
45.795000	59.979579	0.040843	0.797362	0.000000	0.838204	60.000000
45.698000	59.988879	0.022242	0.797342	0.000000	0.819584	60.000000
45.594000	59.990083	0.019834	0.797330	0.000000	0.817164	60.000000
45.493000	60.002890	-0.005779	0.797320	0.000000	0.791541	60.000000
45.395000	60.005252	-0.010504	0.797323	0.000000	0.786819	60.000000
45.294000	60.013970	-0.027940	0.797328	0.000000	0.769388	60.000000
45.201000	60.015845	-0.031691	0.797341	0.000000	0.765650	60.000000
45.094000	60.018268	-0.036537	0.797358	-0.000000	0.760822	60.000000
44.995000	60.016268	-0.032536	0.797376	0.000000	0.764841	60.000000
44.895000	60.024688	-0.049375	0.797393	0.000000	0.748017	60.000000
44.795000	60.032744	-0.065489	0.797417	0.000000	0.731929	60.000000
44.696000	60.034621	-0.069242	0.797450	0.000000	0.728208	60.000000
44.594000	60.035645	-0.071289	0.797485	0.000000	0.726196	60.000000
44.495000	60.039281	-0.078562	0.797520	0.000000	0.718959	60.000000
44.395000	60.041395	-0.082791	0.797560	-0.000000	0.714769	60.000000
44.295000	60.033344	-0.066689	0.797601	-0.000000	0.730912	60.000000
44.194000	60.032743	-0.065486	0.797635	-0.000000	0.732149	60.000000
44.097000	60.030626	-0.061251	0.797666	0.000000	0.736415	60.000000
43.994000	60.031410	-0.062820	0.797698	0.000000	0.734878	60.000000
43.895000	60.033892	-0.067784	0.797729	0.000000	0.729946	60.000000
43.796000	60.045026	-0.090053	0.797763	0.000000	0.707710	60.000000
43.695000	60.048116	-0.096233	0.797808	0.000000	0.701576	60.000000
43.595000	60.048843	-0.097685	0.797856	0.000000	0.700171	60.000000
43.497000	60.050783	-0.101565	0.797904	-0.000000	0.696339	60.000000
43.400000	60.047091	-0.094182	0.797953	-0.000000	0.703771	60.000000
43.297000	60.038425	-0.076850	0.798002	-0.000000	0.721151	60.000000
43.193000	60.036436	-0.072871	0.798042	-0.000000	0.725171	60.000000
43.098000	60.031049	-0.062099	0.798076	-0.000000	0.735978	60.000000
42.994000	60.018749	-0.037497	0.798109	-0.000000	0.760612	60.000000
42.899000	59.999804	0.000392	0.798127	-0.000000	0.798518	60.000000
42.800000	59.969616	0.060768	0.798126	-0.000000	0.858894	60.000000
42.693000	59.945840	0.108321	0.798094	-0.000000	0.906414	60.000000
42.594000	59.926824	0.146352	0.798040	-0.000000	0.944393	60.000000
42.494000	59.919639	0.160723	0.797967	-0.000000	0.958690	60.000000
42.395000	59.916443	0.167114	0.797887	-0.000000	0.965002	60.000000
42.294000	59.906487	0.187026	0.797803	-0.000000	0.984829	60.000000
42.204000	59.893266	0.213468	0.797719	0.000000	1.011187	60.000000
42.097000	59.909199	0.181603	0.797605	-0.000000	0.979208	60.000000
41.995000	59.888497	0.223006	0.797512	0.000000	1.020518	60.000000
41.896000	59.889278	0.221445	0.797402	0.000000	1.018847	60.000000
41.794000	59.897486	0.205028	0.797289	-0.000000	1.002317	60.000000
41.693000	59.887714	0.224572	0.797185	-0.000000	1.021757	60.000000
41.597000	59.876004	0.247992	0.797077	-0.000000	1.045069	60.000000
41.495000	59.874304	0.251393	0.796951	-0.000000	1.048344	60.000000
41.397000	59.870146	0.259707	0.796828	-0.000000	1.056535	60.000000
41.294000	59.865317	0.269365	0.796694	-0.000000	1.066059	60.000000
41.198000	59.860669	0.278661	0.796565	0.000000	1.075226	60.000000
41.095000	59.861813	0.276374	0.796421	0.000000	1.072795	60.000000
40.997000	59.864291	0.271417	0.796286	-0.000000	1.067703	60.000000
40.898000	59.856507	0.286987	0.796151	-0.000000	1.083138	60.000000
40.794000	59.856139	0.287721	0.796002	0.000000	1.083724	60.000000
40.695000	59.860546	0.278908	0.795860	0.000000	1.074768	60.000000
40.598000	59.863927	0.272147	0.795725	0.000000	1.067871	60.000000
40.494000	59.871954	0.256092	0.795583	0.000000	1.051675	60.000000
40.397000	59.880824	0.238353	0.795459	0.000000	1.033811	60.000000
40.295000	59.890187	0.219626	0.795337	0.000000	1.014964	60.000000
40.198000	59.898272	0.203456	0.795231	0.000000	0.998687	60.000000
40.096000	59.899479	0.201042	0.795127	0.000000	0.996169	60.000000
39.999000	59.902556	0.194887	0.795029	0.000000	0.989917	60.000000
39.897000	59.902920	0.194160	0.794930	0.000000	0.989090	60.000000
39.795000	59.906901	0.186197	0.794831	0.000000	0.981028	60.000000
39.694000	59.912582	0.174836	0.794737	0.000000	0.969573	60.000000
39.594000	59.923088	0.153825	0.794650	0.000000	0.948474	60.000000
39.495000	59.941979	0.116042	0.794573	0.000000	0.910616	60.000000
39.399000	59.955370	0.089259	0.794518	0.000000	0.883777	60.000000
39.294000	59.963771	0.072459	0.794471	0.000000	0.866930	60.000000
39.196000	59.973186	0.053628	0.794435	0.000000	0.848063	60.000000
39.095000	59.987426	0.025147	0.794408	0.000000	0.819555	60.000000
38.995000	60.005494	-0.010988	0.794396	0.000000	0.783408	60.000000
38.893000	60.015781	-0.031562	0.794401	0.000000	0.762839	60.000000
38.795000	60.028678	-0.057355	0.794417	0.000000	0.737061	60.000000
38.697000	60.033046	-0.066091	0.794445	0.000000	0.728354	60.000000
38.595000	60.059017	-0.118033	0.794479	0.000000	0.676445	60.000000
38.508000	60.060833	-0.121666	0.794530	0.000000	0.672864	60.000000
38.421000	60.069076	-0.138153	0.794583	0.000000	0.656430	60.000000
38.335000	60.070276	-0.140553	0.794642	0.000000	0.654090	60.000000
38.243000	60.077974	-0.155947	0.794707	0.000000	0.638760	60.000000
38.157000	60.091472	-0.182944	0.794774	-0.000000	0.611830	60.000000
38.050000	60.089840	-0.179680	0.794872	-0.000000	0.615192	60.000000
37.963000	60.089414	-0.178827	0.794950	0.000000	0.616123	60.000000
37.798000	60.103224	-0.206447	0.795098	0.000000	0.588650	60.000000
37.696000	60.109277	-0.218555	0.795203	0.000000	0.576648	60.000000
37.594000	60.112366	-0.224732	0.795314	-0.000000	0.570582	60.000000
37.501000	60.109704	-0.219407	0.795419	-0.000000	0.576011	60.000000
37.395000	60.106970	-0.213940	0.795535	-0.000000	0.581595	60.000000
37.296000	60.105161	-0.210322	0.795641	-0.000000	0.585319	60.000000
37.197000	60.104188	-0.208376	0.795745	-0.000000	0.587369	60.000000
37.098000	60.097711	-0.195422	0.795848	-0.000000	0.600426	60.000000
36.996000	60.081603	-0.163206	0.795948	-0.000000	0.632742	60.000000
36.895000	60.068710	-0.137421	0.796030	-0.000000	0.658609	60.000000
36.793000	60.058955	-0.117910	0.796100	-0.000000	0.678191	60.000000
36.695000	60.052293	-0.104586	0.796158	-0.000000	0.691572	60.000000
36.598000	60.040247	-0.080493	0.796209	-0.000000	0.715716	60.000000
36.493000	60.026318	-0.052636	0.796251	-0.000000	0.743615	60.000000
36.393000	60.011674	-0.023348	0.796278	-0.000000	0.772930	60.000000
36.295000	60.000343	-0.000686	0.796289	-0.000000	0.795603	60.000000
36.204000	59.991108	0.017785	0.796289	-0.000000	0.814074	60.000000
36.096000	59.977405	0.045190	0.796280	-0.000000	0.841470	60.000000
35.996000	59.960144	0.079711	0.796257	-0.000000	0.875968	60.000000
35.898000	59.940462	0.119076	0.796218	-0.000000	0.915294	60.000000
35.793000	59.928092	0.143815	0.796155	-0.000000	0.939971	60.000000
35.695000	59.921150	0.157700	0.796085	-0.000000	0.953785	60.000000
35.598000	59.904968	0.190065	0.796009	-0.000000	0.986073	60.000000
35.492000	59.890786	0.218428	0.795908	-0.000000	1.014335	60.000000
35.394000	59.878594	0.242813	0.795801	-0.000000	1.038614	60.000000
35.296000	59.873582	0.252836	0.795682	-0.000000	1.048518	60.000000
35.195000	59.859222	0.281555	0.795554	-0.000000	1.077110	60.000000
35.097000	59.838447	0.323106	0.795416	-0.000000	1.118522	60.000000
34.999000	59.814912	0.370176	0.795258	-0.000000	1.165434	60.000000
34.894000	59.801327	0.397346	0.795063	-0.000000	1.192409	60.000000
34.794000	59.789745	0.420511	0.794865	-0.000000	1.215375	60.000000
34.695000	59.781658	0.436684	0.794657	-0.000000	1.231340	60.000000
34.596000	59.773505	0.452991	0.794440	-0.000000	1.247431	60.000000
34.494000	59.762221	0.475557	0.794209	-0.000000	1.269767	60.000000
34.397000	59.754610	0.490781	0.793979	0.000000	1.284760	60.000000
34.298000	59.763243	0.473514	0.793736	0.000000	1.267250	60.000000
34.198000	59.766751	0.466497	0.793499	0.000000	1.259997	60.000000
34.095000	59.768137	0.463727	0.793259	0.000000	1.256986	60.000000
33.993000	59.775618	0.448764	0.793022	0.000000	1.241786	60.000000
33.895000	59.777252	0.445497	0.792802	0.000000	1.238299	60.000000
33.797000	59.786422	0.427157	0.792584	0.000000	1.219741	60.000000
33.698000	59.799038	0.401924	0.792373	0.000000	1.194297	60.000000
33.592000	59.820401	0.359199	0.792160	0.000000	1.151358	60.000000
33.495000	59.838572	0.322857	0.791986	0.000000	1.114842	60.000000
33.394000	59.855412	0.289175	0.791822	0.000000	1.080998	60.000000
33.297000	59.874545	0.250910	0.791682	0.000000	1.042592	60.000000
33.196000	59.900086	0.199827	0.791556	0.000000	0.991383	60.000000
33.096000	59.916801	0.166398	0.791456	0.000000	0.957854	60.000000
32.994000	59.933042	0.133916	0.791371	0.000000	0.925286	60.000000
32.896000	59.945360	0.109281	0.791305	0.000000	0.900586	60.000000
32.795000	59.964126	0.071748	0.791250	0.000000	0.862998	60.000000
32.696000	59.984707	0.030586	0.791214	0.000000	0.821801	60.000000
32.596000	60.009793	-0.019587	0.791199	0.000000	0.771613	60.000000
32.499000	60.034493	-0.068986	0.791209	0.000000	0.722222	60.000000
32.395000	60.062774	-0.125548	0.791245	0.000000	0.665697	60.000000
32.295000	60.077975	-0.155950	0.791307	0.000000	0.635357	60.000000
32.209000	60.086207	-0.172413	0.791374	0.000000	0.618961	60.000000
32.099000	60.101888	-0.203776	0.791469	0.000000	0.587693	60.000000
31.996000	60.113573	-0.227145	0.791574	0.000000	0.564429	60.000000
31.896000	60.125746	-0.251491	0.791688	0.000000	0.540197	60.000000
31.796000	60.137128	-0.274255	0.791813	0.000000	0.517558	60.000000
31.697000	60.151173	-0.302346	0.791949	0.000000	0.489603	60.000000
31.595000	60.160685	-0.321371	0.792103	0.000000	0.470733	60.000000
31.496000	60.164798	-0.329595	0.792262	0.000000	0.462667	60.000000
31.394000	60.172308	-0.344616	0.792431	0.000000	0.447814	60.000000
31.296000	60.177093	-0.354186	0.792599	0.000000	0.438413	60.000000
31.197000	60.180549	-0.361098	0.792775	0.000000	0.431677	60.000000
31.095000	60.189989	-0.379977	0.792959	0.000000	0.412982	60.000000
30.995000	60.195980	-0.391960	0.793149	0.000000	0.401189	60.000000
30.898000	60.197499	-0.394998	0.793339	-0.000000	0.398341	60.000000
30.794000	60.192590	-0.385180	0.793544	-0.000000	0.408364	60.000000
30.696000	60.180970	-0.361940	0.793733	-0.000000	0.431793	60.000000
30.598000	60.175094	-0.350188	0.793910	-0.000000	0.443722	60.000000
30.495000	60.163107	-0.326213	0.794091	-0.000000	0.467877	60.000000
30.395000	60.142513	-0.285025	0.794254	-0.000000	0.509229	60.000000
30.299000	60.125142	-0.250283	0.794391	-0.000000	0.544108	60.000000
30.204000	60.111457	-0.222913	0.794510	-0.000000	0.571597	60.000000
30.096000	60.096617	-0.193235	0.794630	-0.000000	0.601395	60.000000
29.995000	60.079725	-0.159450	0.794728	-0.000000	0.635277	60.000000
29.896000	60.060596	-0.121192	0.794807	-0.000000	0.673615	60.000000
29.797000	60.038488	-0.076977	0.794867	-0.000000	0.717890	60.000000
29.699000	60.020087	-0.040174	0.794904	-0.000000	0.754730	60.000000
29.599000	60.011970	-0.023940	0.794924	-0.000000	0.770985	60.000000
29.494000	59.997142	0.005715	0.794937	-0.000000	0.800652	60.000000
29.395000	59.973670	0.052660	0.794934	-0.000000	0.847594	60.000000
29.297000	59.946565	0.106870	0.794908	-0.000000	0.901778	60.000000
29.197000	59.925434	0.149131	0.794855	-0.000000	0.943986	60.000000
29.097000	59.905880	0.188241	0.794780	-0.000000	0.983021	60.000000
29.000000	59.890366	0.219267	0.794689	-0.000000	1.013956	60.000000
28.895000	59.879381	0.241239	0.794574	-0.000000	1.035812	60.000000
28.797000	59.861155	0.277691	0.794456	-0.000000	1.072146	60.000000
28.697000	59.838404	0.323192	0.794317	-0.000000	1.117509	60.000000
28.597000	59.827351	0.345297	0.794155	-0.000000	1.139453	60.000000
28.496000	59.813764	0.372472	0.793981	-0.000000	1.166453	60.000000
28.396000	59.805129	0.389742	0.793795	-0.000000	1.183537	60.000000
28.296000	59.799222	0.401556	0.793600	-0.000000	1.195156	60.000000
28.197000	59.780565	0.438869	0.793401	-0.000000	1.232270	60.000000
28.097000	59.776648	0.446704	0.793181	-0.000000	1.239885	60.000000
27.996000	59.758299	0.483402	0.792956	0.000000	1.276358	60.000000
27.894000	59.761256	0.477489	0.792709	0.000000	1.270198	60.000000
27.798000	59.763371	0.473259	0.792480	0.000000	1.265739	60.000000
27.697000	59.764995	0.470011	0.792241	-0.000000	1.262252	60.000000
27.596000	59.757996	0.484009	0.792004	-0.000000	1.276012	60.000000
27.497000	59.755825	0.488351	0.791764	0.000000	1.280115	60.000000
27.402000	59.757506	0.484988	0.791532	-0.000000	1.276520	60.000000
27.296000	59.749787	0.500426	0.791275	-0.000000	1.291701	60.000000
27.197000	59.739642	0.520715	0.791028	-0.000000	1.311743	60.000000
27.096000	59.729748	0.540504	0.790765	-0.000000	1.331268	60.000000
26.995000	59.725095	0.549810	0.790492	0.000000	1.340302	60.000000
26.895000	59.730773	0.538455	0.790217	0.000000	1.328671	60.000000
26.800000	59.737648	0.524704	0.789961	0.000000	1.314665	60.000000
26.699000	59.748092	0.503816	0.789696	0.000000	1.293512	60.000000
26.596000	59.765235	0.469531	0.789436	0.000000	1.258967	60.000000
26.495000	59.788901	0.422198	0.789199	0.000000	1.211397	60.000000
26.397000	59.810686	0.378627	0.788993	0.000000	1.167620	60.000000
26.299000	59.834653	0.330694	0.788807	0.000000	1.119501	60.000000
26.215000	59.857044	0.285911	0.788668	0.000000	1.074579	60.000000
26.131000	59.878353	0.243293	0.788548	0.000000	1.031841	60.000000
26.031000	59.899479	0.201042	0.788426	0.000000	0.989469	60.000000
25.947000	59.914571	0.170858	0.788342	0.000000	0.959200	60.000000
25.864000	59.927427	0.145145	0.788271	0.000000	0.933416	60.000000
25.697000	59.963528	0.072944	0.788150	0.000000	0.861094	60.000000
25.598000	59.992803	0.014395	0.788114	0.000000	0.802508	60.000000
25.497000	60.021843	-0.043685	0.788106	0.000000	0.744421	60.000000
25.396000	60.041090	-0.082180	0.788129	0.000000	0.705948	60.000000
25.297000	60.055393	-0.110785	0.788169	0.000000	0.677384	60.000000
25.198000	60.075726	-0.151452	0.788224	0.000000	0.636772	60.000000
25.095000	60.115395	-0.230791	0.788302	0.000000	0.557511	60.000000
24.996000	60.157353	-0.314706	0.788416	0.000000	0.473710	60.000000
24.900000	60.174608	-0.349217	0.788567	0.000000	0.439350	60.000000
24.797000	60.191802	-0.383604	0.788747	0.000000	0.405143	60.000000
24.696000	60.206153	-0.412306	0.788941	0.000000	0.376635	60.000000
24.598000	60.220021	-0.440042	0.789143	0.000000	0.349101	60.000000
24.494000	60.234865	-0.469731	0.789372	0.000000	0.319641	60.000000
24.395000	60.254233	-0.508466	0.789604	0.000000	0.281139	60.000000
24.295000	60.277723	-0.555446	0.789858	0.000000	0.234412	60.000000
24.196000	60.292506	-0.585012	0.790133	0.000000	0.205122	60.000000
24.106000	60.297525	-0.595050	0.790397	0.000000	0.195347	60.000000
24.001000	60.301098	-0.602196	0.790709	0.000000	0.188513	60.000000
23.897000	60.304668	-0.609336	0.791022	0.000000	0.181686	60.000000
23.798000	60.310359	-0.620717	0.791324	-0.000000	0.170607	60.000000
23.695000	60.309820	-0.619641	0.791644	0.000000	0.172003	60.000000
23.595000	60.317268	-0.634535	0.791953	0.000000	0.157418	60.000000
23.497000	60.320293	-0.640586	0.792264	0.000000	0.151678	60.000000
23.398000	60.329555	-0.659110	0.792581	0.000000	0.133471	60.000000
23.298000	60.337189	-0.674378	0.792911	-0.000000	0.118533	60.000000
23.196000	60.319685	-0.639370	0.793255	-0.000000	0.153885	60.000000
23.097000	60.303213	-0.606425	0.793571	-0.000000	0.187146	60.000000
22.994000	60.277908	-0.555815	0.793884	-0.000000	0.238069	60.000000
22.897000	60.260834	-0.521668	0.794153	-0.000000	0.272486	60.000000
22.800000	60.229589	-0.459179	0.794406	-0.000000	0.335227	60.000000
22.696000	60.198585	-0.397169	0.794645	-0.000000	0.397476	60.000000
22.594000	60.158018	-0.316035	0.794848	-0.000000	0.478812	60.000000
22.496000	60.116788	-0.233575	0.795002	-0.000000	0.561427	60.000000
22.397000	60.066888	-0.133775	0.795118	-0.000000	0.661343	60.000000
22.293000	60.018030	-0.036060	0.795188	-0.000000	0.759127	60.000000
22.198000	59.976321	0.047357	0.795205	-0.000000	0.842562	60.000000
22.096000	59.949883	0.100234	0.795181	-0.000000	0.895415	60.000000
21.997000	59.908896	0.182209	0.795131	-0.000000	0.977340	60.000000
21.897000	59.877325	0.245350	0.795040	-0.000000	1.040390	60.000000
21.797000	59.847748	0.304503	0.794917	-0.000000	1.099420	60.000000
21.694000	59.811831	0.376337	0.794760	-0.000000	1.171097	60.000000
21.596000	59.777128	0.445744	0.794576	-0.000000	1.240320	60.000000
21.497000	59.738679	0.522641	0.794355	-0.000000	1.316996	60.000000
21.398000	59.697213	0.605573	0.794097	-0.000000	1.399670	60.000000
21.295000	59.660815	0.678370	0.793785	-0.000000	1.472155	60.000000
21.205000	59.635157	0.729686	0.793479	-0.000000	1.523165	60.000000
21.098000	59.599062	0.801877	0.793089	-0.000000	1.594966	60.000000
20.997000	59.565327	0.869347	0.792684	-0.000000	1.662031	60.000000
20.898000	59.540514	0.918973	0.792254	-0.000000	1.711227	60.000000
20.794000	59.523304	0.953392	0.791776	-0.000000	1.745168	60.000000
20.695000	59.511903	0.976195	0.791304	-0.000000	1.767499	60.000000
20.596000	59.497956	1.004088	0.790821	-0.000000	1.794909	60.000000
20.500000	59.486242	1.027516	0.790339	-0.000000	1.817855	60.000000
20.398000	59.483650	1.032701	0.789815	-0.000000	1.822515	60.000000
20.296000	59.479849	1.040302	0.789288	0.000000	1.829590	60.000000
20.201000	59.488417	1.023166	0.788794	0.000000	1.811960	60.000000
20.095000	59.500427	0.999145	0.788252	0.000000	1.787397	60.000000
19.995000	59.515094	0.969812	0.787752	0.000000	1.757564	60.000000
19.901000	59.531880	0.936240	0.787296	0.000000	1.723536	60.000000
19.795000	59.554155	0.891691	0.786800	0.000000	1.678491	60.000000
19.696000	59.575403	0.849194	0.786359	0.000000	1.635552	60.000000
19.595000	59.606063	0.787873	0.785930	0.000000	1.573803	60.000000
19.498000	59.642282	0.715436	0.785548	0.000000	1.500984	60.000000
19.397000	59.680009	0.639982	0.785186	0.000000	1.425168	60.000000
19.295000	59.720329	0.559343	0.784860	0.000000	1.344203	60.000000
19.195000	59.759315	0.481369	0.784580	0.000000	1.265950	60.000000
19.096000	59.803870	0.392260	0.784342	0.000000	1.176603	60.000000
18.999000	59.851246	0.297508	0.784152	0.000000	1.081660	60.000000
18.893000	59.897853	0.204293	0.783994	0.000000	0.988287	60.000000
18.795000	59.940949	0.118102	0.783894	0.000000	0.901996	60.000000
18.694000	59.983500	0.033000	0.783834	0.000000	0.816835	60.000000
18.596000	60.031707	-0.063414	0.783818	0.000000	0.720404	60.000000
18.496000	60.084997	-0.169994	0.783850	0.000000	0.613856	60.000000
18.397000	60.137729	-0.275458	0.783934	0.000000	0.508476	60.000000
18.298000	60.183936	-0.367873	0.784070	0.000000	0.416198	60.000000
18.202000	60.225413	-0.450825	0.784247	0.000000	0.333422	60.000000
18.096000	60.277115	-0.554230	0.784486	0.000000	0.230256	60.000000
17.997000	60.328468	-0.656936	0.784760	0.000000	0.127824	60.000000
17.896000	60.385987	-0.771975	0.785092	0.000000	0.013117	60.000000
17.796000	60.431946	-0.863892	0.785478	0.000000	-0.078414	60.000000
17.699000	60.477054	-0.954109	0.785897	0.000000	-0.168212	60.000000
17.596000	60.518657	-1.037314	0.786388	0.000000	-0.250926	60.000000
17.498000	60.561404	-1.122809	0.786897	0.000000	-0.335912	60.000000
17.396000	60.606813	-1.213626	0.787469	0.000000	-0.426156	60.000000
17.295000	60.650408	-1.300815	0.788082	0.000000	-0.512733	60.000000
17.202000	60.688686	-1.377373	0.788687	0.000000	-0.588685	60.000000
17.099000	60.734214	-1.468429	0.789396	0.000000	-0.679032	60.000000
16.996000	60.772426	-1.544851	0.790153	0.000000	-0.754699	60.000000
16.896000	60.804999	-1.609998	0.790925	0.000000	-0.819073	60.000000
16.795000	60.836122	-1.672245	0.791738	0.000000	-0.880507	60.000000
16.696000	60.877420	-1.754839	0.792566	0.000000	-0.962273	60.000000
16.597000	60.915506	-1.831012	0.793435	0.000000	-1.037577	60.000000
16.500000	60.956069	-1.912137	0.794323	0.000000	-1.117815	60.000000
16.394000	60.987921	-1.975842	0.795336	0.000000	-1.180506	60.000000
16.295000	61.023527	-2.047053	0.796314	0.000000	-1.250739	60.000000
16.199000	61.047018	-2.094037	0.797297	0.000000	-1.296740	60.000000
16.098000	61.072332	-2.144663	0.798354	0.000000	-1.346309	60.000000
15.993000	61.101570	-2.203141	0.799480	0.000000	-1.403661	60.000000
15.898000	61.130393	-2.260787	0.800527	0.000000	-1.460260	60.000000
15.796000	61.151886	-2.303772	0.801680	0.000000	-1.502093	60.000000
15.696000	61.175572	-2.351143	0.802831	0.000000	-1.548312	60.000000
15.597000	61.198332	-2.396663	0.803995	0.000000	-1.592668	60.000000
15.497000	61.211776	-2.423552	0.805194	0.000000	-1.618358	60.000000
15.396000	61.226124	-2.452248	0.806418	0.000000	-1.645831	60.000000
15.296000	61.246105	-2.492210	0.807644	0.000000	-1.684566	60.000000
15.207000	61.257367	-2.514734	0.808753	0.000000	-1.705981	60.000000
15.099000	61.261914	-2.523828	0.810111	0.000000	-1.713717	60.000000
14.997000	61.266996	-2.533992	0.811398	0.000000	-1.722595	60.000000
14.898000	61.273174	-2.546347	0.812652	-0.000000	-1.733695	60.000000
14.794000	61.268207	-2.536414	0.813976	-0.000000	-1.722438	60.000000
14.695000	61.263306	-2.526613	0.815232	-0.000000	-1.711381	60.000000
14.599000	61.255186	-2.510373	0.816445	-0.000000	-1.693928	60.000000
14.497000	61.245623	-2.491246	0.817725	-0.000000	-1.673522	60.000000
14.397000	61.219160	-2.438320	0.818970	-0.000000	-1.619349	60.000000
14.298000	61.185068	-2.370135	0.820177	-0.000000	-1.549958	60.000000
14.202000	61.144022	-2.288044	0.821315	-0.000000	-1.466729	60.000000
14.097000	61.102361	-2.204723	0.822516	-0.000000	-1.382206	60.000000
13.997000	61.059557	-2.119115	0.823619	-0.000000	-1.295496	60.000000
13.901000	61.006936	-2.013872	0.824636	-0.000000	-1.189236	60.000000
13.796000	60.945296	-1.890592	0.825693	-0.000000	-1.064899	60.000000
13.697000	60.888496	-1.776993	0.826629	-0.000000	-0.950364	60.000000
13.601000	60.823288	-1.646575	0.827482	-0.000000	-0.819093	60.000000
13.497000	60.748082	-1.496165	0.828338	-0.000000	-0.667826	60.000000
13.396000	60.665365	-1.330731	0.829094	-0.000000	-0.501637	60.000000
13.297000	60.577995	-1.155990	0.829752	-0.000000	-0.326238	60.000000
13.198000	60.483295	-0.966590	0.830325	-0.000000	-0.136265	60.000000
13.102000	60.390113	-0.780227	0.830789	-0.000000	0.050562	60.000000
13.001000	60.283781	-0.567562	0.831183	-0.000000	0.263621	60.000000
12.895000	60.171159	-0.342319	0.831483	-0.000000	0.489165	60.000000
12.796000	60.061266	-0.122532	0.831653	-0.000000	0.709121	60.000000
12.695000	59.944332	0.111335	0.831715	-0.000000	0.943050	60.000000
12.599000	59.832120	0.335760	0.831661	-0.000000	1.167421	60.000000
12.498000	59.714348	0.571305	0.831492	-0.000000	1.402796	60.000000
12.399000	59.599786	0.800428	0.831209	-0.000000	1.631637	60.000000
12.300000	59.486246	1.027508	0.830813	-0.000000	1.858321	60.000000
12.199000	59.359249	1.281503	0.830294	-0.000000	2.111797	60.000000
12.097000	59.232183	1.535634	0.829640	-0.000000	2.365274	60.000000
11.998000	59.109709	1.780582	0.828880	-0.000000	2.609462	60.000000
11.897000	58.984644	2.030711	0.827981	-0.000000	2.858692	60.000000
11.798000	58.868029	2.263941	0.826976	-0.000000	3.090917	60.000000
11.699000	58.752079	2.495841	0.825855	-0.000000	3.321696	60.000000
11.598000	58.632314	2.735371	0.824595	-0.000000	3.559966	60.000000
11.499000	58.510024	2.979952	0.823241	-0.000000	3.803192	60.000000
11.395000	58.380727	3.238546	0.821691	-0.000000	4.060237	60.000000
11.296000	58.255363	3.489274	0.820088	-0.000000	4.309362	60.000000
11.203000	58.133367	3.733267	0.818466	-0.000000	4.551732	60.000000
11.101000	58.007457	3.985086	0.816562	-0.000000	4.801648	60.000000
10.999000	57.891558	4.216884	0.814529	-0.000000	5.031413	60.000000
10.897000	57.772284	4.455432	0.812379	-0.000000	5.267811	60.000000
10.797000	57.646259	4.707482	0.810151	-0.000000	5.517633	60.000000
10.698000	57.507911	4.984178	0.807821	-0.000000	5.791998	60.000000
10.602000	57.389657	5.220685	0.805428	-0.000000	6.026113	60.000000
10.502000	57.267855	5.464289	0.802818	-0.000000	6.267107	60.000000
10.397000	57.149543	5.700915	0.799949	-0.000000	6.500864	60.000000
10.297000	57.036247	5.927507	0.797099	-0.000000	6.724605	60.000000
10.196000	56.926266	6.147468	0.794105	-0.000000	6.941574	60.000000
10.098000	56.811945	6.376109	0.791093	-0.000000	7.167202	60.000000
9.998000	56.695925	6.608151	0.787905	-0.000000	7.396056	60.000000
9.900000	56.580333	6.839334	0.784667	-0.000000	7.624001	60.000000
9.798000	56.457316	7.085369	0.781179	-0.000000	7.866547	60.000000
9.698000	56.336295	7.327409	0.777636	-0.000000	8.105045	60.000000
9.597000	56.214428	7.571145	0.773936	-0.000000	8.345081	60.000000
9.498000	56.097322	7.805356	0.770188	-0.000000	8.575544	60.000000
9.396000	55.971167	8.057666	0.766207	-0.000000	8.823874	60.000000
9.295000	55.854556	8.290888	0.762138	-0.000000	9.053027	60.000000
9.203000	55.744633	8.510735	0.758325	-0.000000	9.269059	60.000000
9.099000	55.618656	8.762688	0.753899	-0.000000	9.516587	60.000000
8.997000	55.488037	9.023927	0.749430	-0.000000	9.773357	60.000000
8.900000	55.370452	9.259096	0.745053	-0.000000	10.004149	60.000000
8.795000	55.252146	9.495708	0.740192	-0.000000	10.235900	60.000000
8.697000	55.138729	9.722541	0.735539	-0.000000	10.458081	60.000000
8.599000	55.023988	9.952024	0.730775	-0.000000	10.682800	60.000000
8.498000	54.902835	10.194330	0.725750	-0.000000	10.920080	60.000000
8.396000	54.799381	10.401238	0.720550	-0.000000	11.121789	60.000000
8.300000	54.691151	10.617697	0.715558	-0.000000	11.333255	60.000000
8.200000	54.568799	10.862401	0.710249	-0.000000	11.572650	60.000000
8.097000	54.439620	11.120759	0.704655	-0.000000	11.825414	60.000000
7.996000	54.302728	11.394545	0.699039	-0.000000	12.093584	60.000000
7.897000	54.181398	11.637205	0.693399	-0.000000	12.330604	60.000000
7.798000	54.058142	11.883717	0.687638	-0.000000	12.571355	60.000000
7.704000	53.952989	12.094023	0.682053	-0.000000	12.776076	60.000000
7.601000	53.836186	12.327628	0.675824	-0.000000	13.003453	60.000000
7.496000	53.721143	12.557715	0.669352	-0.000000	13.227067	60.000000
7.397000	53.604954	12.790092	0.663136	-0.000000	13.453228	60.000000
7.313000	53.500703	12.998593	0.657765	-0.000000	13.656358	60.000000
7.230000	53.404487	13.191026	0.652370	-0.000000	13.843396	60.000000
7.148000	53.306646	13.386707	0.646962	-0.000000	14.033669	60.000000
7.046000	53.185562	13.628876	0.640135	-0.000000	14.269011	60.000000
6.964000	53.093511	13.812979	0.634547	-0.000000	14.447526	60.000000
6.797000	52.906210	14.187581	0.623013	-0.000000	14.810593	60.000000
6.698000	52.799002	14.401996	0.615990	-0.000000	15.017986	60.000000
6.595000	52.692044	14.615912	0.608573	-0.000000	15.224485	60.000000
6.496000	52.577356	14.845288	0.601338	-0.000000	15.446626	60.000000
6.396000	52.463394	15.073213	0.593916	-0.000000	15.667128	60.000000
6.298000	52.353715	15.292571	0.586530	-0.000000	15.879101	60.000000
6.199000	52.245009	15.509982	0.578960	-0.000000	16.088942	60.000000
6.098000	52.130442	15.739116	0.571127	-0.000000	16.310244	60.000000
5.996000	52.017265	15.965470	0.563100	-0.000000	16.528570	60.000000
5.896000	51.902874	16.194253	0.555118	-0.000000	16.749370	60.000000
5.801000	51.795131	16.409738	0.547425	-0.000000	16.957163	60.000000
5.699000	51.691076	16.617848	0.539056	-0.000000	17.156904	60.000000
5.596000	51.580667	16.838665	0.530498	-0.000000	17.369163	60.000000
5.496000	51.475583	17.048835	0.522079	-0.000000	17.570913	60.000000
5.399000	51.367536	17.264929	0.513810	-0.000000	17.778739	60.000000
5.296000	51.257433	17.485135	0.504919	-0.000000	17.990053	60.000000
5.199000	51.153673	17.692654	0.496438	-0.000000	18.189093	60.000000
5.097000	51.048585	17.902829	0.487415	-0.000000	18.390244	60.000000
4.998000	50.945856	18.108289	0.478553	-0.000000	18.586842	60.000000
4.897000	50.838588	18.322825	0.469409	-0.000000	18.792233	60.000000
4.799000	50.730001	18.539997	0.460430	-0.000000	19.000428	60.000000
4.699000	50.625088	18.749823	0.451160	-0.000000	19.200984	60.000000
4.598000	50.515298	18.969404	0.441692	-0.000000	19.411096	60.000000
4.496000	50.412018	19.175964	0.432017	-0.000000	19.607981	60.000000
4.398000	50.314781	19.370438	0.422621	-0.000000	19.793059	60.000000
4.298000	50.219648	19.560704	0.412936	-0.000000	19.973640	60.000000
4.198000	50.128444	19.743111	0.403156	-0.000000	20.146267	60.000000
4.100000	50.034278	19.931443	0.393481	-0.000000	20.324925	60.000000
3.997000	49.943115	20.113769	0.383217	-0.000000	20.496986	60.000000
3.899000	49.859755	20.280490	0.373361	-0.000000	20.653851	60.000000
3.798000	49.779279	20.441441	0.363119	-0.000000	20.804561	60.000000
3.696000	49.696935	20.606129	0.352694	-0.000000	20.958824	60.000000
3.596000	49.621400	20.757199	0.342391	-0.000000	21.099590	60.000000
3.500000	49.553450	20.893100	0.332428	-0.000000	21.225527	60.000000
3.397000	49.485076	21.029848	0.321668	-0.000000	21.351516	60.000000
3.299000	49.415553	21.168893	0.311363	-0.000000	21.480257	60.000000
3.197000	49.342724	21.314553	0.300567	-0.000000	21.615120	60.000000
3.096000	49.272065	21.455869	0.289803	-0.000000	21.745672	60.000000
2.998000	49.204717	21.590566	0.279290	-0.000000	21.869856	60.000000
2.901000	49.138567	21.722867	0.268818	-0.000000	21.991685	60.000000
2.799000	49.082227	21.835545	0.257740	-0.000000	22.093285	60.000000
2.697000	49.031975	21.936050	0.246604	-0.000000	22.182653	60.000000
2.596000	48.978940	22.042120	0.235526	-0.000000	22.277646	60.000000
2.498000	48.921952	22.156095	0.224725	-0.000000	22.380821	60.000000
2.398000	48.874695	22.250609	0.213647	-0.000000	22.464256	60.000000
2.302000	48.829318	22.341363	0.202967	-0.000000	22.544330	60.000000
2.200000	48.785859	22.428282	0.191573	-0.000000	22.619854	60.000000
2.097000	48.752878	22.494243	0.180022	-0.000000	22.674266	60.000000
1.999000	48.730722	22.538556	0.169000	-0.000000	22.707556	60.000000
1.899000	48.708095	22.583810	0.157731	-0.000000	22.741540	60.000000
1.798000	48.689311	22.621377	0.146326	-0.000000	22.767703	60.000000
1.701000	48.673724	22.652553	0.135355	-0.000000	22.787907	60.000000
1.599000	48.666806	22.666388	0.123802	-0.000000	22.790189	60.000000
1.497000	48.660726	22.678548	0.112242	0.000000	22.790790	60.000000
1.398000	48.665119	22.669763	0.101016	0.000000	22.770779	60.000000
1.298000	48.683293	22.633415	0.089681	0.000000	22.723096	60.000000
1.195000	48.709962	22.580076	0.078025	0.000000	22.658101	60.000000
1.098000	48.737106	22.525788	0.067074	0.000000	22.592862	60.000000
1.000000	48.771716	22.456569	0.056036	0.000000	22.512605	60.000000
0.897000	48.812044	22.375911	0.044471	0.000000	22.420382	60.000000
0.798000	48.861276	22.277447	0.033395	0.000000	22.310842	60.000000
0.696000	48.907375	22.185249	0.022033	0.000000	22.207283	60.000000
0.595000	48.949337	22.101326	0.010830	0.000000	22.112156	60.000000
0.497000	48.997603	0.000000	0.000000	0.000000	0.000000	60.000000
0.398000	49.046184	0.000000	0.000000	0.000000	0.000000	60.000000
0.294000	49.097335	0.000000	0.000000	0.000000	0.000000	60.000000
0.196000	49.143320	0.000000	0.000000	0.000000	0.000000	60.000000
0.099000	49.188585	0.000000	0.000000	0.000000	0.000000	60.000000
