Zeit (s)	Istwert	P	I	D	Regelausgang	Sollwert
80.997000	59.812861	0.935693	1.328621	0.000000	2.264314	60.000000
80.898000	59.844561	0.777196	1.328436	0.000000	2.105632	60.000000
80.795000	59.881371	0.593146	1.328276	0.000000	1.921422	60.000000
80.696000	59.918432	0.407842	1.328159	0.000000	1.736000	60.000000
80.593000	59.952240	0.238798	1.328075	0.000000	1.566872	60.000000
80.494000	60.002525	-0.012625	1.328027	0.000000	1.315402	60.000000
80.399000	60.045934	-0.229672	1.328030	0.000000	1.098358	60.000000
80.309000	60.082695	-0.413477	1.328071	0.000000	0.914594	60.000000
80.213000	60.115508	-0.577542	1.328150	0.000000	0.750609	60.000000
80.093000	60.173585	-0.867924	1.328289	0.000000	0.460365	60.000000
79.994000	60.227110	-1.135551	1.328461	0.000000	0.192910	60.000000
79.895000	60.267487	-1.337437	1.328686	0.000000	-0.008751	60.000000
79.796000	60.307271	-1.536356	1.328951	0.000000	-0.207406	60.000000
79.695000	60.345301	-1.726505	1.329261	0.000000	-0.397244	60.000000
79.592000	60.377389	-1.886944	1.329617	0.000000	-0.557327	60.000000
79.493000	60.410455	-2.052273	1.329990	0.000000	-0.722283	60.000000
79.395000	60.435943	-2.179713	1.330392	0.000000	-0.849321	60.000000
79.294000	60.470763	-2.353813	1.330833	0.000000	-1.022981	60.000000
79.193000	60.500191	-2.500955	1.331308	0.000000	-1.169647	60.000000
79.095000	60.527377	-2.636884	1.331798	0.000000	-1.305086	60.000000
78.995000	60.551052	-2.755258	1.332326	0.000000	-1.422932	60.000000
78.896000	60.572546	-2.862728	1.332871	0.000000	-1.529857	60.000000
78.795000	60.599554	-2.997769	1.333450	0.000000	-1.664320	60.000000
78.693000	60.619535	-3.097673	1.334061	0.000000	-1.763612	60.000000
78.594000	60.634490	-3.172448	1.334674	0.000000	-1.837773	60.000000
78.495000	60.645207	-3.226035	1.335303	0.000000	-1.890733	60.000000
78.398000	60.646901	-3.234503	1.335928	0.000000	-1.898575	60.000000
78.292000	60.647507	-3.237537	1.336614	-0.000000	-1.900923	60.000000
78.193000	60.638430	-3.192149	1.337255	-0.000000	-1.854894	60.000000
78.094000	60.630738	-3.153689	1.337887	-0.000000	-1.815801	60.000000
77.994000	60.620862	-3.104312	1.338518	-0.000000	-1.765794	60.000000
77.895000	60.609054	-3.045270	1.339133	-0.000000	-1.706137	60.000000
77.798000	60.593070	-2.965349	1.339723	-0.000000	-1.625626	60.000000
77.693000	60.574242	-2.871210	1.340346	-0.000000	-1.530864	60.000000
77.593000	60.542568	-2.712842	1.340920	-0.000000	-1.371922	60.000000
77.494000	60.498248	-2.491242	1.341457	-0.000000	-1.149785	60.000000
77.397000	60.445513	-2.227563	1.341941	-0.000000	-0.885623	60.000000
77.292000	60.398099	-1.990493	1.342409	-0.000000	-0.648085	60.000000
77.196000	60.355771	-1.778854	1.342791	-0.000000	-0.436064	60.000000
77.095000	60.312484	-1.562420	1.343150	-0.000000	-0.219270	60.000000
76.997000	60.259323	-1.296616	1.343456	-0.000000	0.046841	60.000000
76.896000	60.199857	-0.999286	1.343718	-0.000000	0.344433	60.000000
76.793000	60.154142	-0.770710	1.343924	-0.000000	0.573214	60.000000
76.694000	60.116727	-0.583636	1.344077	-0.000000	0.760441	60.000000
76.592000	60.063683	-0.318416	1.344196	-0.000000	1.025779	60.000000
76.495000	60.013607	-0.068035	1.344258	-0.000000	1.276222	60.000000
76.395000	59.960500	0.197501	1.344271	-0.000000	1.541772	60.000000
76.295000	59.910648	0.446759	1.344232	-0.000000	1.790990	60.000000
76.197000	59.873463	0.632686	1.344144	-0.000000	1.976830	60.000000
76.095000	59.840814	0.795930	1.344015	-0.000000	2.139945	60.000000
75.995000	59.813887	0.930563	1.343856	-0.000000	2.274419	60.000000
75.894000	59.789144	1.054281	1.343668	-0.000000	2.397948	60.000000
75.794000	59.771698	1.141508	1.343457	-0.000000	2.484965	60.000000
75.693000	59.762280	1.188599	1.343226	0.000000	2.531825	60.000000
75.598000	59.764514	1.177428	1.343001	0.000000	2.520428	60.000000
75.496000	59.765417	1.172915	1.342760	-0.000000	2.515676	60.000000
75.394000	59.760536	1.197322	1.342521	0.000000	2.539843	60.000000
75.294000	59.762223	1.188887	1.342282	0.000000	2.531168	60.000000
75.195000	59.767534	1.162328	1.342046	0.000000	2.504374	60.000000
75.094000	59.782978	1.085111	1.341811	0.000000	2.426922	60.000000
74.998000	59.802597	0.987014	1.341603	0.000000	2.328617	60.000000
74.896000	59.837251	0.813746	1.341402	0.000000	2.155148	60.000000
74.793000	59.866162	0.669189	1.341234	0.000000	2.010423	60.000000
74.695000	59.894414	0.527931	1.341103	0.000000	1.869034	60.000000
74.594000	59.938414	0.307928	1.340996	0.000000	1.648924	60.000000
74.495000	59.997924	0.010380	1.340935	0.000000	1.351315	60.000000
74.396000	60.052538	-0.262690	1.340933	0.000000	1.078243	60.000000
74.293000	60.088383	-0.441916	1.340987	0.000000	0.899072	60.000000
74.194000	60.116850	-0.584248	1.341075	0.000000	0.756827	60.000000
74.094000	60.155238	-0.776192	1.341192	0.000000	0.564999	60.000000
73.996000	60.192774	-0.963872	1.341344	0.000000	0.377471	60.000000
73.892000	60.228076	-1.140380	1.341544	0.000000	0.201164	60.000000
73.793000	60.269005	-1.345024	1.341770	0.000000	-0.003254	60.000000
73.697000	60.311511	-1.557557	1.342028	0.000000	-0.215529	60.000000
73.595000	60.345363	-1.726814	1.342346	0.000000	-0.384468	60.000000
73.495000	60.376426	-1.882128	1.342692	0.000000	-0.539436	60.000000
73.397000	60.409057	-2.045284	1.343060	0.000000	-0.702224	60.000000
73.292000	60.429042	-2.145208	1.343490	0.000000	-0.801718	60.000000
73.195000	60.453624	-2.268122	1.343906	0.000000	-0.924216	60.000000
73.095000	60.474332	-2.371658	1.344360	0.000000	-1.027298	60.000000
72.995000	60.494314	-2.471568	1.344834	0.000000	-1.126734	60.000000
72.893000	60.512715	-2.563576	1.345338	0.000000	-1.218237	60.000000
72.799000	60.532338	-2.661690	1.345820	0.000000	-1.315870	60.000000
72.694000	60.554868	-2.774340	1.346379	0.000000	-1.427961	60.000000
72.595000	60.569883	-2.849417	1.346928	0.000000	-1.502489	60.000000
72.493000	60.581023	-2.905117	1.347510	0.000000	-1.557607	60.000000
72.393000	60.591070	-2.955348	1.348091	-0.000000	-1.607257	60.000000
72.292000	60.590161	-2.950807	1.348688	-0.000000	-1.602120	60.000000
72.196000	60.585136	-2.925678	1.349254	-0.000000	-1.576424	60.000000
72.098000	60.575151	-2.875757	1.349828	-0.000000	-1.525929	60.000000
71.993000	60.563163	-2.815813	1.350432	-0.000000	-1.465382	60.000000
71.894000	60.549596	-2.747980	1.350989	-0.000000	-1.396991	60.000000
71.794000	60.524224	-2.621118	1.351539	-0.000000	-1.269579	60.000000
71.694000	60.482201	-2.411006	1.352063	-0.000000	-1.058943	60.000000
71.597000	60.436251	-2.181254	1.352531	-0.000000	-0.828723	60.000000
71.495000	60.392828	-1.964140	1.352976	-0.000000	-0.611164	60.000000
71.392000	60.357717	-1.788587	1.353380	-0.000000	-0.435207	60.000000
71.294000	60.320411	-1.602057	1.353731	-0.000000	-0.248326	60.000000
71.196000	60.279602	-1.398012	1.354045	-0.000000	-0.043968	60.000000
71.097000	60.232495	-1.162476	1.354322	-0.000000	0.191846	60.000000
70.994000	60.184300	-0.921498	1.354561	-0.000000	0.433064	60.000000
70.893000	60.133680	-0.668399	1.354747	-0.000000	0.686348	60.000000
70.795000	60.081237	-0.406186	1.354878	-0.000000	0.948692	60.000000
70.695000	60.025473	-0.127367	1.354960	-0.000000	1.227593	60.000000
70.596000	59.971435	0.142827	1.354985	-0.000000	1.497812	60.000000
70.493000	59.927671	0.361643	1.354955	-0.000000	1.716599	60.000000
70.393000	59.884699	0.576504	1.354883	-0.000000	1.931387	60.000000
70.300000	59.867067	0.664663	1.354776	-0.000000	2.019439	60.000000
70.207000	59.855772	0.721141	1.354652	-0.000000	2.075793	60.000000
70.096000	59.831397	0.843014	1.354492	-0.000000	2.197506	60.000000
69.994000	59.809001	0.954997	1.354320	-0.000000	2.309317	60.000000
69.897000	59.793361	1.033193	1.354135	-0.000000	2.387328	60.000000
69.793000	59.779058	1.104710	1.353920	-0.000000	2.458630	60.000000
69.698000	59.770005	1.149977	1.353710	0.000000	2.503687	60.000000
69.593000	59.781650	1.091749	1.353469	0.000000	2.445218	60.000000
69.494000	59.787515	1.062427	1.353252	0.000000	2.415680	60.000000
69.395000	59.794815	1.025924	1.353042	0.000000	2.378966	60.000000
69.297000	59.812741	0.936296	1.352841	0.000000	2.289137	60.000000
69.196000	59.834655	0.826727	1.352652	0.000000	2.179379	60.000000
69.091000	59.847086	0.764570	1.352478	0.000000	2.117049	60.000000
68.993000	59.877325	0.613375	1.352328	0.000000	1.965704	60.000000
68.893000	59.915236	0.423820	1.352206	0.000000	1.776026	60.000000
68.794000	59.958869	0.205654	1.352122	0.000000	1.557776	60.000000
68.695000	60.011970	-0.059849	1.352081	0.000000	1.292232	60.000000
68.593000	60.058173	-0.290866	1.352093	0.000000	1.061227	60.000000
68.493000	60.101704	-0.508518	1.352151	0.000000	0.843633	60.000000
68.394000	60.137368	-0.686842	1.352252	0.000000	0.665410	60.000000
68.294000	60.171578	-0.857888	1.352389	0.000000	0.494501	60.000000
68.196000	60.208703	-1.043517	1.352558	0.000000	0.309041	60.000000
68.100000	60.241998	-1.209989	1.352758	0.000000	0.142769	60.000000
67.999000	60.274881	-1.374404	1.353002	0.000000	-0.021401	60.000000
67.894000	60.318711	-1.593555	1.353291	0.000000	-0.240264	60.000000
67.794000	60.343543	-1.717714	1.353610	0.000000	-0.364104	60.000000
67.696000	60.369761	-1.848807	1.353946	0.000000	-0.494860	60.000000
67.595000	60.401308	-2.006542	1.354320	0.000000	-0.652222	60.000000
67.496000	60.423587	-2.117934	1.354717	0.000000	-0.763217	60.000000
67.397000	60.437280	-2.186399	1.355136	0.000000	-0.831263	60.000000
67.294000	60.461129	-2.305647	1.355587	0.000000	-0.950061	60.000000
67.196000	60.475055	-2.375277	1.356039	0.000000	-1.019238	60.000000
67.095000	60.488739	-2.443695	1.356519	0.000000	-1.087177	60.000000
66.996000	60.489108	-2.445538	1.357002	0.000000	-1.088536	60.000000
66.895000	60.497036	-2.485182	1.357496	0.000000	-1.127686	60.000000
66.801000	60.501824	-2.509121	1.357964	-0.000000	-1.151157	60.000000
66.695000	60.501520	-2.507600	1.358496	-0.000000	-1.149105	60.000000
66.596000	60.498008	-2.490038	1.358992	-0.000000	-1.131046	60.000000
66.495000	60.495647	-2.478234	1.359495	-0.000000	-1.118739	60.000000
66.395000	60.487475	-2.437373	1.359991	-0.000000	-1.077382	60.000000
66.294000	60.474693	-2.373467	1.360483	-0.000000	-1.012984	60.000000
66.198000	60.456961	-2.284803	1.360939	-0.000000	-0.923864	60.000000
66.098000	60.427411	-2.137056	1.361396	-0.000000	-0.775660	60.000000
65.996000	60.387439	-1.937195	1.361832	-0.000000	-0.575363	60.000000
65.894000	60.344211	-1.721057	1.362227	-0.000000	-0.358830	60.000000
65.795000	60.306970	-1.534849	1.362568	-0.000000	-0.172282	60.000000
65.695000	60.258586	-1.292930	1.362875	-0.000000	0.069945	60.000000
65.599000	60.206944	-1.034719	1.363123	-0.000000	0.328404	60.000000
65.495000	60.165952	-0.829759	1.363338	-0.000000	0.533579	60.000000
65.398000	60.140216	-0.701081	1.363499	-0.000000	0.662418	60.000000
65.308000	60.100860	-0.504301	1.363625	-0.000000	0.859325	60.000000
65.216000	60.056291	-0.281456	1.363718	-0.000000	1.082262	60.000000
65.095000	60.014876	-0.074378	1.363786	-0.000000	1.289408	60.000000
64.995000	59.974026	0.129872	1.363801	-0.000000	1.493673	60.000000
64.895000	59.935876	0.320621	1.363775	-0.000000	1.684396	60.000000
64.793000	59.908955	0.455227	1.363710	-0.000000	1.818937	60.000000
64.696000	59.893443	0.532786	1.363621	-0.000000	1.896407	60.000000
64.597000	59.855898	0.720511	1.363516	-0.000000	2.084027	60.000000
64.494000	59.828134	0.859328	1.363367	-0.000000	2.222695	60.000000
64.394000	59.798618	1.006909	1.363196	-0.000000	2.370104	60.000000
64.295000	59.778578	1.107111	1.362996	-0.000000	2.470107	60.000000
64.195000	59.773746	1.131269	1.362775	0.000000	2.494044	60.000000
64.097000	59.773986	1.130069	1.362553	0.000000	2.492622	60.000000
63.998000	59.801570	0.992150	1.362329	-0.000000	2.354480	60.000000
63.900000	59.793433	1.032837	1.362135	0.000000	2.394972	60.000000
63.795000	59.816121	0.919393	1.361918	0.000000	2.281311	60.000000
63.699000	59.832599	0.837006	1.361741	0.000000	2.198748	60.000000
63.594000	59.860665	0.696674	1.361566	0.000000	2.058239	60.000000
63.495000	59.897001	0.514997	1.361428	0.000000	1.876425	60.000000
63.395000	59.935390	0.323048	1.361325	0.000000	1.684373	60.000000
63.298000	59.971915	0.140426	1.361262	0.000000	1.501688	60.000000
63.194000	60.011667	-0.058336	1.361233	0.000000	1.302897	60.000000
63.096000	60.060108	-0.300538	1.361244	0.000000	1.060706	60.000000
62.994000	60.096500	-0.482501	1.361306	0.000000	0.878804	60.000000
62.895000	60.117569	-0.587846	1.361401	0.000000	0.773555	60.000000
62.795000	60.158688	-0.793438	1.361519	0.000000	0.568080	60.000000
62.696000	60.204643	-1.023217	1.361676	0.000000	0.338458	60.000000
62.594000	60.249391	-1.246956	1.361885	0.000000	0.114928	60.000000
62.494000	60.271972	-1.359862	1.362134	0.000000	0.002272	60.000000
62.396000	60.299823	-1.499113	1.362400	0.000000	-0.136713	60.000000
62.295000	60.323440	-1.617198	1.362703	0.000000	-0.254495	60.000000
62.196000	60.354318	-1.771590	1.363023	0.000000	-0.408567	60.000000
62.100000	60.380964	-1.904822	1.363364	0.000000	-0.541458	60.000000
61.995000	60.403250	-2.016248	1.363764	0.000000	-0.652484	60.000000
61.896000	60.424619	-2.123093	1.364163	0.000000	-0.758930	60.000000
61.795000	60.447750	-2.238749	1.364592	0.000000	-0.874157	60.000000
61.697000	60.469974	-2.349872	1.365031	0.000000	-0.984841	60.000000
61.594000	60.492799	-2.463995	1.365515	0.000000	-1.098480	60.000000
61.497000	60.507272	-2.536361	1.365993	0.000000	-1.170369	60.000000
61.399000	60.522530	-2.612650	1.366490	0.000000	-1.246160	60.000000
61.294000	60.535365	-2.676824	1.367038	0.000000	-1.309786	60.000000
61.197000	60.547535	-2.737675	1.367558	0.000000	-1.370118	60.000000
61.097000	60.553289	-2.766443	1.368105	0.000000	-1.398338	60.000000
60.993000	60.559041	-2.795204	1.368681	0.000000	-1.426524	60.000000
60.896000	60.565704	-2.828519	1.369223	-0.000000	-1.459296	60.000000
60.800000	60.561340	-2.806699	1.369766	-0.000000	-1.436933	60.000000
60.695000	60.540575	-2.702874	1.370355	-0.000000	-1.332519	60.000000
60.595000	60.513386	-2.566932	1.370896	-0.000000	-1.196036	60.000000
60.497000	60.479536	-2.397681	1.371399	-0.000000	-1.026282	60.000000
60.396000	60.447391	-2.236953	1.371883	-0.000000	-0.865070	60.000000
60.296000	60.410811	-2.054055	1.372331	-0.000000	-0.681725	60.000000
60.206000	60.372366	-1.861828	1.372701	-0.000000	-0.489128	60.000000
60.094000	60.311998	-1.559992	1.373118	-0.000000	-0.186874	60.000000
59.996000	60.251382	-1.256911	1.373423	-0.000000	0.116512	60.000000
59.898000	60.205675	-1.028376	1.373670	-0.000000	0.345293	60.000000
59.795000	60.168065	-0.840326	1.373882	-0.000000	0.533555	60.000000
59.694000	60.130771	-0.653857	1.374051	-0.000000	0.720194	60.000000
59.597000	60.079975	-0.399877	1.374178	-0.000000	0.974301	60.000000
59.495000	60.028321	-0.141606	1.374260	-0.000000	1.232654	60.000000
59.395000	59.973182	0.134090	1.374288	-0.000000	1.508378	60.000000
59.297000	59.921992	0.390040	1.374262	-0.000000	1.764301	60.000000
59.196000	59.865136	0.674319	1.374183	-0.000000	2.048502	60.000000
59.094000	59.821254	0.893732	1.374045	-0.000000	2.267777	60.000000
58.996000	59.793604	1.031979	1.373870	-0.000000	2.405849	60.000000
58.896000	59.773568	1.132161	1.373664	-0.000000	2.505825	60.000000
58.798000	59.759264	1.203678	1.373442	-0.000000	2.577120	60.000000
58.695000	59.754374	1.228132	1.373194	-0.000000	2.601326	60.000000
58.597000	59.752622	1.236889	1.372953	0.000000	2.609842	60.000000
58.496000	59.753829	1.230855	1.372703	0.000000	2.603558	60.000000
58.395000	59.761916	1.190422	1.372455	0.000000	2.562877	60.000000
58.296000	59.773145	1.134273	1.372219	0.000000	2.506492	60.000000
58.195000	59.796271	1.018643	1.371990	0.000000	2.390633	60.000000
58.094000	59.812619	0.936907	1.371784	0.000000	2.308691	60.000000
57.996000	59.827233	0.863834	1.371601	0.000000	2.235434	60.000000
57.899000	59.861089	0.694555	1.371433	0.000000	2.065988	60.000000
57.795000	59.897674	0.511631	1.371288	0.000000	1.882920	60.000000
57.695000	59.947104	0.264479	1.371186	0.000000	1.635665	60.000000
57.595000	59.987730	0.061352	1.371133	0.000000	1.432486	60.000000
57.495000	60.026745	-0.133723	1.371121	0.000000	1.237398	60.000000
57.398000	60.074760	-0.373800	1.371147	0.000000	0.997347	60.000000
57.297000	60.116663	-0.583313	1.371222	0.000000	0.787910	60.000000
57.195000	60.158018	-0.790089	1.371341	0.000000	0.581253	60.000000
57.095000	60.192531	-0.962655	1.371499	0.000000	0.408845	60.000000
56.996000	60.216876	-1.084378	1.371690	0.000000	0.287312	60.000000
56.894000	60.247511	-1.237553	1.371911	0.000000	0.134358	60.000000
56.795000	60.276036	-1.380181	1.372156	0.000000	-0.008025	60.000000
56.699000	60.306487	-1.532435	1.372421	0.000000	-0.160013	60.000000
56.594000	60.345423	-1.727117	1.372743	0.000000	-0.354374	60.000000
56.495000	60.376365	-1.881825	1.373085	0.000000	-0.508740	60.000000
56.398000	60.406700	-2.033500	1.373450	0.000000	-0.660050	60.000000
56.294000	60.424558	-2.122790	1.373873	0.000000	-0.748917	60.000000
56.195000	60.442483	-2.212416	1.374293	0.000000	-0.838123	60.000000
56.096000	60.455079	-2.275393	1.374732	0.000000	-0.900662	60.000000
55.995000	60.473422	-2.367111	1.375191	0.000000	-0.991920	60.000000
55.896000	60.490805	-2.454027	1.375660	-0.000000	-1.078367	60.000000
55.795000	60.487711	-2.438556	1.376156	-0.000000	-1.062401	60.000000
55.694000	60.475058	-2.375290	1.376648	0.000000	-0.998642	60.000000
55.596000	60.480325	-2.401623	1.377114	0.000000	-1.024509	60.000000
55.501000	60.508548	-2.542738	1.377570	-0.000000	-1.165168	60.000000
55.397000	60.502791	-2.513957	1.378099	-0.000000	-1.135858	60.000000
55.295000	60.488443	-2.442215	1.378612	-0.000000	-1.063604	60.000000
55.202000	60.474754	-2.373770	1.379066	-0.000000	-0.994704	60.000000
55.098000	60.449383	-2.246915	1.379560	-0.000000	-0.867355	60.000000
54.995000	60.430493	-2.152466	1.380023	-0.000000	-0.772443	60.000000
54.892000	60.406212	-2.031059	1.380466	-0.000000	-0.650593	60.000000
54.795000	60.369889	-1.849446	1.380860	-0.000000	-0.468585	60.000000
54.694000	60.328043	-1.640215	1.381234	-0.000000	-0.258981	60.000000
54.598000	60.293770	-1.468852	1.381549	-0.000000	-0.087304	60.000000
54.496000	60.252055	-1.260274	1.381848	-0.000000	0.121574	60.000000
54.396000	60.205182	-1.025908	1.382100	-0.000000	0.356192	60.000000
54.294000	60.175395	-0.876977	1.382310	-0.000000	0.505332	60.000000
54.193000	60.138092	-0.690461	1.382487	-0.000000	0.692026	60.000000
54.094000	60.101463	-0.507314	1.382623	-0.000000	0.875309	60.000000
53.997000	60.060592	-0.302960	1.382722	-0.000000	1.079762	60.000000
53.896000	60.011367	-0.056836	1.382783	-0.000000	1.325947	60.000000
53.798000	59.969316	0.153421	1.382794	-0.000000	1.536215	60.000000
53.694000	59.931960	0.340200	1.382762	-0.000000	1.722962	60.000000
53.595000	59.894772	0.526141	1.382695	-0.000000	1.908836	60.000000
53.496000	59.853425	0.732875	1.382591	-0.000000	2.115466	60.000000
53.394000	59.820104	0.899478	1.382441	-0.000000	2.281920	60.000000
53.297000	59.798195	1.009027	1.382267	-0.000000	2.391294	60.000000
53.197000	59.785762	1.071191	1.382065	0.000000	2.453256	60.000000
53.095000	59.788236	1.058820	1.381846	0.000000	2.440666	60.000000
52.995000	59.795360	1.023202	1.381635	0.000000	2.404837	60.000000
52.900000	59.803142	0.984292	1.381440	0.000000	2.365732	60.000000
52.796000	59.814857	0.925716	1.381235	0.000000	2.306951	60.000000
52.696000	59.828683	0.856585	1.381050	0.000000	2.237636	60.000000
52.599000	59.839725	0.801375	1.380884	0.000000	2.182259	60.000000
52.496000	59.851914	0.740432	1.380719	0.000000	2.121151	60.000000
52.395000	59.879133	0.604337	1.380569	0.000000	1.984906	60.000000
52.294000	59.925311	0.373444	1.380447	0.000000	1.753892	60.000000
52.194000	59.954775	0.226125	1.380373	0.000000	1.606498	60.000000
52.094000	60.009183	-0.045913	1.380327	0.000000	1.334415	60.000000
51.999000	60.056354	-0.281772	1.380336	0.000000	1.098564	60.000000
51.895000	60.100555	-0.502774	1.380395	0.000000	0.877621	60.000000
51.794000	60.161470	-0.807348	1.380496	0.000000	0.573148	60.000000
51.696000	60.229050	-1.145250	1.380655	0.000000	0.235405	60.000000
51.597000	60.262892	-1.314460	1.380881	0.000000	0.066421	60.000000
51.496000	60.287838	-1.439190	1.381147	0.000000	-0.058043	60.000000
51.396000	60.310001	-1.550004	1.381435	0.000000	-0.168569	60.000000
51.297000	60.353653	-1.768267	1.381742	0.000000	-0.386526	60.000000
51.195000	60.367099	-1.835495	1.382102	0.000000	-0.453393	60.000000
51.097000	60.387198	-1.935991	1.382462	0.000000	-0.553529	60.000000
50.996000	60.422991	-2.114954	1.382853	-0.000000	-0.732101	60.000000
50.896000	60.390047	-1.950237	1.383276	0.000000	-0.566961	60.000000
50.793000	60.422259	-2.111295	1.383678	0.000000	-0.727617	60.000000
50.696000	60.467067	-2.335337	1.384088	-0.000000	-0.951249	60.000000
50.596000	60.450958	-2.254791	1.384555	0.000000	-0.870236	60.000000
50.497000	60.526594	-2.632969	1.385001	0.000000	-1.247968	60.000000
50.399000	60.548805	-2.744025	1.385517	-0.000000	-1.358508	60.000000
50.297000	60.526587	-2.632936	1.386077	0.000000	-1.246859	60.000000
50.211000	60.572299	-2.861497	1.386530	-0.000000	-1.474968	60.000000
50.096000	60.536158	-2.680792	1.387188	-0.000000	-1.293604	60.000000
49.996000	60.512357	-2.561786	1.387724	-0.000000	-1.174062	60.000000
49.898000	60.500066	-2.500329	1.388226	-0.000000	-1.112103	60.000000
49.800000	60.486077	-2.430384	1.388716	-0.000000	-1.041668	60.000000
49.695000	60.465071	-2.325355	1.389227	-0.000000	-0.936128	60.000000
49.597000	60.440126	-2.200632	1.389682	-0.000000	-0.810949	60.000000
49.496000	60.407303	-2.036514	1.390127	-0.000000	-0.646387	60.000000
49.398000	60.367040	-1.835200	1.390526	-0.000000	-0.444673	60.000000
49.294000	60.326109	-1.630543	1.390908	-0.000000	-0.239635	60.000000
49.197000	60.284082	-1.420411	1.391224	-0.000000	-0.029186	60.000000
49.097000	60.211063	-1.055315	1.391508	-0.000000	0.336194	60.000000
48.996000	60.204826	-1.024132	1.391721	-0.000000	0.367589	60.000000
48.895000	60.149785	-0.748924	1.391928	-0.000000	0.643004	60.000000
48.798000	60.092744	-0.463722	1.392074	-0.000000	0.928352	60.000000
48.694000	60.045821	-0.229107	1.392170	-0.000000	1.163063	60.000000
48.598000	60.006340	-0.031700	1.392214	-0.000000	1.360514	60.000000
48.500000	59.970523	0.147386	1.392220	-0.000000	1.539606	60.000000
48.393000	59.924291	0.378547	1.392189	-0.000000	1.770736	60.000000
48.295000	59.882756	0.586220	1.392114	-0.000000	1.978334	60.000000
48.196000	59.843405	0.782976	1.391998	-0.000000	2.174974	60.000000
48.096000	59.825961	0.870197	1.391842	-0.000000	2.262039	60.000000
47.997000	59.790887	1.045564	1.391669	-0.000000	2.437233	60.000000
47.898000	59.778575	1.107124	1.391462	-0.000000	2.498586	60.000000
47.795000	59.760467	1.197664	1.391234	-0.000000	2.588898	60.000000
47.696000	59.740491	1.297544	1.390997	-0.000000	2.688541	60.000000
47.595000	59.726543	1.367285	1.390735	0.000000	2.758020	60.000000
47.497000	59.733423	1.332887	1.390467	0.000000	2.723354	60.000000
47.396000	59.767528	1.162361	1.390198	0.000000	2.552559	60.000000
47.298000	59.784854	1.075730	1.389970	0.000000	2.465701	60.000000
47.197000	59.800667	0.996663	1.389753	0.000000	2.386416	60.000000
47.096000	59.825660	0.871699	1.389551	0.000000	2.261250	60.000000
46.997000	59.853303	0.733485	1.389379	0.000000	2.122864	60.000000
46.898000	59.899604	0.501982	1.389234	0.000000	1.891216	60.000000
46.795000	59.937265	0.313675	1.389130	0.000000	1.702805	60.000000
46.697000	59.970948	0.145261	1.389069	0.000000	1.534330	60.000000
46.599000	60.010035	-0.050177	1.389040	0.000000	1.338863	60.000000
46.497000	60.051878	-0.259388	1.389051	0.000000	1.129663	60.000000
46.396000	60.091053	-0.455267	1.389103	0.000000	0.933836	60.000000
46.295000	60.130948	-0.654738	1.389195	0.000000	0.734457	60.000000
46.195000	60.179392	-0.896961	1.389326	0.000000	0.492365	60.000000
46.096000	60.228622	-1.143111	1.389503	0.000000	0.246392	60.000000
46.000000	60.266882	-1.334410	1.389723	0.000000	0.055313	60.000000
45.895000	60.301464	-1.507319	1.390003	0.000000	-0.117316	60.000000
45.796000	60.331254	-1.656270	1.390302	0.000000	-0.265969	60.000000
45.697000	60.353592	-1.767958	1.390630	0.000000	-0.377329	60.000000
45.595000	60.380297	-1.901486	1.390990	0.000000	-0.510496	60.000000
45.497000	60.415233	-2.076164	1.391363	0.000000	-0.684801	60.000000
45.397000	60.454952	-2.274761	1.391778	0.000000	-0.882983	60.000000
45.295000	60.493772	-2.468858	1.392242	0.000000	-1.076616	60.000000
45.204000	60.531313	-2.656565	1.392691	0.000000	-1.263873	60.000000
45.097000	60.560923	-2.804614	1.393260	0.000000	-1.411354	60.000000
44.997000	60.580844	-2.904222	1.393821	0.000000	-1.510401	60.000000
44.895000	60.597981	-2.989907	1.394413	0.000000	-1.595493	60.000000
44.796000	60.613839	-3.069195	1.395005	0.000000	-1.674189	60.000000
44.699000	60.628191	-3.140956	1.395601	0.000000	-1.745355	60.000000
44.607000	60.632734	-3.163670	1.396179	0.000000	-1.767491	60.000000
44.521000	60.638972	-3.194859	1.396723	-0.000000	-1.798136	60.000000
44.437000	60.635638	-3.178192	1.397260	0.000000	-1.780932	60.000000
44.353000	60.637640	-3.188200	1.397794	-0.000000	-1.790407	60.000000
44.265000	60.633272	-3.166361	1.398355	-0.000000	-1.768006	60.000000
44.098000	60.623222	-3.116109	1.399412	-0.000000	-1.716697	60.000000
43.995000	60.615959	-3.079795	1.400054	-0.000000	-1.679741	60.000000
43.895000	60.600462	-3.002310	1.400670	-0.000000	-1.601639	60.000000
43.798000	60.589018	-2.945090	1.401253	-0.000000	-1.543838	60.000000
43.696000	60.584896	-2.924481	1.401853	-0.000000	-1.522628	60.000000
43.598000	60.579813	-2.899063	1.402427	-0.000000	-1.496636	60.000000
43.495000	60.549842	-2.749211	1.403024	-0.000000	-1.346187	60.000000
43.395000	60.510662	-2.553311	1.403574	-0.000000	-1.149738	60.000000
43.296000	60.459499	-2.297495	1.404079	-0.000000	-0.893416	60.000000
43.201000	60.401494	-2.007470	1.404516	-0.000000	-0.602954	60.000000
43.100000	60.343968	-1.719839	1.404921	-0.000000	-0.314918	60.000000
42.996000	60.277606	-1.388031	1.405279	-0.000000	0.017248	60.000000
42.895000	60.216868	-1.084338	1.405559	-0.000000	0.321221	60.000000
42.797000	60.163162	-0.815809	1.405772	-0.000000	0.589962	60.000000
42.697000	60.113694	-0.568468	1.405935	-0.000000	0.837467	60.000000
42.598000	60.064649	-0.323246	1.406048	-0.000000	1.082802	60.000000
42.499000	60.016268	-0.081339	1.406112	-0.000000	1.324772	60.000000
42.395000	59.972698	0.136511	1.406128	-0.000000	1.542639	60.000000
42.296000	59.941011	0.294947	1.406101	-0.000000	1.701048	60.000000
42.196000	59.904430	0.477851	1.406042	-0.000000	1.883893	60.000000
42.094000	59.865923	0.670383	1.405945	-0.000000	2.076328	60.000000
41.995000	59.826984	0.865081	1.405812	-0.000000	2.270893	60.000000
41.899000	59.788898	1.055508	1.405646	-0.000000	2.461154	60.000000
41.800000	59.751543	1.242287	1.405437	-0.000000	2.647724	60.000000
41.697000	59.719063	1.404686	1.405181	-0.000000	2.809867	60.000000
41.596000	59.710250	1.448752	1.404898	0.000000	2.853650	60.000000
41.495000	59.717189	1.414053	1.404605	0.000000	2.818658	60.000000
41.395000	59.730947	1.345265	1.404322	0.000000	2.749587	60.000000
41.298000	59.745318	1.273412	1.404061	0.000000	2.677473	60.000000
41.199000	59.759566	1.202170	1.403809	0.000000	2.605979	60.000000
41.093000	59.773144	1.134280	1.403554	0.000000	2.537834	60.000000
40.995000	59.786003	1.069984	1.403332	0.000000	2.473316	60.000000
40.896000	59.802663	0.986686	1.403120	0.000000	2.389806	60.000000
40.797000	59.826933	0.865336	1.402925	0.000000	2.268260	60.000000
40.697000	59.853062	0.734692	1.402751	0.000000	2.137444	60.000000
40.598000	59.875635	0.621824	1.402606	0.000000	2.024430	60.000000
40.495000	59.949039	0.254803	1.402478	0.000000	1.657281	60.000000
40.396000	59.973004	0.134982	1.402427	0.000000	1.537409	60.000000
40.296000	60.025835	-0.129176	1.402400	0.000000	1.273225	60.000000
40.198000	60.076643	-0.383216	1.402426	0.000000	1.019209	60.000000
40.094000	60.148090	-0.740449	1.402505	0.000000	0.662056	60.000000
39.994000	60.207974	-1.039871	1.402654	0.000000	0.362782	60.000000
39.897000	60.237703	-1.188513	1.402855	0.000000	0.214343	60.000000
39.796000	60.271667	-1.358335	1.403095	0.000000	0.044761	60.000000
39.695000	60.300918	-1.504588	1.403370	0.000000	-0.101219	60.000000
39.594000	60.320956	-1.604781	1.403674	0.000000	-0.201108	60.000000
39.496000	60.357469	-1.787343	1.403988	0.000000	-0.383355	60.000000
39.401000	60.403667	-2.018333	1.404328	0.000000	-0.614005	60.000000
39.297000	60.448963	-2.244816	1.404748	0.000000	-0.840068	60.000000
39.194000	60.493350	-2.466752	1.405210	0.000000	-1.061542	60.000000
39.098000	60.534642	-2.673212	1.405684	0.000000	-1.267528	60.000000
38.999000	60.570183	-2.850917	1.406213	0.000000	-1.444704	60.000000
38.896000	60.602400	-3.012002	1.406800	0.000000	-1.605202	60.000000
38.797000	60.625408	-3.127039	1.407397	0.000000	-1.719643	60.000000
38.697000	60.643634	-3.218172	1.408022	0.000000	-1.810150	60.000000
38.595000	60.660583	-3.302915	1.408679	0.000000	-1.894237	60.000000
38.496000	60.670820	-3.354101	1.409333	0.000000	-1.944769	60.000000
38.399000	60.673906	-3.369531	1.409983	0.000000	-1.959548	60.000000
38.297000	60.689406	-3.447030	1.410671	0.000000	-2.036359	60.000000
38.195000	60.696129	-3.480647	1.411374	0.000000	-2.069273	60.000000
38.095000	60.699332	-3.496662	1.412070	-0.000000	-2.084592	60.000000
37.997000	60.698852	-3.494261	1.412755	-0.000000	-2.081506	60.000000
37.896000	60.687046	-3.435232	1.413461	-0.000000	-2.021771	60.000000
37.799000	60.680320	-3.401601	1.414128	-0.000000	-1.987474	60.000000
37.695000	60.669365	-3.346824	1.414835	-0.000000	-1.931988	60.000000
37.596000	60.652715	-3.263574	1.415498	-0.000000	-1.848076	60.000000
37.497000	60.634309	-3.171547	1.416144	-0.000000	-1.755403	60.000000
37.397000	60.607245	-3.036223	1.416778	-0.000000	-1.619445	60.000000
37.297000	60.571519	-2.857596	1.417386	-0.000000	-1.440211	60.000000
37.198000	60.524166	-2.620829	1.417951	-0.000000	-1.202877	60.000000
37.097000	60.471607	-2.358037	1.418481	-0.000000	-0.939557	60.000000
36.996000	60.423353	-2.116763	1.418957	-0.000000	-0.697806	60.000000
36.896000	60.371393	-1.856965	1.419380	-0.000000	-0.437585	60.000000
36.797000	60.322288	-1.611440	1.419748	-0.000000	-0.191692	60.000000
36.695000	60.276518	-1.382589	1.420077	-0.000000	0.037487	60.000000
36.598000	60.226077	-1.130385	1.420345	-0.000000	0.289960	60.000000
36.499000	60.180359	-0.901797	1.420569	-0.000000	0.518772	60.000000
36.395000	60.104434	-0.522172	1.420756	-0.000000	0.898584	60.000000
36.296000	60.043880	-0.219401	1.420860	-0.000000	1.201459	60.000000
36.199000	59.979638	0.101811	1.420902	-0.000000	1.522714	60.000000
36.095000	59.927910	0.360450	1.420881	-0.000000	1.781331	60.000000
35.996000	59.900745	0.496276	1.420810	-0.000000	1.917086	60.000000
35.897000	59.865077	0.674614	1.420712	-0.000000	2.095325	60.000000
35.793000	59.837248	0.813759	1.420571	-0.000000	2.234331	60.000000
35.694000	59.808156	0.959221	1.420410	-0.000000	2.379632	60.000000
35.596000	59.791131	1.044344	1.420222	-0.000000	2.464566	60.000000
35.496000	59.789265	1.053677	1.420013	-0.000000	2.473690	60.000000
35.398000	59.769523	1.152384	1.419807	-0.000000	2.572191	60.000000
35.293000	59.768200	1.159002	1.419565	-0.000000	2.578567	60.000000
35.208000	59.760471	1.197644	1.419368	0.000000	2.617012	60.000000
35.097000	59.767591	1.162046	1.419102	-0.000000	2.581148	60.000000
34.998000	59.760589	1.197054	1.418872	0.000000	2.615925	60.000000
34.899000	59.770613	1.146933	1.418635	0.000000	2.565567	60.000000
34.796000	59.781174	1.094129	1.418398	0.000000	2.512528	60.000000
34.699000	59.791314	1.043432	1.418186	0.000000	2.461618	60.000000
34.594000	59.810324	0.948379	1.417967	0.000000	2.366346	60.000000
34.496000	59.842140	0.789299	1.417781	0.000000	2.207080	60.000000
34.398000	59.876786	0.616071	1.417626	0.000000	2.033697	60.000000
34.299000	59.909743	0.451285	1.417505	0.000000	1.868789	60.000000
34.195000	59.946627	0.266866	1.417411	0.000000	1.684276	60.000000
34.096000	59.979092	0.104540	1.417358	0.000000	1.521898	60.000000
33.996000	60.022264	-0.111318	1.417337	0.000000	1.306019	60.000000
33.893000	60.073002	-0.365009	1.417360	0.000000	1.052351	60.000000
33.796000	60.114174	-0.570870	1.417431	0.000000	0.846561	60.000000
33.701000	60.148993	-0.744963	1.417539	0.000000	0.672576	60.000000
33.597000	60.183626	-0.918128	1.417694	0.000000	0.499566	60.000000
33.495000	60.212150	-1.060749	1.417881	0.000000	0.357132	60.000000
33.397000	60.242547	-1.212734	1.418089	0.000000	0.205356	60.000000
33.299000	60.274516	-1.372581	1.418327	0.000000	0.045746	60.000000
33.196000	60.308425	-1.542127	1.418610	0.000000	-0.123517	60.000000
33.098000	60.340216	-1.701080	1.418912	0.000000	-0.282168	60.000000
32.999000	60.368011	-1.840056	1.419249	0.000000	-0.420807	60.000000
32.898000	60.396948	-1.984742	1.419620	0.000000	-0.565122	60.000000
32.798000	60.427882	-2.139410	1.420017	0.000000	-0.719393	60.000000
32.703000	60.457137	-2.285684	1.420424	0.000000	-0.865260	60.000000
32.596000	60.487173	-2.435866	1.420913	0.000000	-1.014953	60.000000
32.499000	60.516228	-2.581138	1.421386	0.000000	-1.159752	60.000000
32.401000	60.535849	-2.679245	1.421892	0.000000	-1.257354	60.000000
32.299000	60.543900	-2.719501	1.422438	0.000000	-1.297063	60.000000
32.196000	60.548572	-2.742861	1.422998	0.000000	-1.319863	60.000000
32.096000	60.550200	-2.751000	1.423547	-0.000000	-1.327453	60.000000
31.996000	60.545782	-2.728911	1.424097	0.000000	-1.304814	60.000000
31.897000	60.545784	-2.728918	1.424637	-0.000000	-1.304281	60.000000
31.802000	60.536089	-2.680443	1.425156	-0.000000	-1.255287	60.000000
31.696000	60.531495	-2.657473	1.425724	-0.000000	-1.231749	60.000000
31.596000	60.530881	-2.654406	1.426256	-0.000000	-1.228150	60.000000
31.498000	60.525142	-2.625712	1.426776	-0.000000	-1.198936	60.000000
31.400000	60.506605	-2.533025	1.427291	-0.000000	-1.105735	60.000000
31.298000	60.482988	-2.414941	1.427807	-0.000000	-0.987134	60.000000
31.198000	60.456829	-2.284144	1.428290	-0.000000	-0.855854	60.000000
31.096000	60.434849	-2.174245	1.428756	-0.000000	-0.745489	60.000000
30.998000	60.422385	-2.111927	1.429182	-0.000000	-0.682745	60.000000
30.899000	60.404940	-2.024702	1.429601	-0.000000	-0.595102	60.000000
30.798000	60.372066	-1.860328	1.430010	-0.000000	-0.430319	60.000000
30.696000	60.335547	-1.677733	1.430389	-0.000000	-0.247344	60.000000
30.598000	60.278088	-1.390439	1.430718	-0.000000	0.040279	60.000000
30.500000	60.224503	-1.122516	1.430990	-0.000000	0.308475	60.000000
30.397000	60.169888	-0.849440	1.431222	-0.000000	0.581781	60.000000
30.297000	60.116543	-0.582714	1.431392	-0.000000	0.848677	60.000000
30.201000	60.067196	-0.335979	1.431503	-0.000000	1.095525	60.000000
30.096000	60.013300	-0.066502	1.431574	-0.000000	1.365072	60.000000
29.997000	59.958456	0.207719	1.431587	-0.000000	1.639307	60.000000
29.899000	59.916806	0.415969	1.431546	-0.000000	1.847515	60.000000
29.795000	59.870329	0.648356	1.431460	-0.000000	2.079816	60.000000
29.696000	59.843039	0.784807	1.431332	-0.000000	2.216138	60.000000
29.598000	59.826683	0.866583	1.431178	-0.000000	2.297760	60.000000
29.496000	59.814071	0.929645	1.431001	-0.000000	2.360646	60.000000
29.399000	59.791615	1.041923	1.430821	-0.000000	2.472744	60.000000
29.294000	59.771574	1.142132	1.430602	-0.000000	2.572733	60.000000
29.196000	59.755395	1.223023	1.430378	-0.000000	2.653401	60.000000
29.098000	59.748095	1.259526	1.430138	0.000000	2.689664	60.000000
29.000000	59.749546	1.252271	1.429891	0.000000	2.682162	60.000000
28.904000	59.757871	1.210645	1.429651	0.000000	2.640296	60.000000
28.796000	59.764571	1.177146	1.429389	0.000000	2.606535	60.000000
28.696000	59.785275	1.073625	1.429154	0.000000	2.502779	60.000000
28.597000	59.816485	0.917576	1.428941	0.000000	2.346517	60.000000
28.497000	59.852341	0.738293	1.428758	0.000000	2.167051	60.000000
28.401000	59.880954	0.595231	1.428616	0.000000	2.023847	60.000000
28.300000	59.919399	0.403007	1.428496	0.000000	1.831503	60.000000
28.199000	59.952172	0.239140	1.428414	0.000000	1.667554	60.000000
28.097000	59.982052	0.089742	1.428366	0.000000	1.518108	60.000000
28.000000	60.014815	-0.074075	1.428348	0.000000	1.354273	60.000000
27.894000	60.055025	-0.275127	1.428364	0.000000	1.153237	60.000000
27.795000	60.108431	-0.542156	1.428418	0.000000	0.886263	60.000000
27.702000	60.154813	-0.774067	1.428519	0.000000	0.654452	60.000000
27.598000	60.213608	-1.068040	1.428680	0.000000	0.360640	60.000000
27.498000	60.261806	-1.309032	1.428894	0.000000	0.119862	60.000000
27.397000	60.306547	-1.532737	1.429158	0.000000	-0.103579	60.000000
27.298000	60.344575	-1.722873	1.429462	0.000000	-0.293411	60.000000
27.198000	60.374427	-1.872133	1.429806	0.000000	-0.442326	60.000000
27.100000	60.401429	-2.007147	1.430173	0.000000	-0.576974	60.000000
26.999000	60.429830	-2.149150	1.430579	0.000000	-0.718571	60.000000
26.896000	60.462588	-2.312939	1.431021	0.000000	-0.881917	60.000000
26.796000	60.491837	-2.459185	1.431484	0.000000	-1.027701	60.000000
26.697000	60.517986	-2.589929	1.431971	0.000000	-1.157958	60.000000
26.596000	60.531496	-2.657479	1.432494	0.000000	-1.224985	60.000000
26.499000	60.547293	-2.736465	1.433010	0.000000	-1.303455	60.000000
26.396000	60.569025	-2.845126	1.433573	0.000000	-1.411552	60.000000
26.296000	60.593078	-2.965390	1.434142	0.000000	-1.531247	60.000000
26.206000	60.619891	-3.099456	1.434676	0.000000	-1.664779	60.000000
26.100000	60.648535	-3.242676	1.435333	0.000000	-1.807342	60.000000
25.999000	60.659500	-3.297501	1.435988	0.000000	-1.861512	60.000000
25.897000	60.669490	-3.347449	1.436661	0.000000	-1.910788	60.000000
25.796000	60.670449	-3.352245	1.437337	-0.000000	-1.914908	60.000000
25.696000	60.669001	-3.345007	1.438008	-0.000000	-1.907000	60.000000
25.597000	60.662460	-3.312298	1.438670	-0.000000	-1.873628	60.000000
25.499000	60.655381	-3.276905	1.439319	-0.000000	-1.837586	60.000000
25.395000	60.636667	-3.183337	1.440001	-0.000000	-1.743337	60.000000
25.296000	60.615720	-3.078598	1.440631	-0.000000	-1.637967	60.000000
25.198000	60.595310	-2.976548	1.441234	-0.000000	-1.535314	60.000000
25.096000	60.581204	-2.906018	1.441842	-0.000000	-1.464176	60.000000
24.998000	60.552989	-2.764943	1.442411	-0.000000	-1.322532	60.000000
24.898000	60.515746	-2.578730	1.442964	-0.000000	-1.135765	60.000000
24.800000	60.470632	-2.353161	1.443470	-0.000000	-0.909691	60.000000
24.697000	60.419239	-2.096195	1.443954	-0.000000	-0.652240	60.000000
24.601000	60.362558	-1.812788	1.444357	-0.000000	-0.368431	60.000000
24.495000	60.304609	-1.523045	1.444741	-0.000000	-0.078304	60.000000
24.396000	60.238483	-1.192414	1.445043	-0.000000	0.252629	60.000000
24.299000	60.176665	-0.883327	1.445274	-0.000000	0.561948	60.000000
24.203000	60.111701	-0.558507	1.445444	-0.000000	0.886937	60.000000
24.096000	60.051144	-0.255722	1.445563	-0.000000	1.189841	60.000000
23.995000	59.998174	0.009132	1.445615	-0.000000	1.454747	60.000000
23.896000	59.953988	0.230061	1.445613	-0.000000	1.675674	60.000000
23.795000	59.916923	0.415385	1.445567	-0.000000	1.860952	60.000000
23.698000	59.884875	0.575625	1.445486	-0.000000	2.021111	60.000000
23.600000	59.850589	0.747056	1.445373	-0.000000	2.192430	60.000000
23.496000	59.822821	0.885894	1.445218	-0.000000	2.331111	60.000000
23.396000	59.801090	0.994551	1.445041	-0.000000	2.439592	60.000000
23.297000	59.775072	1.124638	1.444844	-0.000000	2.569482	60.000000
23.198000	59.753947	1.230264	1.444621	-0.000000	2.674885	60.000000
23.099000	59.740307	1.298463	1.444377	-0.000000	2.742840	60.000000
23.000000	59.724738	1.376310	1.444120	-0.000000	2.820430	60.000000
22.897000	59.712179	1.439104	1.443837	-0.000000	2.882940	60.000000
22.796000	59.706631	1.466843	1.443546	0.000000	2.910389	60.000000
22.698000	59.712784	1.436080	1.443259	0.000000	2.879338	60.000000
22.599000	59.739771	1.301145	1.442974	0.000000	2.744119	60.000000
22.497000	59.775137	1.124316	1.442709	0.000000	2.567025	60.000000
22.398000	59.791377	1.043116	1.442486	0.000000	2.485603	60.000000
22.299000	59.817210	0.913948	1.442280	0.000000	2.356228	60.000000
22.199000	59.841114	0.794428	1.442097	0.000000	2.236525	60.000000
22.099000	59.863147	0.684263	1.441938	0.000000	2.126201	60.000000
21.996000	59.894229	0.528857	1.441797	0.000000	1.970654	60.000000
21.896000	59.950972	0.245141	1.441691	0.000000	1.686832	60.000000
21.797000	60.000230	-0.001150	1.441643	0.000000	1.440493	60.000000
21.703000	60.048366	-0.241832	1.441643	0.000000	1.199811	60.000000
21.595000	60.099771	-0.498853	1.441695	0.000000	0.942843	60.000000
21.496000	60.154143	-0.770717	1.441794	0.000000	0.671077	60.000000
21.397000	60.214452	-1.072258	1.441947	0.000000	0.369689	60.000000
21.296000	60.275120	-1.375601	1.442163	0.000000	0.066562	60.000000
21.197000	60.323078	-1.615389	1.442436	0.000000	-0.172953	60.000000
21.098000	60.371937	-1.859683	1.442755	0.000000	-0.416927	60.000000
20.996000	60.432668	-2.163342	1.443135	0.000000	-0.720207	60.000000
20.899000	60.505031	-2.525156	1.443554	0.000000	-1.081601	60.000000
20.797000	60.560437	-2.802186	1.444070	0.000000	-1.358116	60.000000
20.699000	60.603002	-3.015009	1.444619	0.000000	-1.570390	60.000000
20.597000	60.667547	-3.337736	1.445234	0.000000	-1.892503	60.000000
20.499000	60.718654	-3.593270	1.445888	0.000000	-2.147382	60.000000
20.395000	60.762488	-3.812442	1.446635	0.000000	-2.365807	60.000000
20.298000	60.814199	-4.070996	1.447375	0.000000	-2.623621	60.000000
20.202000	60.869783	-4.348914	1.448157	0.000000	-2.900757	60.000000
20.098000	60.935602	-4.678012	1.449061	0.000000	-3.228950	60.000000
19.997000	60.998753	-4.993764	1.450006	0.000000	-3.543758	60.000000
19.898000	61.038054	-5.190269	1.450995	0.000000	-3.739274	60.000000
19.798000	61.075116	-5.375582	1.452033	0.000000	-3.923549	60.000000
19.697000	61.132690	-5.663448	1.453119	0.000000	-4.210329	60.000000
19.597000	61.201479	-6.007397	1.454252	0.000000	-4.553145	60.000000
19.500000	61.248713	-6.243566	1.455417	0.000000	-4.788149	60.000000
19.396000	61.287522	-6.437609	1.456716	0.000000	-4.980893	60.000000
19.297000	61.325009	-6.625047	1.457990	0.000000	-5.167057	60.000000
19.198000	61.362243	-6.811214	1.459302	0.000000	-5.351912	60.000000
19.096000	61.394091	-6.970456	1.460692	0.000000	-5.509764	60.000000
18.996000	61.413471	-7.067353	1.462086	0.000000	-5.605267	60.000000
18.900000	61.431871	-7.159353	1.463443	0.000000	-5.695910	60.000000
18.798000	61.451734	-7.258672	1.464903	0.000000	-5.793768	60.000000
18.698000	61.466080	-7.330399	1.466355	0.000000	-5.864044	60.000000
18.596000	61.481651	-7.408255	1.467850	0.000000	-5.940404	60.000000
18.497000	61.496661	-7.483305	1.469317	0.000000	-6.013988	60.000000
18.397000	61.510592	-7.552961	1.470814	0.000000	-6.082147	60.000000
18.301000	61.523852	-7.619261	1.472264	0.000000	-6.146997	60.000000
18.203000	61.534688	-7.673440	1.473757	0.000000	-6.199683	60.000000
18.097000	61.545710	-7.728548	1.475384	0.000000	-6.253164	60.000000
17.998000	61.556606	-7.783030	1.476914	0.000000	-6.306115	60.000000
17.900000	61.568897	-7.844487	1.478440	0.000000	-6.366047	60.000000
17.799000	61.571079	-7.855396	1.480024	-0.000000	-6.375372	60.000000
17.697000	61.560905	-7.804526	1.481627	-0.000000	-6.322899	60.000000
17.597000	61.555333	-7.776667	1.483188	-0.000000	-6.293479	60.000000
17.497000	61.541168	-7.705840	1.484743	-0.000000	-6.221097	60.000000
17.397000	61.530935	-7.654674	1.486284	-0.000000	-6.168390	60.000000
17.297000	61.508414	-7.542072	1.487815	-0.000000	-6.054256	60.000000
17.194000	61.482067	-7.410333	1.489369	-0.000000	-5.920964	60.000000
17.097000	61.450225	-7.251125	1.490807	-0.000000	-5.760318	60.000000
16.998000	61.415885	-7.079426	1.492242	-0.000000	-5.587184	60.000000
16.897000	61.373383	-6.866913	1.493672	-0.000000	-5.373241	60.000000
16.798000	61.324095	-6.620473	1.495032	-0.000000	-5.125441	60.000000
16.698000	61.265118	-6.325592	1.496356	-0.000000	-4.829235	60.000000
16.596000	61.196151	-5.980755	1.497646	-0.000000	-4.483108	60.000000
16.498000	61.123915	-5.619573	1.498819	-0.000000	-4.120755	60.000000
16.400000	61.037938	-5.189691	1.499920	-0.000000	-3.689771	60.000000
16.301000	60.951402	-4.757010	1.500948	-0.000000	-3.256063	60.000000
16.197000	60.859679	-4.298394	1.501937	-0.000000	-2.796457	60.000000
16.103000	60.773211	-3.866056	1.502745	-0.000000	-2.363311	60.000000
16.001000	60.662889	-3.314444	1.503534	-0.000000	-1.810910	60.000000
15.897000	60.554682	-2.773412	1.504223	-0.000000	-1.269188	60.000000
15.799000	60.448901	-2.244507	1.504767	-0.000000	-0.739740	60.000000
15.700000	60.342997	-1.714983	1.505211	-0.000000	-0.209772	60.000000
15.597000	60.233341	-1.166707	1.505565	-0.000000	0.338858	60.000000
15.496000	60.122953	-0.614764	1.505800	-0.000000	0.891036	60.000000
15.400000	60.007065	-0.035326	1.505918	-0.000000	1.470592	60.000000
15.298000	59.882704	0.586481	1.505926	-0.000000	2.092407	60.000000
15.198000	59.757516	1.212422	1.505808	-0.000000	2.718230	60.000000
15.096000	59.633292	1.833542	1.505561	-0.000000	3.339103	60.000000
14.996000	59.510330	2.448352	1.505194	-0.000000	3.953547	60.000000
14.898000	59.384840	3.075802	1.504714	-0.000000	4.580516	60.000000
14.801000	59.252826	3.735872	1.504118	-0.000000	5.239990	60.000000
14.699000	59.129032	4.354840	1.503355	-0.000000	5.858195	60.000000
14.599000	59.002755	4.986225	1.502485	-0.000000	6.488710	60.000000
14.497000	58.872975	5.635125	1.501467	-0.000000	7.136592	60.000000
14.398000	58.743982	6.280088	1.500352	-0.000000	7.780440	60.000000
14.298000	58.618616	6.906921	1.499096	-0.000000	8.406017	60.000000
14.204000	58.503629	7.481856	1.497797	-0.000000	8.979653	60.000000
14.103000	58.378442	8.107790	1.496286	-0.000000	9.604076	60.000000
13.997000	58.248118	8.759412	1.494567	-0.000000	10.253979	60.000000
13.898000	58.122865	9.385675	1.492832	-0.000000	10.878507	60.000000
13.799000	57.993817	10.030913	1.490974	-0.000000	11.521887	60.000000
13.700000	57.868081	10.659597	1.488988	-0.000000	12.148585	60.000000
13.599000	57.747307	11.263464	1.486835	-0.000000	12.750299	60.000000
13.501000	57.637747	11.811263	1.484627	-0.000000	13.295890	60.000000
13.399000	57.522877	12.385615	1.482218	-0.000000	13.867832	60.000000
13.299000	57.398892	13.005541	1.479741	-0.000000	14.485281	60.000000
13.199000	57.269116	13.654420	1.477139	-0.000000	15.131560	60.000000
13.096000	57.129926	14.350370	1.474327	-0.000000	15.824697	60.000000
12.998000	57.000507	14.997466	1.471514	-0.000000	16.468980	60.000000
12.901000	56.874294	15.628529	1.468604	-0.000000	17.097134	60.000000
12.798000	56.761296	16.193520	1.465385	-0.000000	17.658905	60.000000
12.700000	56.651744	16.741279	1.462211	-0.000000	18.203490	60.000000
12.597000	56.521842	17.390789	1.458762	-0.000000	18.849551	60.000000
12.498000	56.393395	18.033023	1.455319	-0.000000	19.488342	60.000000
12.398000	56.268813	18.655934	1.451712	-0.000000	20.107646	60.000000
12.300000	56.147485	19.262577	1.448056	-0.000000	20.710633	60.000000
12.202000	56.016141	19.919295	1.444280	-0.000000	21.363575	60.000000
12.098000	55.875851	20.620743	1.440137	-0.000000	22.060880	60.000000
12.000000	55.740286	21.298568	1.436095	-0.000000	22.734664	60.000000
11.901000	55.609065	21.954676	1.431878	-0.000000	23.386554	60.000000
11.798000	55.490755	22.546226	1.427356	-0.000000	23.973582	60.000000
11.697000	55.362974	23.185128	1.422801	-0.000000	24.607929	60.000000
11.598000	55.250637	23.746813	1.418211	-0.000000	25.165024	60.000000
11.498000	55.125087	24.374565	1.413461	-0.000000	25.788026	60.000000
11.398000	54.991988	25.040059	1.408586	-0.000000	26.448646	60.000000
11.299000	54.862088	25.689562	1.403628	-0.000000	27.093191	60.000000
11.199000	54.744512	26.277438	1.398491	-0.000000	27.675929	60.000000
11.098000	54.617030	26.914852	1.393182	-0.000000	28.308034	60.000000
10.998000	54.486944	27.565280	1.387800	-0.000000	28.953079	60.000000
10.898000	54.355181	28.224096	1.382286	-0.000000	29.606383	60.000000
10.800000	54.224316	28.878420	1.376755	-0.000000	30.255175	60.000000
10.699000	54.089771	29.551143	1.370921	-0.000000	30.922064	60.000000
10.597000	53.953961	30.230196	1.364893	-0.000000	31.595088	60.000000
10.499000	53.819541	30.902295	1.358968	-0.000000	32.261263	60.000000
10.401000	53.684084	31.579578	1.352911	-0.000000	32.932488	60.000000
10.299000	53.566440	32.167802	1.346468	-0.000000	33.514270	60.000000
10.198000	53.433394	32.833029	1.339971	-0.000000	34.172999	60.000000
10.103000	53.312979	33.435106	1.333732	-0.000000	34.768838	60.000000
10.001000	53.175540	34.122299	1.326912	-0.000000	35.449210	60.000000
9.898000	53.036223	34.818885	1.319882	-0.000000	36.138767	60.000000
9.796000	52.900416	35.497918	1.312779	-0.000000	36.810697	60.000000
9.697000	52.766951	36.165243	1.305751	-0.000000	37.470994	60.000000
9.597000	52.632282	36.838589	1.298518	-0.000000	38.137107	60.000000
9.498000	52.505836	37.470820	1.291224	-0.000000	38.762043	60.000000
9.399000	52.379314	38.103432	1.283804	-0.000000	39.387237	60.000000
9.295000	52.245076	38.774620	1.275879	-0.000000	40.050499	60.000000
9.200000	52.119339	39.403303	1.268512	-0.000000	40.671815	60.000000
9.099000	51.975499	40.122506	1.260552	-0.000000	41.383059	60.000000
8.998000	51.849824	40.750881	1.252447	-0.000000	42.003329	60.000000
8.900000	51.722041	41.389797	1.244460	-0.000000	42.634257	60.000000
8.799000	51.586952	42.065242	1.236100	-0.000000	43.301342	60.000000
8.697000	51.449506	42.752468	1.227518	-0.000000	43.979987	60.000000
8.598000	51.314243	43.428785	1.219053	-0.000000	44.647839	60.000000
8.498000	51.187356	44.063222	1.210367	-0.000000	45.273589	60.000000
8.399000	51.063314	44.683430	1.201643	-0.000000	45.885073	60.000000
8.296000	50.933363	45.333187	1.192438	-0.000000	46.525626	60.000000
8.202000	50.808530	45.957352	1.183916	-0.000000	47.141267	60.000000
8.099000	50.676284	46.618582	1.174448	-0.000000	47.793030	60.000000
7.998000	50.531530	47.342351	1.165031	-0.000000	48.507383	60.000000
7.899000	50.393552	48.032239	1.155658	-0.000000	49.187897	60.000000
7.799000	50.257557	48.712217	1.146051	-0.000000	49.858269	60.000000
7.698000	50.098990	49.505050	1.136211	-0.000000	50.641261	60.000000
7.600000	49.979346	50.103271	1.126508	-0.000000	51.229780	60.000000
7.501000	49.849816	50.750921	1.116588	-0.000000	51.867509	60.000000
7.400000	49.701941	51.490297	1.106336	-0.000000	52.596634	60.000000
7.296000	49.555194	52.224030	1.095626	-0.000000	53.319656	60.000000
7.197000	49.419709	52.901453	1.085286	-0.000000	53.986739	60.000000
7.098000	49.278025	53.609873	1.074811	-0.000000	54.684684	60.000000
6.998000	49.166673	54.166633	1.064089	-0.000000	55.230722	60.000000
6.899000	49.039672	54.801640	1.053364	-0.000000	55.855004	60.000000
6.798000	48.902207	55.488965	1.042294	-0.000000	56.531259	60.000000
6.697000	48.777855	56.110727	1.031086	-0.000000	57.141812	60.000000
6.598000	48.649229	56.753857	1.019976	-0.000000	57.773833	60.000000
6.499000	48.517056	57.414719	1.008738	-0.000000	58.423457	60.000000
6.396000	48.378202	58.108990	0.996911	-0.000000	59.105902	60.000000
6.299000	48.246748	58.766262	0.985638	-0.000000	59.751900	60.000000
6.196000	48.111563	59.442187	0.973532	-0.000000	60.415719	60.000000
6.098000	47.978907	60.105463	0.961881	-0.000000	61.067344	60.000000
6.000000	47.849918	60.750411	0.950101	-0.000000	61.700512	60.000000
5.900000	47.713838	61.430810	0.937951	-0.000000	62.368760	60.000000
5.797000	47.579672	62.101640	0.925296	-0.000000	63.026936	60.000000
5.698000	47.449116	62.754419	0.913000	-0.000000	63.667419	60.000000
5.598000	47.324165	63.379176	0.900449	-0.000000	64.279625	60.000000
5.499000	47.195056	64.024720	0.887900	-0.000000	64.912620	60.000000
5.396000	47.060359	64.698205	0.874711	-0.000000	65.572916	60.000000
5.301000	46.937216	65.313922	0.862418	-0.000000	66.176340	60.000000
5.196000	46.810030	65.949852	0.848702	-0.000000	66.798554	60.000000
5.099000	46.683634	66.581830	0.835908	-0.000000	67.417738	60.000000
5.000000	46.555251	67.223743	0.822725	-0.000000	68.046468	60.000000
4.896000	46.420243	67.898786	0.808742	-0.000000	68.707528	60.000000
4.797000	46.286509	68.567457	0.795298	-0.000000	69.362755	60.000000
4.700000	46.155530	69.222348	0.781996	-0.000000	70.004344	60.000000
4.598000	46.025167	69.874164	0.767875	-0.000000	70.642038	60.000000
4.500000	45.906653	70.466734	0.754179	-0.000000	71.220914	60.000000
4.397000	45.771706	71.141469	0.739663	-0.000000	71.881133	60.000000
4.296000	45.637247	71.813764	0.725293	-0.000000	72.539057	60.000000
4.199000	45.510619	72.446906	0.711361	-0.000000	73.158267	60.000000
4.102000	45.380241	73.098795	0.697306	-0.000000	73.796101	60.000000
4.002000	45.248307	73.758466	0.682686	-0.000000	74.441153	60.000000
3.898000	45.110835	74.445825	0.667345	-0.000000	75.113169	60.000000
3.796000	44.986908	75.065460	0.652158	-0.000000	75.717618	60.000000
3.698000	44.864834	75.675829	0.637445	-0.000000	76.313274	60.000000
3.598000	44.750845	76.245774	0.622310	-0.000000	76.868084	60.000000
3.498000	44.619574	76.902129	0.607060	-0.000000	77.509190	60.000000
3.401000	44.482700	77.586499	0.592141	-0.000000	78.178641	60.000000
3.298000	44.349323	78.253385	0.576159	-0.000000	78.829544	60.000000
3.198000	44.232919	78.835405	0.560508	-0.000000	79.395913	60.000000
3.103000	44.117292	79.413540	0.545529	-0.000000	79.959070	60.000000
3.002000	43.982467	80.087667	0.529488	-0.000000	80.617155	60.000000
2.924000	43.912889	80.435555	0.516994	-0.000000	80.952549	60.000000
2.823000	43.760970	81.195150	0.500746	-0.000000	81.695896	60.000000
2.744000	43.657026	81.714869	0.487917	-0.000000	82.202786	60.000000
2.666000	43.556029	82.219853	0.475170	-0.000000	82.695022	60.000000
2.567000	43.438667	82.806666	0.458890	-0.000000	83.265557	60.000000
2.397000	43.254183	83.729086	0.430736	-0.000000	84.159822	60.000000
2.299000	43.133321	84.333397	0.414325	-0.000000	84.747722	60.000000
2.202000	43.009879	84.950606	0.397964	-0.000000	85.348570	60.000000
2.099000	42.898525	85.507373	0.380465	-0.000000	85.887837	60.000000
1.998000	42.768154	86.159228	0.363192	-0.000000	86.522420	60.000000
1.897000	42.673657	86.631717	0.345788	-0.000000	86.977505	60.000000
1.800000	42.564536	87.177318	0.328981	-0.000000	87.506300	60.000000
1.701000	42.476600	87.616999	0.311720	-0.000000	87.928719	60.000000
1.602000	42.387280	88.063600	0.294372	-0.000000	88.357972	60.000000
1.500000	42.242946	88.785271	0.276407	-0.000000	89.061678	60.000000
1.396000	42.137189	89.314057	0.257940	-0.000000	89.571997	60.000000
1.298000	42.032832	89.835842	0.240434	-0.000000	90.076276	60.000000
1.200000	41.933211	90.333946	0.222826	-0.000000	90.556772	60.000000
1.099000	41.833240	90.833801	0.204579	-0.000000	91.038380	60.000000
0.996000	41.736758	91.316212	0.185867	-0.000000	91.502079	60.000000
0.899000	41.642440	91.787799	0.168152	-0.000000	91.955950	60.000000
0.796000	41.550170	92.249149	0.149243	-0.000000	92.398392	60.000000
0.700000	41.458557	92.707216	0.131532	-0.000000	92.838748	60.000000
0.597000	41.360752	93.196240	0.112434	-0.000000	93.308674	60.000000
0.503000	41.281064	93.594681	0.094913	-0.000000	93.689594	60.000000
0.405000	41.210946	93.945271	0.076568	-0.000000	94.021839	60.000000
0.308000	41.137998	94.310008	0.058343	-0.000000	94.368351	60.000000
0.207000	41.057583	94.712086	0.039292	-0.000000	94.751379	60.000000
0.099000	40.975129	95.124354	0.018835	0.000000	95.143189	60.000000
