Zeit (s)	Istwert	P	I	D	Regelausgang	Sollwert
99.986000	60.319144	-1.595721	0.457163	-0.000000	-1.138558	60.000000
99.886000	60.313696	-1.568480	0.457323	-0.000000	-1.111157	60.000000
99.789000	60.306970	-1.534849	0.457475	-0.000000	-1.077374	60.000000
99.688000	60.295101	-1.475505	0.457630	-0.000000	-1.017874	60.000000
99.586000	60.266585	-1.332923	0.457781	-0.000000	-0.875143	60.000000
99.488000	60.236075	-1.180374	0.457911	-0.000000	-0.722463	60.000000
99.386000	60.198348	-0.991739	0.458032	-0.000000	-0.533707	60.000000
99.289000	60.162687	-0.813435	0.458128	-0.000000	-0.355307	60.000000
99.187000	60.114786	-0.573930	0.458211	-0.000000	-0.115719	60.000000
99.088000	60.059443	-0.297216	0.458268	-0.000000	0.161052	60.000000
98.988000	60.012630	-0.063152	0.458297	-0.000000	0.395145	60.000000
98.888000	59.972522	0.137389	0.458304	-0.000000	0.595693	60.000000
98.789000	59.930203	0.348984	0.458290	-0.000000	0.807274	60.000000
98.691000	59.890552	0.547242	0.458256	-0.000000	1.005498	60.000000
98.587000	59.844793	0.776036	0.458199	-0.000000	1.234235	60.000000
98.491000	59.797169	1.014157	0.458124	-0.000000	1.472281	60.000000
98.392000	59.761555	1.192226	0.458024	-0.000000	1.650250	60.000000
98.290000	59.729740	1.351299	0.457902	-0.000000	1.809202	60.000000
98.188000	59.700170	1.499148	0.457765	-0.000000	1.956913	60.000000
98.088000	59.680306	1.598472	0.457615	-0.000000	2.056087	60.000000
97.989000	59.664005	1.679973	0.457456	-0.000000	2.137430	60.000000
97.887000	59.648015	1.759926	0.457285	-0.000000	2.217211	60.000000
97.789000	59.630992	1.845041	0.457113	-0.000000	2.302154	60.000000
97.687000	59.621275	1.893627	0.456924	0.000000	2.350551	60.000000
97.586000	59.622424	1.887881	0.456733	-0.000000	2.344614	60.000000
97.488000	59.621040	1.894800	0.456548	0.000000	2.351349	60.000000
97.388000	59.629542	1.852290	0.456359	0.000000	2.308648	60.000000
97.287000	59.648857	1.755715	0.456172	0.000000	2.211887	60.000000
97.192000	59.664729	1.676353	0.456005	0.000000	2.132357	60.000000
97.086000	59.683209	1.583955	0.455827	0.000000	2.039783	60.000000
96.988000	59.717185	1.414073	0.455672	0.000000	1.869745	60.000000
96.892000	59.754799	1.226007	0.455536	0.000000	1.681543	60.000000
96.785000	59.794206	1.028969	0.455405	0.000000	1.484373	60.000000
96.687000	59.832903	0.835484	0.455304	0.000000	1.290788	60.000000
96.591000	59.875641	0.621797	0.455224	0.000000	1.077021	60.000000
96.492000	59.916620	0.416901	0.455162	0.000000	0.872063	60.000000
96.389000	59.960745	0.196274	0.455119	0.000000	0.651393	60.000000
96.288000	60.004646	-0.023232	0.455100	0.000000	0.431867	60.000000
96.187000	60.044483	-0.222414	0.455102	0.000000	0.232688	60.000000
96.089000	60.101521	-0.507603	0.455124	0.000000	-0.052480	60.000000
95.991000	60.141493	-0.707464	0.455173	0.000000	-0.252291	60.000000
95.892000	60.169039	-0.845196	0.455243	0.000000	-0.389953	60.000000
95.788000	60.192589	-0.962944	0.455331	0.000000	-0.507613	60.000000
95.687000	60.211788	-1.058940	0.455429	0.000000	-0.603511	60.000000
95.588000	60.229898	-1.149488	0.455533	0.000000	-0.693954	60.000000
95.488000	60.245876	-1.229381	0.455648	0.000000	-0.773732	60.000000
95.388000	60.252719	-1.263597	0.455771	0.000000	-0.807826	60.000000
95.290000	60.256895	-1.284475	0.455895	0.000000	-0.828580	60.000000
95.187000	60.274277	-1.371384	0.456027	0.000000	-0.915356	60.000000
95.089000	60.280393	-1.401967	0.456162	0.000000	-0.945806	60.000000
94.990000	60.291414	-1.457068	0.456301	0.000000	-1.000767	60.000000
94.887000	60.304485	-1.522426	0.456451	-0.000000	-1.065976	60.000000
94.788000	60.292558	-1.462792	0.456601	0.000000	-1.006191	60.000000
94.691000	60.295050	-1.475249	0.456743	-0.000000	-1.018506	60.000000
94.589000	60.288625	-1.443125	0.456894	-0.000000	-0.986231	60.000000
94.491000	60.280025	-1.400124	0.457035	-0.000000	-0.943089	60.000000
94.387000	60.269364	-1.346820	0.457181	-0.000000	-0.889639	60.000000
94.290000	60.252359	-1.261794	0.457312	-0.000000	-0.804483	60.000000
94.186000	60.243511	-1.217556	0.457443	-0.000000	-0.760114	60.000000
94.090000	60.222324	-1.111619	0.457560	-0.000000	-0.654060	60.000000
93.991000	60.189689	-0.948443	0.457670	-0.000000	-0.490773	60.000000
93.885000	60.141664	-0.708319	0.457770	-0.000000	-0.250548	60.000000
93.787000	60.093958	-0.469789	0.457840	-0.000000	-0.011949	60.000000
93.687000	60.050300	-0.251498	0.457887	-0.000000	0.206389	60.000000
93.588000	60.006822	-0.034108	0.457912	-0.000000	0.423803	60.000000
93.489000	59.964548	0.177258	0.457915	-0.000000	0.635173	60.000000
93.388000	59.927545	0.362274	0.457897	-0.000000	0.820171	60.000000
93.288000	59.883545	0.582277	0.457861	-0.000000	1.040138	60.000000
93.189000	59.837672	0.811641	0.457803	-0.000000	1.269444	60.000000
93.088000	59.795653	1.021734	0.457721	-0.000000	1.479455	60.000000
92.989000	59.760407	1.197966	0.457620	-0.000000	1.655586	60.000000
92.885000	59.731190	1.344051	0.457495	-0.000000	1.801547	60.000000
92.791000	59.696971	1.515147	0.457369	-0.000000	1.972516	60.000000
92.689000	59.674394	1.628029	0.457215	-0.000000	2.085243	60.000000
92.588000	59.652781	1.736096	0.457050	-0.000000	2.193146	60.000000
92.492000	59.625134	1.874329	0.456883	-0.000000	2.331213	60.000000
92.389000	59.615790	1.921051	0.456690	-0.000000	2.377741	60.000000
92.286000	59.608481	1.957594	0.456493	0.000000	2.414087	60.000000
92.189000	59.617355	1.913226	0.456303	0.000000	2.369529	60.000000
92.091000	59.622905	1.885473	0.456115	0.000000	2.341589	60.000000
91.990000	59.633351	1.833247	0.455925	0.000000	2.289172	60.000000
91.888000	59.639627	1.801867	0.455738	0.000000	2.257604	60.000000
91.790000	59.674990	1.625051	0.455561	0.000000	2.080613	60.000000
91.687000	59.698540	1.507302	0.455394	0.000000	1.962696	60.000000
91.587000	59.727692	1.361538	0.455243	0.000000	1.816781	60.000000
91.487000	59.759681	1.201593	0.455107	0.000000	1.656700	60.000000
91.387000	59.792998	1.035010	0.454987	0.000000	1.489997	60.000000
91.288000	59.823362	0.883191	0.454884	0.000000	1.338076	60.000000
91.194000	59.863931	0.680347	0.454801	0.000000	1.135148	60.000000
91.089000	59.895253	0.523734	0.454730	0.000000	0.978464	60.000000
90.987000	59.924649	0.376757	0.454676	0.000000	0.831433	60.000000
90.887000	59.970044	0.149780	0.454639	0.000000	0.604419	60.000000
90.789000	60.017300	-0.086498	0.454624	0.000000	0.368126	60.000000
90.688000	60.062105	-0.310527	0.454633	0.000000	0.144106	60.000000
90.591000	60.099041	-0.495207	0.454663	0.000000	-0.040544	60.000000
90.485000	60.147179	-0.735896	0.454715	0.000000	-0.281181	60.000000
90.394000	60.191141	-0.955707	0.454782	0.000000	-0.500925	60.000000
90.302000	60.230803	-1.154014	0.454870	0.000000	-0.699144	60.000000
90.210000	60.263193	-1.315967	0.454976	0.000000	-0.860990	60.000000
90.090000	60.291537	-1.457687	0.455134	0.000000	-1.002553	60.000000
89.989000	60.311696	-1.558479	0.455282	0.000000	-1.103197	60.000000
89.890000	60.319509	-1.597544	0.455436	0.000000	-1.142108	60.000000
89.788000	60.343789	-1.718945	0.455599	0.000000	-1.263346	60.000000
89.688000	60.365282	-1.826408	0.455771	0.000000	-1.370638	60.000000
89.590000	60.368306	-1.841529	0.455950	0.000000	-1.385579	60.000000
89.488000	60.374612	-1.873061	0.456138	0.000000	-1.416924	60.000000
89.387000	60.378606	-1.893031	0.456327	0.000000	-1.436704	60.000000
89.287000	60.383749	-1.918745	0.456516	0.000000	-1.462229	60.000000
89.189000	60.395857	-1.979287	0.456704	0.000000	-1.522583	60.000000
89.090000	60.397735	-1.988677	0.456900	-0.000000	-1.531777	60.000000
88.987000	60.397614	-1.988072	0.457105	-0.000000	-1.530967	60.000000
88.886000	60.386900	-1.934498	0.457306	-0.000000	-1.477192	60.000000
88.787000	60.364975	-1.824875	0.457497	-0.000000	-1.367378	60.000000
88.690000	60.342884	-1.714418	0.457674	-0.000000	-1.256744	60.000000
88.589000	60.320898	-1.604492	0.457847	-0.000000	-1.146645	60.000000
88.487000	60.284324	-1.421621	0.458011	-0.000000	-0.963610	60.000000
88.390000	60.241154	-1.205772	0.458149	-0.000000	-0.747623	60.000000
88.291000	60.200771	-1.003853	0.458268	-0.000000	-0.545584	60.000000
88.187000	60.163170	-0.815850	0.458373	-0.000000	-0.357477	60.000000
88.088000	60.110063	-0.550314	0.458453	-0.000000	-0.091861	60.000000
87.987000	60.060955	-0.304776	0.458509	-0.000000	0.153733	60.000000
87.888000	60.006580	-0.032898	0.458539	-0.000000	0.425641	60.000000
87.792000	59.954469	0.227654	0.458542	-0.000000	0.686196	60.000000
87.691000	59.902615	0.486923	0.458519	-0.000000	0.945442	60.000000
87.586000	59.849079	0.754606	0.458468	-0.000000	1.213075	60.000000
87.488000	59.810022	0.949888	0.458394	-0.000000	1.408282	60.000000
87.389000	59.763966	1.180170	0.458300	-0.000000	1.638470	60.000000
87.289000	59.718817	1.405913	0.458182	-0.000000	1.864095	60.000000
87.190000	59.686222	1.568889	0.458043	-0.000000	2.026932	60.000000
87.089000	59.652479	1.737604	0.457885	-0.000000	2.195489	60.000000
86.987000	59.628455	1.857727	0.457707	-0.000000	2.315435	60.000000
86.889000	59.602446	1.987768	0.457525	-0.000000	2.445293	60.000000
86.788000	59.585179	2.074103	0.457324	-0.000000	2.531428	60.000000
86.689000	59.580592	2.097042	0.457119	0.000000	2.554161	60.000000
86.588000	59.581011	2.094943	0.456907	0.000000	2.551850	60.000000
86.490000	59.585355	2.073225	0.456702	0.000000	2.529927	60.000000
86.389000	59.592485	2.037574	0.456493	0.000000	2.494066	60.000000
86.287000	59.604320	1.978400	0.456285	0.000000	2.434685	60.000000
86.188000	59.625380	1.873102	0.456089	0.000000	2.329191	60.000000
86.090000	59.648500	1.757499	0.455905	0.000000	2.213404	60.000000
85.988000	59.668415	1.657927	0.455726	0.000000	2.113653	60.000000
85.888000	59.692441	1.537797	0.455560	0.000000	1.993357	60.000000
85.792000	59.730222	1.348892	0.455413	0.000000	1.804305	60.000000
85.687000	59.762522	1.187392	0.455271	0.000000	1.642663	60.000000
85.588000	59.801157	0.994216	0.455153	0.000000	1.449369	60.000000
85.490000	59.841113	0.794435	0.455056	0.000000	1.249491	60.000000
85.388000	59.883547	0.582263	0.454975	0.000000	1.037239	60.000000
85.290000	59.931114	0.344431	0.454918	0.000000	0.799349	60.000000
85.187000	59.967991	0.160046	0.454882	0.000000	0.614928	60.000000
85.087000	60.007555	-0.037774	0.454866	0.000000	0.417092	60.000000
84.989000	60.040857	-0.204287	0.454870	0.000000	0.250583	60.000000
84.888000	60.080874	-0.404370	0.454891	0.000000	0.050521	60.000000
84.787000	60.122657	-0.613285	0.454932	0.000000	-0.158353	60.000000
84.685000	60.162984	-0.814922	0.454994	0.000000	-0.359927	60.000000
84.587000	60.201256	-1.006281	0.455074	0.000000	-0.551207	60.000000
84.489000	60.245278	-1.226388	0.455173	0.000000	-0.771215	60.000000
84.388000	60.286752	-1.433762	0.455297	0.000000	-0.978465	60.000000
84.290000	60.316298	-1.581489	0.455437	0.000000	-1.126052	60.000000
84.189000	60.331068	-1.655342	0.455597	0.000000	-1.199745	60.000000
84.087000	60.351354	-1.756772	0.455766	0.000000	-1.301007	60.000000
83.990000	60.368910	-1.844549	0.455936	0.000000	-1.388613	60.000000
83.889000	60.387508	-1.937538	0.456122	0.000000	-1.481416	60.000000
83.789000	60.404338	-2.021689	0.456316	0.000000	-1.565373	60.000000
83.689000	60.422566	-2.112829	0.456518	0.000000	-1.656310	60.000000
83.593000	60.435884	-2.179418	0.456721	0.000000	-1.722696	60.000000
83.487000	60.441394	-2.206968	0.456952	0.000000	-1.750016	60.000000
83.388000	60.445268	-2.226339	0.457171	-0.000000	-1.769169	60.000000
83.289000	60.442368	-2.211838	0.457391	-0.000000	-1.754447	60.000000
83.188000	60.435457	-2.177285	0.457614	-0.000000	-1.719671	60.000000
83.087000	60.417236	-2.086179	0.457834	-0.000000	-1.628345	60.000000
82.991000	60.407845	-2.039224	0.458035	-0.000000	-1.581190	60.000000
82.887000	60.394044	-1.970220	0.458247	-0.000000	-1.511974	60.000000
82.788000	60.370127	-1.850636	0.458442	-0.000000	-1.392194	60.000000
82.687000	60.329980	-1.649900	0.458629	-0.000000	-1.191272	60.000000
82.586000	60.292441	-1.462207	0.458795	-0.000000	-1.003412	60.000000
82.488000	60.251571	-1.257853	0.458939	-0.000000	-0.798914	60.000000
82.391000	60.206761	-1.033804	0.459061	-0.000000	-0.574744	60.000000
82.286000	60.157111	-0.785555	0.459169	-0.000000	-0.326386	60.000000
82.187000	60.109032	-0.545162	0.459247	-0.000000	-0.085915	60.000000
82.088000	60.055449	-0.277246	0.459301	-0.000000	0.182055	60.000000
81.988000	60.004100	-0.020501	0.459329	-0.000000	0.438827	60.000000
81.887000	59.951153	0.244236	0.459331	-0.000000	0.703566	60.000000
81.792000	59.901708	0.491462	0.459307	-0.000000	0.950770	60.000000
81.692000	59.856138	0.719310	0.459258	-0.000000	1.178569	60.000000
81.586000	59.808158	0.959208	0.459182	-0.000000	1.418390	60.000000
81.488000	59.772724	1.136379	0.459088	-0.000000	1.595467	60.000000
81.389000	59.735659	1.321703	0.458976	-0.000000	1.780678	60.000000
81.290000	59.710189	1.449054	0.458845	-0.000000	1.907899	60.000000
81.191000	59.691715	1.541425	0.458701	-0.000000	2.000126	60.000000
81.091000	59.666307	1.668467	0.458547	-0.000000	2.127015	60.000000
80.988000	59.626714	1.866431	0.458375	-0.000000	2.324806	60.000000
80.890000	59.597368	2.013160	0.458192	-0.000000	2.471352	60.000000
80.790000	59.579929	2.100354	0.457991	-0.000000	2.558345	60.000000
80.691000	59.565071	2.174647	0.457783	-0.000000	2.632430	60.000000
80.587000	59.563452	2.182740	0.457557	-0.000000	2.640297	60.000000
80.491000	59.560975	2.195125	0.457347	0.000000	2.652472	60.000000
80.391000	59.582402	2.087990	0.457128	0.000000	2.545118	60.000000
80.290000	59.624595	1.877025	0.456917	0.000000	2.333942	60.000000
80.196000	59.650485	1.747575	0.456741	0.000000	2.204316	60.000000
80.089000	59.687064	1.564678	0.456554	0.000000	2.021232	60.000000
79.989000	59.710791	1.446044	0.456397	0.000000	1.902441	60.000000
79.891000	59.739099	1.304504	0.456255	0.000000	1.760759	60.000000
79.793000	59.771036	1.144820	0.456128	0.000000	1.600948	60.000000
79.686000	59.814012	0.929940	0.456005	0.000000	1.385945	60.000000
79.588000	59.856921	0.715395	0.455914	0.000000	1.171309	60.000000
79.490000	59.889098	0.554511	0.455844	0.000000	1.010355	60.000000
79.391000	59.921995	0.390026	0.455789	0.000000	0.845815	60.000000
79.290000	59.957009	0.214954	0.455750	0.000000	0.670704	60.000000
79.193000	59.990082	0.049591	0.455729	0.000000	0.505320	60.000000
79.088000	60.027351	-0.136756	0.455723	0.000000	0.318967	60.000000
78.990000	60.062529	-0.312645	0.455737	0.000000	0.143091	60.000000
78.889000	60.091290	-0.456451	0.455768	0.000000	-0.000682	60.000000
78.790000	60.117328	-0.586642	0.455814	0.000000	-0.130829	60.000000
78.688000	60.135616	-0.678078	0.455873	0.000000	-0.222204	60.000000
78.591000	60.157844	-0.789221	0.455939	0.000000	-0.333282	60.000000
78.488000	60.171822	-0.859112	0.456021	0.000000	-0.403092	60.000000
78.389000	60.180545	-0.902725	0.456106	0.000000	-0.446619	60.000000
78.291000	60.191014	-0.955068	0.456194	0.000000	-0.498874	60.000000
78.190000	60.203367	-1.016834	0.456291	0.000000	-0.560544	60.000000
78.088000	60.215721	-1.078607	0.456394	0.000000	-0.622213	60.000000
77.991000	60.238917	-1.194586	0.456499	0.000000	-0.738088	60.000000
77.890000	60.251751	-1.258754	0.456620	0.000000	-0.802135	60.000000
77.790000	60.271428	-1.357138	0.456745	0.000000	-0.900392	60.000000
77.689000	60.280025	-1.400124	0.456882	0.000000	-0.943242	60.000000
77.591000	60.289467	-1.447335	0.457020	0.000000	-0.990316	60.000000
77.488000	60.295221	-1.476103	0.457169	-0.000000	-1.018934	60.000000
77.389000	60.287841	-1.439203	0.457315	-0.000000	-0.981889	60.000000
77.291000	60.274581	-1.372904	0.457456	-0.000000	-0.915448	60.000000
77.187000	60.258470	-1.292351	0.457599	-0.000000	-0.834752	60.000000
77.088000	60.236251	-1.181255	0.457727	-0.000000	-0.723529	60.000000
76.989000	60.204699	-1.023493	0.457844	-0.000000	-0.565649	60.000000
76.890000	60.176182	-0.880912	0.457945	-0.000000	-0.422967	60.000000
76.790000	60.162141	-0.810704	0.458033	-0.000000	-0.352671	60.000000
76.688000	60.126290	-0.631452	0.458116	-0.000000	-0.173336	60.000000
76.588000	60.093227	-0.466136	0.458179	-0.000000	-0.007958	60.000000
76.490000	60.050783	-0.253913	0.458225	-0.000000	0.204312	60.000000
76.392000	60.007735	-0.038675	0.458249	-0.000000	0.419574	60.000000
76.290000	59.962261	0.188697	0.458253	-0.000000	0.646950	60.000000
76.188000	59.918854	0.405730	0.458234	-0.000000	0.863964	60.000000
76.091000	59.874131	0.629347	0.458195	-0.000000	1.087542	60.000000
75.988000	59.828014	0.859931	0.458130	-0.000000	1.318061	60.000000
75.891000	59.785455	1.072726	0.458047	-0.000000	1.530773	60.000000
75.789000	59.754307	1.228467	0.457937	-0.000000	1.686405	60.000000
75.692000	59.719363	1.403184	0.457818	-0.000000	1.861002	60.000000
75.587000	59.698780	1.506102	0.457671	-0.000000	1.963772	60.000000
75.489000	59.677775	1.611125	0.457523	-0.000000	2.068648	60.000000
75.391000	59.657426	1.712869	0.457365	-0.000000	2.170234	60.000000
75.287000	59.636607	1.816967	0.457187	-0.000000	2.274154	60.000000
75.188000	59.617595	1.912026	0.457007	-0.000000	2.369033	60.000000
75.091000	59.601718	1.991408	0.456822	-0.000000	2.448230	60.000000
74.989000	59.599247	2.003766	0.456619	0.000000	2.460385	60.000000
74.890000	59.601842	1.990792	0.456420	0.000000	2.447212	60.000000
74.789000	59.615839	1.920803	0.456219	0.000000	2.377022	60.000000
74.690000	59.638235	1.808827	0.456029	0.000000	2.264856	60.000000
74.588000	59.672459	1.637704	0.455844	0.000000	2.093548	60.000000
74.492000	59.700169	1.499155	0.455687	0.000000	1.954842	60.000000
74.392000	59.738256	1.308722	0.455537	0.000000	1.764259	60.000000
74.289000	59.776039	1.119803	0.455402	0.000000	1.575206	60.000000
74.188000	59.813832	0.930838	0.455289	0.000000	1.386128	60.000000
74.089000	59.849803	0.750986	0.455197	0.000000	1.206183	60.000000
73.990000	59.894290	0.528548	0.455123	0.000000	0.983671	60.000000
73.890000	59.934967	0.325167	0.455070	0.000000	0.780237	60.000000
73.791000	59.973968	0.130161	0.455038	0.000000	0.585199	60.000000
73.688000	60.019483	-0.097415	0.455024	0.000000	0.357609	60.000000
73.589000	60.055689	-0.278443	0.455034	0.000000	0.176591	60.000000
73.488000	60.089233	-0.446166	0.455062	0.000000	0.008896	60.000000
73.387000	60.126829	-0.634143	0.455107	0.000000	-0.179035	60.000000
73.288000	60.156929	-0.784647	0.455170	0.000000	-0.329477	60.000000
73.191000	60.196100	-0.980499	0.455246	0.000000	-0.525253	60.000000
73.089000	60.232194	-1.160969	0.455346	0.000000	-0.705623	60.000000
72.990000	60.267438	-1.337188	0.455461	0.000000	-0.881727	60.000000
72.889000	60.293469	-1.467346	0.455596	0.000000	-1.011750	60.000000
72.788000	60.313451	-1.567256	0.455744	0.000000	-1.111512	60.000000
72.690000	60.334402	-1.672009	0.455898	0.000000	-1.216111	60.000000
72.594000	60.354744	-1.773722	0.456058	0.000000	-1.317664	60.000000
72.493000	60.385806	-1.929029	0.456238	0.000000	-1.472792	60.000000
72.387000	60.397252	-1.986262	0.456442	0.000000	-1.529820	60.000000
72.288000	60.399734	-1.998672	0.456639	0.000000	-1.542033	60.000000
72.190000	60.402520	-2.012602	0.456835	-0.000000	-1.555767	60.000000
72.089000	60.399436	-1.997179	0.457038	-0.000000	-1.540141	60.000000
71.992000	60.394706	-1.973530	0.457232	-0.000000	-1.516298	60.000000
71.890000	60.380597	-1.902986	0.457433	-0.000000	-1.445553	60.000000
71.789000	60.358803	-1.794015	0.457625	-0.000000	-1.336390	60.000000
71.690000	60.335793	-1.678964	0.457803	-0.000000	-1.221162	60.000000
71.591000	60.316357	-1.581785	0.457969	-0.000000	-1.123816	60.000000
71.489000	60.293405	-1.467023	0.458130	-0.000000	-1.008893	60.000000
71.393000	60.259437	-1.297187	0.458271	-0.000000	-0.838916	60.000000
71.301000	60.223774	-1.118870	0.458390	-0.000000	-0.660480	60.000000
71.208000	60.186713	-0.933564	0.458494	-0.000000	-0.475070	60.000000
71.114000	60.139006	-0.695028	0.458582	-0.000000	-0.236445	60.000000
71.020000	60.087115	-0.435573	0.458648	-0.000000	0.023075	60.000000
70.930000	60.036440	-0.182198	0.458687	-0.000000	0.276488	60.000000
70.837000	59.992555	0.037227	0.458704	-0.000000	0.495931	60.000000
70.744000	59.954712	0.226440	0.458700	-0.000000	0.685141	60.000000
70.650000	59.904608	0.476959	0.458679	-0.000000	0.935638	60.000000
70.556000	59.858369	0.708153	0.458634	-0.000000	1.166787	60.000000
70.467000	59.815880	0.920600	0.458571	-0.000000	1.379171	60.000000
70.374000	59.779601	1.101995	0.458485	-0.000000	1.560480	60.000000
70.278000	59.740670	1.296652	0.458380	-0.000000	1.755032	60.000000
70.159000	59.693280	1.533600	0.458225	-0.000000	1.991825	60.000000
69.990000	59.645719	1.771405	0.457966	-0.000000	2.229371	60.000000
69.888000	59.608234	1.958828	0.457786	-0.000000	2.416614	60.000000
69.790000	59.580168	2.099161	0.457594	-0.000000	2.556754	60.000000
69.689000	59.568880	2.155598	0.457382	-0.000000	2.612980	60.000000
69.590000	59.562057	2.189714	0.457168	-0.000000	2.646882	60.000000
69.488000	59.555604	2.221979	0.456945	0.000000	2.678924	60.000000
69.389000	59.557413	2.212934	0.456725	0.000000	2.669659	60.000000
69.291000	59.564057	2.179716	0.456508	0.000000	2.636224	60.000000
69.190000	59.580164	2.099181	0.456288	0.000000	2.555468	60.000000
69.089000	59.604556	1.977220	0.456076	0.000000	2.433296	60.000000
68.986000	59.638477	1.807613	0.455872	0.000000	2.263485	60.000000
68.889000	59.674456	1.627720	0.455697	0.000000	2.083417	60.000000
68.790000	59.710241	1.448793	0.455536	0.000000	1.904328	60.000000
68.689000	59.757816	1.210920	0.455389	0.000000	1.666309	60.000000
68.590000	59.805134	0.974328	0.455269	0.000000	1.429598	60.000000
68.491000	59.847811	0.760943	0.455173	0.000000	1.216116	60.000000
68.391000	59.888374	0.558132	0.455097	0.000000	1.013228	60.000000
68.289000	59.926403	0.367986	0.455040	0.000000	0.823026	60.000000
68.191000	59.964912	0.175441	0.455004	0.000000	0.630445	60.000000
68.090000	60.001071	-0.005354	0.454986	0.000000	0.449632	60.000000
67.987000	60.035222	-0.176111	0.454987	0.000000	0.278876	60.000000
67.891000	60.069071	-0.345355	0.455004	0.000000	0.109649	60.000000
67.792000	60.098557	-0.492786	0.455038	0.000000	-0.037748	60.000000
67.690000	60.126952	-0.634761	0.455088	0.000000	-0.179673	60.000000
67.586000	60.151964	-0.759821	0.455154	0.000000	-0.304667	60.000000
67.488000	60.193017	-0.965083	0.455229	0.000000	-0.509855	60.000000
67.389000	60.230368	-1.151842	0.455324	0.000000	-0.696518	60.000000
67.289000	60.258659	-1.293293	0.455439	0.000000	-0.837854	60.000000
67.191000	60.275669	-1.378345	0.455566	0.000000	-0.922779	60.000000
67.086000	60.299591	-1.497957	0.455711	0.000000	-1.042246	60.000000
66.988000	60.331432	-1.657158	0.455858	0.000000	-1.201300	60.000000
66.890000	60.363949	-1.819743	0.456020	0.000000	-1.363723	60.000000
66.789000	60.390411	-1.952053	0.456204	0.000000	-1.495849	60.000000
66.692000	60.414572	-2.072862	0.456393	0.000000	-1.616469	60.000000
66.588000	60.437096	-2.185478	0.456609	0.000000	-1.728869	60.000000
66.488000	60.444965	-2.224826	0.456827	-0.000000	-1.767999	60.000000
66.387000	60.444601	-2.223003	0.457052	-0.000000	-1.765951	60.000000
66.294000	60.431954	-2.159770	0.457259	-0.000000	-1.702512	60.000000
66.201000	60.419176	-2.095879	0.457460	-0.000000	-1.638419	60.000000
66.108000	60.403485	-2.017425	0.457654	-0.000000	-1.559770	60.000000
66.016000	60.392653	-1.963266	0.457840	-0.000000	-1.505426	60.000000
65.923000	60.378186	-1.890932	0.458023	-0.000000	-1.432910	60.000000
65.831000	60.358141	-1.790706	0.458197	-0.000000	-1.332509	60.000000
65.739000	60.331309	-1.656546	0.458361	-0.000000	-1.198185	60.000000
65.649000	60.293892	-1.469458	0.458510	-0.000000	-1.010947	60.000000
65.557000	60.259740	-1.298701	0.458646	-0.000000	-0.840055	60.000000
65.466000	60.227589	-1.137945	0.458764	-0.000000	-0.679182	60.000000
65.374000	60.187322	-0.936611	0.458869	-0.000000	-0.477743	60.000000
65.214000	60.128050	-0.640250	0.459018	-0.000000	-0.181231	60.000000
65.091000	60.064221	-0.321107	0.459097	-0.000000	0.137990	60.000000
64.991000	60.006336	-0.031680	0.459129	-0.000000	0.427449	60.000000
64.889000	59.955128	0.224362	0.459132	-0.000000	0.683494	60.000000
64.790000	59.904427	0.477864	0.459110	-0.000000	0.936974	60.000000
64.689000	59.860425	0.697874	0.459062	-0.000000	1.156936	60.000000
64.589000	59.823000	0.885002	0.458992	-0.000000	1.343994	60.000000
64.489000	59.769828	1.150862	0.458904	-0.000000	1.609766	60.000000
64.391000	59.723164	1.384182	0.458791	-0.000000	1.842973	60.000000
64.293000	59.695938	1.520310	0.458655	-0.000000	1.978965	60.000000
64.191000	59.657792	1.711039	0.458500	-0.000000	2.169539	60.000000
64.092000	59.637270	1.813648	0.458331	-0.000000	2.271979	60.000000
63.989000	59.608056	1.959720	0.458144	-0.000000	2.417864	60.000000
63.890000	59.595560	2.022199	0.457950	-0.000000	2.480149	60.000000
63.791000	59.578049	2.109755	0.457750	-0.000000	2.567504	60.000000
63.693000	59.557773	2.211137	0.457543	-0.000000	2.668680	60.000000
63.592000	59.555597	2.222013	0.457320	-0.000000	2.679332	60.000000
63.489000	59.554572	2.227142	0.457091	0.000000	2.684233	60.000000
63.392000	59.563388	2.183062	0.456875	0.000000	2.639937	60.000000
63.290000	59.576846	2.115769	0.456652	0.000000	2.572421	60.000000
63.190000	59.602567	1.987164	0.456441	0.000000	2.443605	60.000000
63.089000	59.621029	1.894854	0.456240	0.000000	2.351094	60.000000
62.990000	59.645840	1.770802	0.456052	0.000000	2.226854	60.000000
62.890000	59.685317	1.573415	0.455875	0.000000	2.029290	60.000000
62.790000	59.727936	1.360318	0.455718	0.000000	1.816036	60.000000
62.691000	59.761980	1.190100	0.455583	0.000000	1.645684	60.000000
62.590000	59.806522	0.967388	0.455463	0.000000	1.422851	60.000000
62.489000	59.860066	0.699671	0.455365	0.000000	1.155036	60.000000
62.390000	59.902316	0.488418	0.455296	0.000000	0.943714	60.000000
62.290000	59.951632	0.241842	0.455247	0.000000	0.697089	60.000000
62.193000	59.993649	0.031756	0.455224	0.000000	0.486979	60.000000
62.090000	60.044729	-0.223645	0.455220	0.000000	0.231576	60.000000
61.989000	60.076643	-0.383216	0.455243	0.000000	0.072027	60.000000
61.891000	60.107398	-0.536990	0.455281	0.000000	-0.081709	60.000000
61.791000	60.149058	-0.745292	0.455334	0.000000	-0.289958	60.000000
61.692000	60.188837	-0.944185	0.455408	0.000000	-0.488777	60.000000
61.589000	60.231710	-1.158548	0.455505	0.000000	-0.703042	60.000000
61.492000	60.256475	-1.282376	0.455618	0.000000	-0.826759	60.000000
61.390000	60.279173	-1.395867	0.455748	0.000000	-0.940118	60.000000
61.290000	60.305879	-1.529395	0.455888	0.000000	-1.073507	60.000000
61.191000	60.328473	-1.642367	0.456039	0.000000	-1.186328	60.000000
61.087000	60.348629	-1.743145	0.456210	0.000000	-1.286935	60.000000
60.989000	60.370252	-1.851262	0.456381	0.000000	-1.394880	60.000000
60.893000	60.388291	-1.941453	0.456559	0.000000	-1.484894	60.000000
60.791000	60.400462	-2.002311	0.456757	0.000000	-1.545554	60.000000
60.692000	60.414691	-2.073454	0.456955	0.000000	-1.616499	60.000000
60.589000	60.425225	-2.126126	0.457169	0.000000	-1.668958	60.000000
60.488000	60.438064	-2.190321	0.457383	0.000000	-1.732937	60.000000
60.391000	60.442368	-2.211838	0.457596	-0.000000	-1.754242	60.000000
60.291000	60.439996	-2.199979	0.457817	-0.000000	-1.742162	60.000000
60.200000	60.428731	-2.143655	0.458017	-0.000000	-1.685637	60.000000
60.090000	60.412019	-2.060095	0.458253	-0.000000	-1.601842	60.000000
59.989000	60.388225	-1.941123	0.458461	-0.000000	-1.482662	60.000000
59.891000	60.360377	-1.801885	0.458651	-0.000000	-1.343233	60.000000
59.791000	60.323255	-1.616276	0.458832	-0.000000	-1.157445	60.000000
59.691000	60.281897	-1.409487	0.458993	-0.000000	-0.950494	60.000000
59.593000	60.234913	-1.174563	0.459131	-0.000000	-0.715431	60.000000
59.488000	60.183448	-0.917240	0.459255	-0.000000	-0.457985	60.000000
59.390000	60.127201	-0.636006	0.459345	-0.000000	-0.176661	60.000000
59.290000	60.074580	-0.372898	0.459408	-0.000000	0.086510	60.000000
59.189000	60.025594	-0.127972	0.459446	-0.000000	0.331474	60.000000
59.093000	59.977467	0.112667	0.459458	-0.000000	0.572125	60.000000
58.993000	59.937025	0.314875	0.459447	-0.000000	0.774322	60.000000
58.891000	59.887892	0.560539	0.459415	-0.000000	1.019953	60.000000
58.791000	59.842319	0.788407	0.459359	-0.000000	1.247766	60.000000
58.691000	59.791614	1.041930	0.459280	-0.000000	1.501209	60.000000
58.590000	59.738914	1.305429	0.459175	-0.000000	1.764604	60.000000
58.489000	59.703366	1.483170	0.459043	-0.000000	1.942213	60.000000
58.393000	59.677957	1.610213	0.458900	-0.000000	2.069113	60.000000
58.291000	59.650548	1.747260	0.458736	-0.000000	2.205996	60.000000
58.189000	59.627433	1.862837	0.458558	-0.000000	2.321395	60.000000
58.093000	59.617233	1.913836	0.458379	-0.000000	2.372215	60.000000
57.989000	59.615477	1.922613	0.458180	-0.000000	2.380793	60.000000
57.889000	59.609865	1.950675	0.457988	-0.000000	2.408662	60.000000
57.793000	59.600207	1.998965	0.457800	0.000000	2.456766	60.000000
57.689000	59.601598	1.992012	0.457593	0.000000	2.449604	60.000000
57.590000	59.616808	1.915962	0.457395	0.000000	2.373357	60.000000
57.491000	59.635097	1.824517	0.457206	0.000000	2.281722	60.000000
57.391000	59.657735	1.711327	0.457023	0.000000	2.168350	60.000000
57.290000	59.686041	1.569794	0.456850	0.000000	2.026644	60.000000
57.190000	59.721174	1.394132	0.456693	0.000000	1.850825	60.000000
57.090000	59.752925	1.235374	0.456554	0.000000	1.691928	60.000000
56.990000	59.783524	1.082382	0.456430	0.000000	1.538812	60.000000
56.890000	59.821974	0.890131	0.456322	0.000000	1.346454	60.000000
56.791000	59.860787	0.696064	0.456234	0.000000	1.152298	60.000000
56.689000	59.894168	0.529159	0.456163	0.000000	0.985322	60.000000
56.590000	59.934610	0.326951	0.456111	0.000000	0.783061	60.000000
56.488000	59.964190	0.179048	0.456077	0.000000	0.635125	60.000000
56.391000	59.995510	0.022449	0.456060	0.000000	0.478509	60.000000
56.290000	60.034860	-0.174302	0.456058	0.000000	0.281756	60.000000
56.191000	60.068463	-0.342315	0.456075	0.000000	0.113760	60.000000
56.088000	60.099227	-0.496135	0.456110	0.000000	-0.040025	60.000000
55.990000	60.130827	-0.654133	0.456159	0.000000	-0.197974	60.000000
55.889000	60.165827	-0.829134	0.456225	0.000000	-0.372909	60.000000
55.788000	60.198162	-0.990811	0.456309	0.000000	-0.534502	60.000000
55.690000	60.228794	-1.143972	0.456406	0.000000	-0.687566	60.000000
55.592000	60.261801	-1.309005	0.456518	0.000000	-0.852487	60.000000
55.495000	60.297709	-1.488547	0.456645	0.000000	-1.031902	60.000000
55.391000	60.307517	-1.537587	0.456800	0.000000	-1.080787	60.000000
55.289000	60.320473	-1.602367	0.456956	0.000000	-1.145410	60.000000
55.202000	60.329862	-1.649309	0.457096	0.000000	-1.192213	60.000000
55.091000	60.336277	-1.681386	0.457279	0.000000	-1.224107	60.000000
54.992000	60.360976	-1.804878	0.457445	0.000000	-1.347433	60.000000
54.896000	60.369395	-1.846977	0.457619	0.000000	-1.389358	60.000000
54.789000	60.374245	-1.871225	0.457816	0.000000	-1.413409	60.000000
54.689000	60.377038	-1.885188	0.458003	-0.000000	-1.427185	60.000000
54.591000	60.375811	-1.879054	0.458188	-0.000000	-1.420866	60.000000
54.491000	60.374241	-1.871205	0.458376	-0.000000	-1.412829	60.000000
54.391000	60.354567	-1.772835	0.458563	-0.000000	-1.314271	60.000000
54.289000	60.332158	-1.660790	0.458744	-0.000000	-1.202046	60.000000
54.189000	60.305518	-1.527592	0.458910	-0.000000	-1.068682	60.000000
54.090000	60.282873	-1.414364	0.459061	-0.000000	-0.955302	60.000000
53.991000	60.251810	-1.259050	0.459201	-0.000000	-0.799849	60.000000
53.890000	60.207010	-1.035049	0.459329	-0.000000	-0.575720	60.000000
53.790000	60.160680	-0.803400	0.459432	-0.000000	-0.343968	60.000000
53.695000	60.109642	-0.548209	0.459508	-0.000000	-0.088701	60.000000
53.590000	60.054537	-0.272685	0.459566	-0.000000	0.186881	60.000000
53.491000	60.001193	-0.005966	0.459593	-0.000000	0.453627	60.000000
53.391000	59.939560	0.302202	0.459594	-0.000000	0.761795	60.000000
53.291000	59.890122	0.549388	0.459563	-0.000000	1.008951	60.000000
53.189000	59.847872	0.760641	0.459507	-0.000000	1.220148	60.000000
53.090000	59.804174	0.979129	0.459432	-0.000000	1.438561	60.000000
52.991000	59.770545	1.147275	0.459335	-0.000000	1.606610	60.000000
52.890000	59.735839	1.320804	0.459219	-0.000000	1.780023	60.000000
52.790000	59.688881	1.555593	0.459087	-0.000000	2.014680	60.000000
52.692000	59.654894	1.725528	0.458935	-0.000000	2.184463	60.000000
52.590000	59.636668	1.816658	0.458759	-0.000000	2.275417	60.000000
52.490000	59.619644	1.901780	0.458577	-0.000000	2.360357	60.000000
52.388000	59.604256	1.978722	0.458383	0.000000	2.437105	60.000000
52.290000	59.605944	1.970280	0.458189	0.000000	2.428470	60.000000
52.190000	59.611618	1.941911	0.457992	-0.000000	2.399903	60.000000
52.092000	59.606002	1.969992	0.457802	0.000000	2.427794	60.000000
51.992000	59.614447	1.927763	0.457605	0.000000	2.385368	60.000000
51.887000	59.632740	1.836298	0.457402	0.000000	2.293700	60.000000
51.790000	59.653689	1.731556	0.457224	0.000000	2.188781	60.000000
51.691000	59.684355	1.578223	0.457053	0.000000	2.035275	60.000000
51.590000	59.715435	1.422824	0.456893	0.000000	1.879717	60.000000
51.491000	59.735297	1.323513	0.456752	0.000000	1.780266	60.000000
51.391000	59.767109	1.164453	0.456620	0.000000	1.621073	60.000000
51.289000	59.801088	0.994558	0.456501	0.000000	1.451059	60.000000
51.189000	59.836641	0.816797	0.456402	0.000000	1.273199	60.000000
51.091000	59.869236	0.653821	0.456322	0.000000	1.110143	60.000000
51.001000	59.905398	0.473009	0.456263	0.000000	0.929272	60.000000
50.912000	59.937269	0.313654	0.456221	0.000000	0.769875	60.000000
50.825000	59.971369	0.143155	0.456194	0.000000	0.599349	60.000000
50.738000	60.007126	-0.035629	0.456181	0.000000	0.420553	60.000000
50.648000	60.038186	-0.190929	0.456184	0.000000	0.265256	60.000000
50.558000	60.076155	-0.380775	0.456202	0.000000	0.075427	60.000000
50.389000	60.127081	-0.635407	0.456266	0.000000	-0.179141	60.000000
50.290000	60.154988	-0.774941	0.456329	0.000000	-0.318612	60.000000
50.199000	60.177514	-0.887571	0.456399	0.000000	-0.431171	60.000000
50.092000	60.212942	-1.064711	0.456494	0.000000	-0.608217	60.000000
49.990000	60.241149	-1.205745	0.456603	0.000000	-0.749142	60.000000
49.889000	60.267732	-1.338661	0.456725	0.000000	-0.881936	60.000000
49.788000	60.291650	-1.458252	0.456860	0.000000	-1.001392	60.000000
49.691000	60.305401	-1.527007	0.457001	0.000000	-1.070005	60.000000
49.593000	60.317566	-1.587831	0.457151	0.000000	-1.130680	60.000000
49.490000	60.334102	-1.670509	0.457315	0.000000	-1.213195	60.000000
49.390000	60.342091	-1.710456	0.457482	-0.000000	-1.252975	60.000000
49.290000	60.340271	-1.701356	0.457653	-0.000000	-1.243703	60.000000
49.191000	60.329434	-1.647170	0.457821	-0.000000	-1.189349	60.000000
49.091000	60.321258	-1.606288	0.457986	-0.000000	-1.148302	60.000000
48.992000	60.304129	-1.520644	0.458145	-0.000000	-1.062499	60.000000
48.890000	60.271125	-1.355624	0.458300	-0.000000	-0.897324	60.000000
48.791000	60.270401	-1.352006	0.458434	-0.000000	-0.893571	60.000000
48.691000	60.245937	-1.229684	0.458569	-0.000000	-0.771114	60.000000
48.590000	60.218319	-1.091595	0.458694	-0.000000	-0.632902	60.000000
48.489000	60.193567	-0.967834	0.458804	-0.000000	-0.509030	60.000000
48.391000	60.166864	-0.834320	0.458899	-0.000000	-0.375421	60.000000
48.289000	60.135921	-0.679605	0.458984	-0.000000	-0.220621	60.000000
48.192000	60.100861	-0.504307	0.459050	-0.000000	-0.045258	60.000000
48.088000	60.058041	-0.290207	0.459102	-0.000000	0.168895	60.000000
47.993000	60.010034	-0.050170	0.459130	-0.000000	0.408959	60.000000
47.889000	59.958817	0.205916	0.459135	-0.000000	0.665051	60.000000
47.790000	59.904673	0.476637	0.459114	-0.000000	0.935751	60.000000
47.689000	59.856378	0.718110	0.459066	-0.000000	1.177177	60.000000
47.587000	59.812860	0.935700	0.458993	-0.000000	1.394693	60.000000
47.489000	59.775319	1.123404	0.458901	-0.000000	1.582306	60.000000
47.392000	59.749184	1.254081	0.458792	-0.000000	1.712874	60.000000
47.293000	59.725214	1.373929	0.458668	-0.000000	1.832598	60.000000
47.191000	59.694193	1.529033	0.458528	-0.000000	1.987562	60.000000
47.089000	59.664493	1.677533	0.458372	-0.000000	2.135905	60.000000
46.989000	59.633052	1.834742	0.458204	-0.000000	2.292947	60.000000
46.892000	59.620251	1.898743	0.458026	-0.000000	2.356769	60.000000
46.793000	59.613848	1.930760	0.457838	0.000000	2.388599	60.000000
46.693000	59.617357	1.913213	0.457645	0.000000	2.370858	60.000000
46.591000	59.628216	1.858921	0.457450	0.000000	2.316371	60.000000
46.492000	59.640472	1.797642	0.457266	0.000000	2.254909	60.000000
46.390000	59.644088	1.779559	0.457083	0.000000	2.236642	60.000000
46.290000	59.660987	1.695067	0.456905	0.000000	2.151972	60.000000
46.191000	59.672585	1.637074	0.456737	0.000000	2.093811	60.000000
46.095000	59.688399	1.558006	0.456580	0.000000	2.014586	60.000000
45.988000	59.721481	1.392597	0.456413	0.000000	1.849010	60.000000
45.890000	59.763006	1.184971	0.456277	0.000000	1.641248	60.000000
45.790000	59.804949	0.975253	0.456158	0.000000	1.431412	60.000000
45.691000	59.831518	0.842411	0.456062	0.000000	1.298472	60.000000
45.590000	59.872022	0.639888	0.455977	0.000000	1.095864	60.000000
45.492000	59.917530	0.412348	0.455914	0.000000	0.868262	60.000000
45.390000	59.958515	0.207424	0.455872	0.000000	0.663296	60.000000
45.293000	59.996370	0.018151	0.455852	0.000000	0.474003	60.000000
45.206000	60.035039	-0.175196	0.455850	0.000000	0.280654	60.000000
45.093000	60.089045	-0.445225	0.455870	0.000000	0.010645	60.000000
44.989000	60.117809	-0.589044	0.455916	0.000000	-0.133127	60.000000
44.892000	60.135376	-0.676881	0.455973	0.000000	-0.220907	60.000000
44.793000	60.153780	-0.768901	0.456040	0.000000	-0.312861	60.000000
44.691000	60.182903	-0.914516	0.456119	0.000000	-0.458397	60.000000
44.593000	60.217053	-1.085266	0.456208	0.000000	-0.629058	60.000000
44.493000	60.233643	-1.168213	0.456317	0.000000	-0.711896	60.000000
44.394000	60.250419	-1.252095	0.456433	0.000000	-0.795662	60.000000
44.291000	60.268095	-1.340477	0.456562	0.000000	-0.883915	60.000000
44.191000	60.294017	-1.470083	0.456696	0.000000	-1.013388	60.000000
44.091000	60.304733	-1.523664	0.456843	0.000000	-1.066821	60.000000
43.990000	60.315935	-1.579673	0.456997	0.000000	-1.122676	60.000000
43.891000	60.326891	-1.634457	0.457153	0.000000	-1.177304	60.000000
43.789000	60.340638	-1.703192	0.457320	-0.000000	-1.245872	60.000000
43.691000	60.326647	-1.633233	0.457487	-0.000000	-1.175746	60.000000
43.595000	60.319931	-1.599656	0.457643	-0.000000	-1.142013	60.000000
43.492000	60.309944	-1.549721	0.457808	-0.000000	-1.091913	60.000000
43.390000	60.296372	-1.481861	0.457966	-0.000000	-1.023895	60.000000
43.294000	60.273790	-1.368949	0.458108	-0.000000	-0.910840	60.000000
43.195000	60.253927	-1.269637	0.458244	-0.000000	-0.811393	60.000000
43.092000	60.216938	-1.084688	0.458375	-0.000000	-0.626313	60.000000
42.992000	60.176906	-0.884531	0.458483	-0.000000	-0.426047	60.000000
42.891000	60.156266	-0.781331	0.458573	-0.000000	-0.322759	60.000000
42.792000	60.128589	-0.642947	0.458650	-0.000000	-0.184297	60.000000
42.696000	60.098619	-0.493095	0.458712	-0.000000	-0.034383	60.000000
42.611000	60.055744	-0.278719	0.458754	-0.000000	0.180035	60.000000
42.521000	60.007188	-0.035938	0.458779	-0.000000	0.422841	60.000000
42.435000	59.953923	0.230383	0.458782	-0.000000	0.689165	60.000000
42.345000	59.918851	0.405743	0.458761	-0.000000	0.864504	60.000000
42.258000	59.888559	0.557206	0.458726	-0.000000	1.015932	60.000000
42.089000	59.816125	0.919373	0.458632	-0.000000	1.378004	60.000000
41.994000	59.775621	1.121896	0.458544	-0.000000	1.580440	60.000000
41.891000	59.742548	1.287258	0.458429	-0.000000	1.745687	60.000000
41.790000	59.715921	1.420396	0.458299	-0.000000	1.878695	60.000000
41.694000	59.681514	1.592431	0.458162	-0.000000	2.050593	60.000000
41.588000	59.644641	1.776796	0.457993	-0.000000	2.234790	60.000000
41.490000	59.635758	1.821211	0.457819	-0.000000	2.279030	60.000000
41.394000	59.625557	1.872217	0.457644	-0.000000	2.329862	60.000000
41.294000	59.604312	1.978441	0.457457	-0.000000	2.435898	60.000000
41.191000	59.587591	2.062047	0.457253	0.000000	2.519301	60.000000
41.091000	59.590794	2.046029	0.457047	0.000000	2.503076	60.000000
40.992000	59.595023	2.024887	0.456845	0.000000	2.481732	60.000000
40.892000	59.597910	2.010451	0.456642	0.000000	2.467093	60.000000
40.794000	59.605224	1.973881	0.456445	0.000000	2.430326	60.000000
40.693000	59.640167	1.799165	0.456246	0.000000	2.255410	60.000000
40.590000	59.664797	1.676017	0.456061	0.000000	2.132078	60.000000
40.491000	59.698840	1.505800	0.455895	0.000000	1.961695	60.000000
40.391000	59.749722	1.251392	0.455744	0.000000	1.707136	60.000000
40.290000	59.785756	1.071218	0.455618	0.000000	1.526835	60.000000
40.207000	59.818049	0.909757	0.455529	0.000000	1.365286	60.000000
40.095000	59.870747	0.646264	0.455427	0.000000	1.101691	60.000000
39.990000	59.906239	0.468805	0.455359	0.000000	0.924164	60.000000
39.891000	59.944090	0.279552	0.455313	0.000000	0.734864	60.000000
39.792000	59.982721	0.086396	0.455285	0.000000	0.541681	60.000000
39.689000	60.022565	-0.112825	0.455276	0.000000	0.342451	60.000000
39.591000	60.058894	-0.294471	0.455287	0.000000	0.160816	60.000000
39.491000	60.091717	-0.458583	0.455317	0.000000	-0.003266	60.000000
39.391000	60.116723	-0.583616	0.455362	0.000000	-0.128253	60.000000
39.290000	60.167827	-0.839136	0.455421	0.000000	-0.383714	60.000000
39.192000	60.199377	-0.996884	0.455504	0.000000	-0.541381	60.000000
39.089000	60.234493	-1.172464	0.455606	0.000000	-0.716858	60.000000
38.990000	60.267853	-1.339266	0.455722	0.000000	-0.883544	60.000000
38.893000	60.280396	-1.401981	0.455852	0.000000	-0.946129	60.000000
38.793000	60.292074	-1.460371	0.455992	0.000000	-1.004378	60.000000
38.688000	60.307637	-1.538186	0.456146	0.000000	-1.082040	60.000000
38.591000	60.325200	-1.626002	0.456295	0.000000	-1.169707	60.000000
38.493000	60.336697	-1.683484	0.456454	0.000000	-1.227030	60.000000
38.391000	60.347969	-1.739843	0.456626	0.000000	-1.283217	60.000000
38.293000	60.354810	-1.774052	0.456797	0.000000	-1.317255	60.000000
38.192000	60.363889	-1.819447	0.456976	0.000000	-1.362471	60.000000
38.090000	60.366313	-1.831567	0.457161	-0.000000	-1.374406	60.000000
37.992000	60.362198	-1.810992	0.457341	-0.000000	-1.353651	60.000000
37.890000	60.360259	-1.801293	0.457525	-0.000000	-1.343767	60.000000
37.792000	60.355776	-1.778881	0.457702	-0.000000	-1.321179	60.000000
37.691000	60.338277	-1.691387	0.457882	-0.000000	-1.233506	60.000000
37.590000	60.314904	-1.574520	0.458053	-0.000000	-1.116468	60.000000
37.492000	60.287842	-1.439210	0.458207	-0.000000	-0.981003	60.000000
37.390000	60.259806	-1.299030	0.458354	-0.000000	-0.840677	60.000000
37.293000	60.221655	-1.108276	0.458480	-0.000000	-0.649797	60.000000
37.193000	60.185634	-0.928170	0.458590	-0.000000	-0.469579	60.000000
37.091000	60.132105	-0.660523	0.458685	-0.000000	-0.201837	60.000000
36.992000	60.087589	-0.437947	0.458751	-0.000000	0.020803	60.000000
36.890000	60.040434	-0.202168	0.458795	-0.000000	0.256627	60.000000
36.791000	59.990805	0.045977	0.458815	-0.000000	0.504793	60.000000
36.691000	59.942275	0.288624	0.458811	-0.000000	0.747435	60.000000
36.594000	59.902318	0.488411	0.458783	-0.000000	0.947194	60.000000
36.491000	59.864222	0.678892	0.458732	-0.000000	1.137624	60.000000
36.392000	59.811052	0.944738	0.458665	-0.000000	1.403403	60.000000
36.291000	59.762338	1.188310	0.458570	-0.000000	1.646880	60.000000
36.190000	59.731498	1.342509	0.458450	-0.000000	1.800959	60.000000
36.092000	59.704273	1.478637	0.458318	-0.000000	1.936955	60.000000
35.995000	59.678016	1.609918	0.458175	-0.000000	2.068093	60.000000
35.891000	59.638845	1.805776	0.458007	-0.000000	2.263783	60.000000
35.790000	59.618621	1.906897	0.457825	-0.000000	2.364721	60.000000
35.694000	59.613125	1.934374	0.457642	-0.000000	2.392016	60.000000
35.589000	59.603231	1.983845	0.457439	-0.000000	2.441284	60.000000
35.493000	59.594294	2.028528	0.457248	-0.000000	2.485777	60.000000
35.395000	59.593090	2.034550	0.457049	-0.000000	2.491599	60.000000
35.289000	59.587776	2.061122	0.456834	0.000000	2.517956	60.000000
35.193000	59.610780	1.946102	0.456636	0.000000	2.402738	60.000000
35.092000	59.629176	1.854120	0.456439	0.000000	2.310559	60.000000
34.992000	59.653690	1.731550	0.456254	0.000000	2.187804	60.000000
34.893000	59.680556	1.597218	0.456083	0.000000	2.053301	60.000000
34.791000	59.706204	1.468982	0.455920	0.000000	1.924901	60.000000
34.690000	59.740247	1.298764	0.455771	0.000000	1.754536	60.000000
34.591000	59.780207	1.098964	0.455643	0.000000	1.554606	60.000000
34.493000	59.816065	0.919674	0.455535	0.000000	1.375209	60.000000
34.396000	59.855121	0.724393	0.455446	0.000000	1.179839	60.000000
34.290000	59.897006	0.514970	0.455369	0.000000	0.970339	60.000000
34.191000	59.940044	0.299781	0.455318	0.000000	0.755099	60.000000
34.092000	59.978307	0.108463	0.455288	0.000000	0.563751	60.000000
33.990000	60.017547	-0.087736	0.455277	0.000000	0.367541	60.000000
33.889000	60.063498	-0.317488	0.455286	0.000000	0.137798	60.000000
33.793000	60.103580	-0.517901	0.455317	0.000000	-0.062584	60.000000
33.689000	60.143247	-0.716235	0.455370	0.000000	-0.260865	60.000000
33.590000	60.180423	-0.902113	0.455441	0.000000	-0.446671	60.000000
33.492000	60.207973	-1.039865	0.455530	0.000000	-0.584335	60.000000
33.390000	60.225656	-1.128280	0.455636	0.000000	-0.672644	60.000000
33.289000	60.252963	-1.264814	0.455750	0.000000	-0.809065	60.000000
33.193000	60.283357	-1.416785	0.455871	0.000000	-0.960914	60.000000
33.095000	60.309814	-1.549069	0.456010	0.000000	-1.093059	60.000000
32.991000	60.325436	-1.627180	0.456171	0.000000	-1.171008	60.000000
32.889000	60.338575	-1.692874	0.456337	0.000000	-1.236537	60.000000
32.790000	60.343547	-1.717734	0.456505	0.000000	-1.261229	60.000000
32.698000	60.359165	-1.795825	0.456663	0.000000	-1.339162	60.000000
32.592000	60.365283	-1.826415	0.456853	-0.000000	-1.369562	60.000000
32.493000	60.359951	-1.799753	0.457034	-0.000000	-1.342719	60.000000
32.391000	60.350445	-1.752226	0.457217	0.000000	-1.295008	60.000000
32.291000	60.356741	-1.783704	0.457393	-0.000000	-1.326311	60.000000
32.192000	60.356441	-1.782204	0.457569	-0.000000	-1.324635	60.000000
32.091000	60.353289	-1.766445	0.457749	-0.000000	-1.308695	60.000000
31.993000	60.329803	-1.649013	0.457922	-0.000000	-1.191090	60.000000
31.892000	60.315750	-1.578751	0.458089	-0.000000	-1.120662	60.000000
31.791000	60.293657	-1.468287	0.458248	-0.000000	-1.010039	60.000000
31.691000	60.270100	-1.350499	0.458395	-0.000000	-0.892104	60.000000
31.591000	60.242666	-1.213332	0.458530	-0.000000	-0.754802	60.000000
31.491000	60.208881	-1.044405	0.458652	-0.000000	-0.585753	60.000000
31.390000	60.179147	-0.895736	0.458757	-0.000000	-0.436979	60.000000
31.294000	60.135977	-0.679887	0.458843	-0.000000	-0.221044	60.000000
31.195000	60.093534	-0.467670	0.458910	-0.000000	-0.008760	60.000000
31.091000	60.041705	-0.208524	0.458959	-0.000000	0.250435	60.000000
30.992000	59.988817	0.055914	0.458980	-0.000000	0.514894	60.000000
30.891000	59.930506	0.347469	0.458974	-0.000000	0.806443	60.000000
30.789000	59.878654	0.606731	0.458939	-0.000000	1.065669	60.000000
30.691000	59.842261	0.788696	0.458879	-0.000000	1.247575	60.000000
30.593000	59.795051	1.024744	0.458802	-0.000000	1.483546	60.000000
30.491000	59.752255	1.238726	0.458697	-0.000000	1.697424	60.000000
30.391000	59.709949	1.450254	0.458573	-0.000000	1.908828	60.000000
30.291000	59.676146	1.619272	0.458428	-0.000000	2.077700	60.000000
30.200000	59.653927	1.730363	0.458281	-0.000000	2.188644	60.000000
30.093000	59.614152	1.929238	0.458096	-0.000000	2.387334	60.000000
29.992000	59.588740	2.056301	0.457901	-0.000000	2.514202	60.000000
29.891000	59.572446	2.137769	0.457693	-0.000000	2.595462	60.000000
29.792000	59.572079	2.139606	0.457482	-0.000000	2.597088	60.000000
29.691000	59.569972	2.150140	0.457266	-0.000000	2.607406	60.000000
29.593000	59.567919	2.160406	0.457055	-0.000000	2.617460	60.000000
29.489000	59.567133	2.164335	0.456830	-0.000000	2.621165	60.000000
29.393000	59.563813	2.180937	0.456622	0.000000	2.637559	60.000000
29.294000	59.580529	2.097357	0.456407	0.000000	2.553763	60.000000
29.191000	59.599005	2.004973	0.456191	0.000000	2.461164	60.000000
29.093000	59.628400	1.858002	0.455994	0.000000	2.313996	60.000000
28.993000	59.661176	1.694121	0.455808	0.000000	2.149930	60.000000
28.894000	59.694850	1.525748	0.455641	0.000000	1.981388	60.000000
28.794000	59.734752	1.326242	0.455488	0.000000	1.781730	60.000000
28.694000	59.776704	1.116478	0.455355	0.000000	1.571833	60.000000
28.593000	59.817448	0.912761	0.455243	0.000000	1.368004	60.000000
28.493000	59.859461	0.702695	0.455151	0.000000	1.157846	60.000000
28.394000	59.901236	0.493822	0.455082	0.000000	0.948904	60.000000
28.291000	59.942766	0.286170	0.455031	0.000000	0.741201	60.000000
28.197000	59.987488	0.062559	0.455004	0.000000	0.517563	60.000000
28.093000	60.042308	-0.211538	0.454997	0.000000	0.243460	60.000000
27.992000	60.082997	-0.414984	0.455019	0.000000	0.040035	60.000000
27.893000	60.130283	-0.651415	0.455060	0.000000	-0.196355	60.000000
27.792000	60.166073	-0.830365	0.455126	0.000000	-0.375239	60.000000
27.691000	60.193680	-0.968399	0.455210	0.000000	-0.513190	60.000000
27.593000	60.209419	-1.047095	0.455304	0.000000	-0.591791	60.000000
27.496000	60.227407	-1.137037	0.455406	0.000000	-0.681631	60.000000
27.389000	60.257319	-1.286594	0.455528	0.000000	-0.831066	60.000000
27.291000	60.308365	-1.541825	0.455654	0.000000	-1.086171	60.000000
27.194000	60.344092	-1.720458	0.455803	0.000000	-1.264655	60.000000
27.095000	60.358624	-1.793121	0.455974	0.000000	-1.337147	60.000000
26.994000	60.376060	-1.880298	0.456155	0.000000	-1.424144	60.000000
26.893000	60.387981	-1.939906	0.456345	0.000000	-1.483561	60.000000
26.792000	60.407367	-2.036836	0.456541	0.000000	-1.580296	60.000000
26.690000	60.419411	-2.097056	0.456748	0.000000	-1.640307	60.000000
26.592000	60.436007	-2.180036	0.456954	0.000000	-1.723082	60.000000
26.501000	60.451991	-2.259957	0.457152	0.000000	-1.802804	60.000000
26.417000	60.455139	-2.275696	0.457342	-0.000000	-1.818354	60.000000
26.332000	60.452232	-2.261161	0.457536	-0.000000	-1.803625	60.000000
26.248000	60.438731	-2.193657	0.457725	-0.000000	-1.735931	60.000000
26.165000	60.432554	-2.162770	0.457908	-0.000000	-1.704863	60.000000
26.059000	60.418266	-2.091332	0.458137	-0.000000	-1.633195	60.000000
25.893000	60.395252	-1.976261	0.458484	-0.000000	-1.517777	60.000000
25.791000	60.374063	-1.870317	0.458686	-0.000000	-1.411631	60.000000
25.693000	60.347239	-1.736197	0.458869	-0.000000	-1.277328	60.000000
25.593000	60.322108	-1.610539	0.459042	-0.000000	-1.151497	60.000000
25.491000	60.293770	-1.468852	0.459207	-0.000000	-1.009646	60.000000
25.394000	60.261439	-1.307196	0.459349	-0.000000	-0.847847	60.000000
25.294000	60.214877	-1.074383	0.459480	-0.000000	-0.614903	60.000000
25.192000	60.164437	-0.822186	0.459590	-0.000000	-0.362596	60.000000
25.092000	60.107705	-0.538523	0.459672	-0.000000	-0.078852	60.000000
24.991000	60.056897	-0.284483	0.459726	-0.000000	0.175243	60.000000
24.891000	59.999202	0.003990	0.459755	-0.000000	0.463744	60.000000
24.793000	59.945415	0.272927	0.459754	-0.000000	0.732681	60.000000
24.694000	59.885480	0.572601	0.459727	-0.000000	1.032328	60.000000
24.595000	59.824998	0.875011	0.459670	-0.000000	1.334682	60.000000
24.489000	59.771032	1.144841	0.459578	-0.000000	1.604418	60.000000
24.391000	59.725458	1.372709	0.459466	-0.000000	1.832175	60.000000
24.295000	59.691601	1.541994	0.459334	-0.000000	2.001328	60.000000
24.200000	59.657128	1.714358	0.459187	-0.000000	2.173545	60.000000
24.093000	59.623749	1.881256	0.459004	-0.000000	2.340260	60.000000
23.991000	59.606846	1.965768	0.458812	-0.000000	2.424580	60.000000
23.891000	59.583912	2.080440	0.458615	-0.000000	2.539055	60.000000
23.792000	59.561275	2.193623	0.458409	-0.000000	2.652032	60.000000
23.692000	59.552527	2.237367	0.458190	-0.000000	2.695558	60.000000
23.593000	59.528137	2.359314	0.457969	-0.000000	2.817283	60.000000
23.492000	59.500186	2.499070	0.457730	-0.000000	2.956800	60.000000
23.392000	59.482504	2.587478	0.457480	-0.000000	3.044958	60.000000
23.294000	59.468012	2.659941	0.457227	-0.000000	3.117167	60.000000
23.192000	59.465968	2.670159	0.456955	0.000000	3.127115	60.000000
23.095000	59.470613	2.646933	0.456696	0.000000	3.103629	60.000000
22.991000	59.485283	2.573585	0.456421	0.000000	3.030006	60.000000
22.891000	59.499228	2.503858	0.456164	0.000000	2.960022	60.000000
22.794000	59.532906	2.335471	0.455921	0.000000	2.791392	60.000000
22.694000	59.569850	2.150750	0.455687	0.000000	2.606437	60.000000
22.594000	59.625326	1.873371	0.455472	0.000000	2.328843	60.000000
22.492000	59.692383	1.538085	0.455281	0.000000	1.993367	60.000000
22.394000	59.740004	1.299978	0.455130	0.000000	1.755109	60.000000
22.293000	59.776223	1.118885	0.454999	0.000000	1.573884	60.000000
22.198000	59.818652	0.906740	0.454893	0.000000	1.361633	60.000000
22.092000	59.877444	0.612779	0.454797	0.000000	1.067575	60.000000
21.991000	59.936607	0.316967	0.454735	0.000000	0.771702	60.000000
21.891000	59.997146	0.014269	0.454703	0.000000	0.468972	60.000000
21.795000	60.055631	-0.278154	0.454702	0.000000	0.176548	60.000000
21.691000	60.115939	-0.579694	0.454731	0.000000	-0.124963	60.000000
21.591000	60.179032	-0.895158	0.454789	0.000000	-0.440369	60.000000
21.491000	60.233640	-1.168200	0.454878	0.000000	-0.713321	60.000000
21.393000	60.284207	-1.421036	0.454993	0.000000	-0.966043	60.000000
21.293000	60.343002	-1.715010	0.455135	0.000000	-1.259875	60.000000
21.197000	60.392953	-1.964766	0.455299	0.000000	-1.509466	60.000000
21.091000	60.433162	-2.165811	0.455508	0.000000	-1.710303	60.000000
20.991000	60.476569	-2.382844	0.455724	0.000000	-1.927119	60.000000
20.893000	60.523500	-2.617499	0.455958	0.000000	-2.161541	60.000000
20.793000	60.569637	-2.848186	0.456220	0.000000	-2.391967	60.000000
20.694000	60.625038	-3.125190	0.456502	0.000000	-2.668688	60.000000
20.593000	60.666522	-3.332611	0.456817	0.000000	-2.875794	60.000000
20.494000	60.708596	-3.542979	0.457147	0.000000	-3.085831	60.000000
20.393000	60.759100	-3.795499	0.457505	0.000000	-3.337994	60.000000
20.292000	60.807902	-4.039511	0.457888	0.000000	-3.581622	60.000000
20.193000	60.852897	-4.264487	0.458288	0.000000	-3.806199	60.000000
20.091000	60.889406	-4.447028	0.458723	0.000000	-3.988305	60.000000
19.994000	60.926348	-4.631742	0.459155	0.000000	-4.172588	60.000000
19.895000	60.951165	-4.755827	0.459613	0.000000	-4.296213	60.000000
19.793000	60.982468	-4.912338	0.460098	0.000000	-4.452239	60.000000
19.690000	61.016131	-5.080653	0.460604	0.000000	-4.620049	60.000000
19.592000	61.045017	-5.225084	0.461102	0.000000	-4.763982	60.000000
19.490000	61.070208	-5.351038	0.461635	0.000000	-4.889403	60.000000
19.392000	61.098849	-5.494245	0.462159	0.000000	-5.032085	60.000000
19.295000	61.122345	-5.611724	0.462692	0.000000	-5.149031	60.000000
19.192000	61.148310	-5.741552	0.463270	0.000000	-5.278282	60.000000
19.090000	61.177806	-5.889030	0.463856	0.000000	-5.425174	60.000000
18.992000	61.208442	-6.042212	0.464433	0.000000	-5.577778	60.000000
18.892000	61.228190	-6.140952	0.465037	0.000000	-5.675914	60.000000
18.794000	61.230596	-6.152978	0.465639	0.000000	-5.687339	60.000000
18.693000	61.244647	-6.223233	0.466261	0.000000	-5.756972	60.000000
18.591000	61.266512	-6.332560	0.466895	0.000000	-5.865664	60.000000
18.492000	61.267485	-6.337423	0.467522	0.000000	-5.869901	60.000000
18.393000	61.276681	-6.383403	0.468150	-0.000000	-5.915253	60.000000
18.295000	61.274988	-6.374941	0.468775	-0.000000	-5.906166	60.000000
18.189000	61.267908	-6.339542	0.469451	-0.000000	-5.870091	60.000000
18.092000	61.241929	-6.209646	0.470066	-0.000000	-5.739580	60.000000
17.993000	61.228186	-6.140931	0.470681	-0.000000	-5.670251	60.000000
17.892000	61.220864	-6.104321	0.471301	-0.000000	-5.633020	60.000000
17.794000	61.212681	-6.063406	0.471899	-0.000000	-5.591507	60.000000
17.693000	61.193791	-5.968957	0.472512	-0.000000	-5.496445	60.000000
17.592000	61.170964	-5.854821	0.473114	-0.000000	-5.381706	60.000000
17.493000	61.139416	-5.697079	0.473694	-0.000000	-5.223385	60.000000
17.392000	61.091165	-5.455825	0.474269	-0.000000	-4.981555	60.000000
17.291000	61.043078	-5.215392	0.474821	-0.000000	-4.740571	60.000000
17.192000	60.987376	-4.936881	0.475337	-0.000000	-4.461544	60.000000
17.092000	60.930333	-4.651665	0.475831	-0.000000	-4.175835	60.000000
16.991000	60.864154	-4.320772	0.476300	-0.000000	-3.844471	60.000000
16.891000	60.787436	-3.937179	0.476732	-0.000000	-3.460446	60.000000
16.794000	60.709263	-3.546315	0.477114	-0.000000	-3.069200	60.000000
16.689000	60.630126	-3.150628	0.477487	-0.000000	-2.673141	60.000000
16.590000	60.530886	-2.654432	0.477799	-0.000000	-2.176634	60.000000
16.493000	60.423411	-2.117053	0.478056	-0.000000	-1.638996	60.000000
16.409000	60.334949	-1.674747	0.478234	-0.000000	-1.196513	60.000000
16.304000	60.220929	-1.104644	0.478410	-0.000000	-0.626234	60.000000
16.196000	60.087476	-0.437382	0.478529	-0.000000	0.041147	60.000000
16.094000	59.985074	0.074629	0.478574	-0.000000	0.553202	60.000000
15.992000	59.875635	0.621824	0.478566	-0.000000	1.100390	60.000000
15.895000	59.757272	1.213642	0.478506	-0.000000	1.692148	60.000000
15.791000	59.637997	1.810014	0.478380	-0.000000	2.288393	60.000000
15.690000	59.530370	2.348150	0.478197	-0.000000	2.826347	60.000000
15.590000	59.407420	2.962900	0.477962	-0.000000	3.440862	60.000000
15.492000	59.289532	3.552338	0.477672	-0.000000	4.030010	60.000000
15.391000	59.177020	4.114902	0.477313	-0.000000	4.592215	60.000000
15.293000	59.066193	4.669037	0.476910	-0.000000	5.145947	60.000000
15.192000	58.958631	5.206846	0.476438	-0.000000	5.683284	60.000000
15.093000	58.842256	5.788720	0.475922	-0.000000	6.264643	60.000000
14.993000	58.720930	6.395350	0.475344	-0.000000	6.870694	60.000000
14.895000	58.603827	6.980866	0.474717	-0.000000	7.455583	60.000000
14.792000	58.479420	7.602898	0.473998	-0.000000	8.076895	60.000000
14.691000	58.357799	8.211003	0.473230	-0.000000	8.684233	60.000000
14.594000	58.236102	8.819490	0.472433	-0.000000	9.291924	60.000000
14.492000	58.114898	9.425510	0.471534	-0.000000	9.897044	60.000000
14.392000	57.994786	10.026072	0.470591	-0.000000	10.496663	60.000000
14.293000	57.875265	10.623677	0.469599	-0.000000	11.093276	60.000000
14.195000	57.752249	11.238756	0.468558	-0.000000	11.707313	60.000000
14.092000	57.631459	11.842704	0.467400	-0.000000	12.310104	60.000000
13.996000	57.510443	12.447785	0.466263	-0.000000	12.914048	60.000000
13.894000	57.389958	13.050211	0.464993	-0.000000	13.515204	60.000000
13.792000	57.264531	13.677345	0.463662	-0.000000	14.141008	60.000000
13.692000	57.141030	14.294851	0.462295	-0.000000	14.757146	60.000000
13.593000	57.019225	14.903875	0.460879	-0.000000	15.364754	60.000000
13.492000	56.888836	15.555819	0.459374	-0.000000	16.015193	60.000000
13.391000	56.751579	16.242106	0.457803	-0.000000	16.699909	60.000000
13.292000	56.624999	16.875007	0.456195	-0.000000	17.331202	60.000000
13.197000	56.500543	17.497287	0.454592	-0.000000	17.951879	60.000000
13.091000	56.363698	18.181509	0.452737	-0.000000	18.634246	60.000000
12.995000	56.233503	18.832487	0.450992	-0.000000	19.283479	60.000000
12.889000	56.111274	19.443630	0.448995	-0.000000	19.892626	60.000000
12.791000	55.987045	20.064777	0.447090	-0.000000	20.511867	60.000000
12.694000	55.862221	20.688894	0.445144	-0.000000	21.134038	60.000000
12.593000	55.741976	21.290120	0.443054	-0.000000	21.733174	60.000000
12.491000	55.620229	21.898855	0.440883	-0.000000	22.339738	60.000000
12.393000	55.493654	22.531729	0.438736	-0.000000	22.970466	60.000000
12.295000	55.377873	23.110634	0.436528	-0.000000	23.547162	60.000000
12.191000	55.259995	23.700025	0.434125	-0.000000	24.134149	60.000000
12.097000	55.153513	24.232435	0.431897	-0.000000	24.664332	60.000000
12.001000	55.037684	24.811581	0.429571	-0.000000	25.241152	60.000000
11.893000	54.922032	25.389841	0.426891	-0.000000	25.816732	60.000000
11.794000	54.801246	25.993769	0.424377	-0.000000	26.418147	60.000000
11.694000	54.681430	26.592849	0.421778	-0.000000	27.014627	60.000000
11.592000	54.552927	27.235365	0.419066	-0.000000	27.654431	60.000000
11.494000	54.426341	27.868293	0.416397	-0.000000	28.284690	60.000000
11.394000	54.304228	28.478859	0.413610	-0.000000	28.892469	60.000000
11.292000	54.179771	29.101146	0.410705	-0.000000	29.511851	60.000000
11.199000	54.054576	29.727120	0.407999	-0.000000	30.135119	60.000000
11.096000	53.915504	30.422480	0.404937	-0.000000	30.827417	60.000000
10.993000	53.797860	31.010698	0.401803	-0.000000	31.412501	60.000000
10.893000	53.677265	31.613673	0.398702	-0.000000	32.012375	60.000000
10.797000	53.555875	32.220625	0.395667	-0.000000	32.616292	60.000000
10.693000	53.426399	32.868003	0.392316	-0.000000	33.260319	60.000000
10.593000	53.302837	33.485817	0.389029	-0.000000	33.874846	60.000000
10.495000	53.188031	34.059847	0.385748	-0.000000	34.445594	60.000000
10.396000	53.076785	34.616074	0.382376	-0.000000	34.998450	60.000000
10.291000	52.953955	35.230227	0.378741	-0.000000	35.608968	60.000000
10.195000	52.840958	35.795211	0.375359	-0.000000	36.170570	60.000000
10.092000	52.714195	36.429024	0.371672	-0.000000	36.800696	60.000000
9.993000	52.594139	37.029305	0.368066	-0.000000	37.397370	60.000000
9.895000	52.480292	37.598540	0.364437	-0.000000	37.962977	60.000000
9.795000	52.373155	38.134223	0.360677	-0.000000	38.494900	60.000000
9.692000	52.251285	38.743575	0.356749	-0.000000	39.100324	60.000000
9.593000	52.143910	39.280451	0.352913	-0.000000	39.633365	60.000000
9.494000	52.029514	39.852429	0.349025	-0.000000	40.201454	60.000000
9.393000	51.914464	40.427679	0.345000	-0.000000	40.772679	60.000000
9.293000	51.796826	41.015870	0.340957	-0.000000	41.356827	60.000000
9.197000	51.692644	41.536781	0.337019	-0.000000	41.873800	60.000000
9.095000	51.573368	42.133159	0.332783	-0.000000	42.465941	60.000000
8.993000	51.456210	42.718949	0.328485	-0.000000	43.047434	60.000000
8.897000	51.334997	43.325016	0.324384	-0.000000	43.649400	60.000000
8.792000	51.209510	43.952452	0.319835	-0.000000	44.272287	60.000000
8.692000	51.089400	44.553001	0.315440	-0.000000	44.868440	60.000000
8.595000	50.980144	45.099278	0.311118	-0.000000	45.410396	60.000000
8.497000	50.870756	45.646218	0.306698	-0.000000	45.952917	60.000000
8.393000	50.754694	46.226531	0.301951	-0.000000	46.528482	60.000000
8.293000	50.642718	46.786412	0.297328	-0.000000	47.083741	60.000000
8.196000	50.542880	47.285599	0.292790	-0.000000	47.578389	60.000000
8.094000	50.439845	47.800777	0.287967	-0.000000	48.088744	60.000000
7.993000	50.332585	48.337077	0.283139	-0.000000	48.620216	60.000000
7.897000	50.236910	48.815450	0.278499	-0.000000	49.093949	60.000000
7.792000	50.132060	49.339701	0.273373	-0.000000	49.613074	60.000000
7.692000	50.035303	49.823485	0.268439	-0.000000	50.091924	60.000000
7.594000	49.928068	50.359661	0.263556	-0.000000	50.623217	60.000000
7.492000	49.819545	50.902273	0.258420	-0.000000	51.160693	60.000000
7.393000	49.714878	51.425610	0.253380	-0.000000	51.678990	60.000000
7.296000	49.607558	51.962212	0.248392	-0.000000	52.210604	60.000000
7.194000	49.510290	52.448548	0.243092	-0.000000	52.691640	60.000000
7.092000	49.414538	52.927308	0.237742	-0.000000	53.165051	60.000000
6.993000	49.321485	53.392577	0.232502	-0.000000	53.625079	60.000000
6.894000	49.217356	53.913219	0.227217	-0.000000	54.140435	60.000000
6.793000	49.123094	54.384531	0.221771	-0.000000	54.606302	60.000000
6.695000	49.028657	54.856713	0.216442	-0.000000	55.073154	60.000000
6.597000	48.942286	55.288571	0.211066	-0.000000	55.499636	60.000000
6.493000	48.851100	55.744499	0.205316	-0.000000	55.949814	60.000000
6.392000	48.762386	56.188071	0.199686	-0.000000	56.387756	60.000000
6.294000	48.678725	56.606376	0.194179	-0.000000	56.800555	60.000000
6.191000	48.583082	57.084589	0.188349	-0.000000	57.272937	60.000000
6.093000	48.500986	57.495071	0.182754	-0.000000	57.677826	60.000000
6.000000	48.419131	57.904344	0.177407	-0.000000	58.081751	60.000000
5.892000	48.337872	58.310641	0.171154	-0.000000	58.481795	60.000000
5.792000	48.268591	58.657045	0.165323	-0.000000	58.822368	60.000000
5.694000	48.201422	58.992892	0.159574	-0.000000	59.152466	60.000000
5.593000	48.133466	59.332670	0.153616	-0.000000	59.486286	60.000000
5.494000	48.065337	59.673317	0.147742	-0.000000	59.821059	60.000000
5.393000	48.000457	59.997717	0.141715	-0.000000	60.139432	60.000000
5.293000	47.938637	60.306813	0.135715	-0.000000	60.442528	60.000000
5.193000	47.879291	60.603546	0.129684	-0.000000	60.733230	60.000000
5.095000	47.827110	60.864449	0.123745	-0.000000	60.988194	60.000000
4.995000	47.774803	61.125986	0.117659	-0.000000	61.243645	60.000000
4.892000	47.729358	61.353212	0.111363	-0.000000	61.464575	60.000000
4.792000	47.682229	61.588854	0.105228	-0.000000	61.694082	60.000000
4.693000	47.638839	61.805803	0.099130	-0.000000	61.904933	60.000000
4.593000	47.598749	62.006257	0.092950	-0.000000	62.099207	60.000000
4.493000	47.566607	62.166963	0.086749	-0.000000	62.253712	60.000000
4.394000	47.543077	62.284617	0.080595	-0.000000	62.365212	60.000000
4.291000	47.533438	62.332810	0.074179	-0.000000	62.406990	60.000000
4.194000	47.532419	62.337905	0.068133	-0.000000	62.406038	60.000000
4.093000	47.524418	62.377908	0.061837	-0.000000	62.439744	60.000000
3.993000	47.520384	62.398079	0.055599	0.000000	62.453678	60.000000
3.895000	47.535790	62.321050	0.049484	0.000000	62.370534	60.000000
3.795000	47.548607	62.256964	0.043252	0.000000	62.300216	60.000000
3.693000	47.575151	62.124246	0.036902	0.000000	62.161148	60.000000
3.594000	47.614520	61.927402	0.030751	0.000000	61.958154	60.000000
3.493000	47.653760	61.731200	0.024497	0.000000	61.755697	60.000000
3.392000	47.696190	61.519052	0.018262	0.000000	61.537314	60.000000
3.298000	47.739712	61.301442	0.012479	0.000000	61.313921	60.000000
3.196000	47.791416	61.042919	0.006226	0.000000	61.049145	60.000000
3.094000	47.832341	0.000000	0.000000	0.000000	0.000000	60.000000
2.993000	47.872069	0.000000	0.000000	0.000000	0.000000	60.000000
2.892000	47.914080	0.000000	0.000000	0.000000	0.000000	60.000000
2.792000	47.955072	0.000000	0.000000	0.000000	0.000000	60.000000
2.695000	47.997019	0.000000	0.000000	0.000000	0.000000	60.000000
2.596000	48.048178	0.000000	0.000000	0.000000	0.000000	60.000000
2.494000	48.098382	0.000000	0.000000	0.000000	0.000000	60.000000
2.394000	48.155073	0.000000	0.000000	0.000000	0.000000	60.000000
2.293000	48.203702	0.000000	0.000000	0.000000	0.000000	60.000000
2.194000	48.242116	0.000000	0.000000	0.000000	0.000000	60.000000
2.095000	48.286171	0.000000	0.000000	0.000000	0.000000	60.000000
1.995000	48.332275	0.000000	0.000000	0.000000	0.000000	60.000000
1.897000	48.376093	0.000000	0.000000	0.000000	0.000000	60.000000
1.793000	48.430020	0.000000	0.000000	0.000000	0.000000	60.000000
1.694000	48.479068	0.000000	0.000000	0.000000	0.000000	60.000000
1.595000	48.523552	0.000000	0.000000	0.000000	0.000000	60.000000
1.493000	48.568698	0.000000	0.000000	0.000000	0.000000	60.000000
1.394000	48.614198	0.000000	0.000000	0.000000	0.000000	60.000000
1.293000	48.657115	0.000000	0.000000	0.000000	0.000000	60.000000
1.195000	48.700868	0.000000	0.000000	0.000000	0.000000	60.000000
1.092000	48.744446	0.000000	0.000000	0.000000	0.000000	60.000000
0.997000	48.788504	0.000000	0.000000	0.000000	0.000000	60.000000
0.892000	48.836058	0.000000	0.000000	0.000000	0.000000	60.000000
0.793000	48.889623	0.000000	0.000000	0.000000	0.000000	60.000000
0.696000	48.941754	0.000000	0.000000	0.000000	0.000000	60.000000
0.594000	48.993572	0.000000	0.000000	0.000000	0.000000	60.000000
0.492000	49.043403	0.000000	0.000000	0.000000	0.000000	60.000000
0.395000	49.087404	0.000000	0.000000	0.000000	0.000000	60.000000
0.297000	49.127553	0.000000	0.000000	0.000000	0.000000	60.000000
0.196000	49.171315	0.000000	0.000000	0.000000	0.000000	60.000000
0.093000	49.220483	0.000000	0.000000	0.000000	0.000000	60.000000
