Zeit (s)	Istwert	P	I	D	Regelausgang	Sollwert
36.713000	60.232498	-1.162489	0.013327	-0.000000	-1.149162	60.000000
36.614000	60.231644	-1.158218	0.013442	0.000000	-1.144776	60.000000
36.516000	60.235104	-1.175518	0.013556	0.000000	-1.161962	60.000000
36.413000	60.237580	-1.187901	0.013677	-0.000000	-1.174224	60.000000
36.315000	60.233402	-1.167009	0.013793	-0.000000	-1.153216	60.000000
36.213000	60.231835	-1.159173	0.013912	-0.000000	-1.145261	60.000000
36.117000	60.226926	-1.134629	0.014024	-0.000000	-1.120606	60.000000
36.015000	60.219175	-1.095873	0.014139	-0.000000	-1.081734	60.000000
35.917000	60.197975	-0.989876	0.014247	-0.000000	-0.975629	60.000000
35.819000	60.169032	-0.845162	0.014344	-0.000000	-0.830819	60.000000
35.717000	60.140274	-0.701370	0.014430	-0.000000	-0.686941	60.000000
35.616000	60.097954	-0.489772	0.014501	-0.000000	-0.475271	60.000000
35.512000	60.054177	-0.270883	0.014552	-0.000000	-0.256331	60.000000
35.416000	60.018025	-0.090124	0.014578	-0.000000	-0.075546	60.000000
35.318000	59.976445	0.117776	0.014587	-0.000000	0.132363	60.000000
35.222000	59.927732	0.361342	0.014575	-0.000000	0.375917	60.000000
35.116000	59.868994	0.655028	0.014537	-0.000000	0.669565	60.000000
35.013000	59.816720	0.916402	0.014469	-0.000000	0.930872	60.000000
34.915000	59.785276	1.073618	0.014380	-0.000000	1.087998	60.000000
34.815000	59.754734	1.226329	0.014272	-0.000000	1.240601	60.000000
34.716000	59.738556	1.307220	0.014151	-0.000000	1.321371	60.000000
34.616000	59.703066	1.484672	0.014020	-0.000000	1.498692	60.000000
34.515000	59.672219	1.638904	0.013870	-0.000000	1.652774	60.000000
34.416000	59.638052	1.809739	0.013708	-0.000000	1.823447	60.000000
34.315000	59.605460	1.972701	0.013525	-0.000000	1.986226	60.000000
34.216000	59.574918	2.125411	0.013330	-0.000000	2.138741	60.000000
34.115000	59.549210	2.253949	0.013115	-0.000000	2.267065	60.000000
34.017000	59.540391	2.298043	0.012894	-0.000000	2.310937	60.000000
33.913000	59.529103	2.354487	0.012655	0.000000	2.367142	60.000000
33.816000	59.529166	2.354172	0.012427	0.000000	2.366598	60.000000
33.716000	59.547334	2.263330	0.012192	0.000000	2.275521	60.000000
33.616000	59.563510	2.182452	0.011965	0.000000	2.194417	60.000000
33.515000	59.573473	2.132633	0.011745	0.000000	2.144377	60.000000
33.417000	59.583671	2.081647	0.011536	0.000000	2.093182	60.000000
33.318000	59.603108	1.984462	0.011330	0.000000	1.995792	60.000000
33.216000	59.620914	1.895431	0.011127	0.000000	1.906558	60.000000
33.115000	59.655797	1.721016	0.010936	0.000000	1.731952	60.000000
33.015000	59.710130	1.449349	0.010764	0.000000	1.460113	60.000000
32.916000	59.750991	1.245043	0.010620	0.000000	1.255663	60.000000
32.816000	59.787321	1.063393	0.010496	0.000000	1.073889	60.000000
32.721000	59.826505	0.867475	0.010395	0.000000	0.877869	60.000000
32.624000	59.870621	0.646895	0.010311	0.000000	0.657205	60.000000
32.514000	59.920966	0.395169	0.010239	0.000000	0.405409	60.000000
32.415000	59.961712	0.191439	0.010200	0.000000	0.201640	60.000000
32.315000	60.001554	-0.007769	0.010181	0.000000	0.002412	60.000000
32.219000	60.038133	-0.190667	0.010182	0.000000	-0.180485	60.000000
32.115000	60.067680	-0.338400	0.010202	0.000000	-0.328198	60.000000
32.016000	60.097523	-0.487613	0.010235	0.000000	-0.477378	60.000000
31.915000	60.131924	-0.659621	0.010284	0.000000	-0.649337	60.000000
31.818000	60.164202	-0.821009	0.010348	0.000000	-0.810660	60.000000
31.712000	60.182723	-0.913615	0.010435	0.000000	-0.903179	60.000000
31.613000	60.202644	-1.013222	0.010526	0.000000	-1.002696	60.000000
31.517000	60.227650	-1.138248	0.010623	0.000000	-1.127625	60.000000
31.415000	60.251693	-1.258465	0.010739	0.000000	-1.247726	60.000000
31.316000	60.274816	-1.374081	0.010864	0.000000	-1.363217	60.000000
31.216000	60.294374	-1.471872	0.011001	0.000000	-1.460871	60.000000
31.118000	60.299465	-1.497324	0.011146	0.000000	-1.486179	60.000000
31.022000	60.302796	-1.513978	0.011289	-0.000000	-1.502689	60.000000
30.933000	60.301765	-1.508826	0.011424	-0.000000	-1.497402	60.000000
30.849000	60.291535	-1.457674	0.011551	0.000000	-1.446123	60.000000
30.766000	60.292801	-1.464003	0.011672	-0.000000	-1.452331	60.000000
30.682000	60.290382	-1.451909	0.011795	-0.000000	-1.440114	60.000000
30.518000	60.262530	-1.312651	0.012033	-0.000000	-1.300618	60.000000
30.417000	60.239457	-1.197284	0.012165	-0.000000	-1.185118	60.000000
30.312000	60.214271	-1.071356	0.012291	-0.000000	-1.059065	60.000000
30.215000	60.178487	-0.892434	0.012395	-0.000000	-0.880039	60.000000
30.127000	60.139854	-0.699272	0.012474	-0.000000	-0.686798	60.000000
30.015000	60.090147	-0.450734	0.012552	-0.000000	-0.438182	60.000000
29.918000	60.034676	-0.173380	0.012596	-0.000000	-0.160785	60.000000
29.813000	59.978550	0.107249	0.012614	-0.000000	0.119863	60.000000
29.714000	59.915599	0.422003	0.012603	-0.000000	0.434606	60.000000
29.615000	59.861632	0.691839	0.012561	-0.000000	0.704401	60.000000
29.514000	59.821254	0.893732	0.012492	-0.000000	0.906224	60.000000
29.416000	59.778460	1.107701	0.012404	-0.000000	1.120105	60.000000
29.316000	59.744048	1.279762	0.012293	-0.000000	1.292055	60.000000
29.216000	59.711883	1.440586	0.012165	-0.000000	1.452751	60.000000
29.117000	59.663104	1.684479	0.012023	-0.000000	1.696502	60.000000
29.015000	59.622850	1.885748	0.011851	-0.000000	1.897599	60.000000
28.916000	59.592542	2.037292	0.011664	-0.000000	2.048956	60.000000
28.812000	59.570693	2.146533	0.011452	-0.000000	2.157985	60.000000
28.718000	59.553067	2.234665	0.011250	-0.000000	2.245916	60.000000
28.616000	59.536531	2.317347	0.011023	-0.000000	2.328369	60.000000
28.514000	59.519206	2.403971	0.010786	0.000000	2.414757	60.000000
28.417000	59.523127	2.384365	0.010553	0.000000	2.394918	60.000000
28.315000	59.540697	2.296514	0.010310	0.000000	2.306824	60.000000
28.215000	59.543287	2.283566	0.010080	0.000000	2.293646	60.000000
28.125000	59.547031	2.264845	0.009875	0.000000	2.274720	60.000000
28.020000	59.553369	2.233157	0.009637	0.000000	2.242793	60.000000
27.917000	59.566350	2.168251	0.009407	0.000000	2.177657	60.000000
27.813000	59.597793	2.011034	0.009181	0.000000	2.020216	60.000000
27.715000	59.620192	1.899038	0.008984	0.000000	1.908022	60.000000
27.616000	59.646025	1.769876	0.008796	0.000000	1.778673	60.000000
27.515000	59.674212	1.628940	0.008617	0.000000	1.637558	60.000000
27.419000	59.702101	1.489493	0.008461	0.000000	1.497954	60.000000
27.317000	59.741938	1.290309	0.008309	0.000000	1.298618	60.000000
27.215000	59.786667	1.066665	0.008177	0.000000	1.074843	60.000000
27.116000	59.826567	0.867166	0.008072	0.000000	0.875238	60.000000
27.017000	59.862481	0.687595	0.007986	0.000000	0.695581	60.000000
26.916000	59.894290	0.528548	0.007917	0.000000	0.536465	60.000000
26.814000	59.930572	0.347140	0.007863	0.000000	0.355003	60.000000
26.719000	59.964122	0.179390	0.007830	0.000000	0.187220	60.000000
26.615000	59.992803	0.035987	0.007811	0.000000	0.043798	60.000000
26.517000	60.019720	-0.098599	0.007808	0.000000	-0.090791	60.000000
26.417000	60.051023	-0.255117	0.007817	0.000000	-0.247299	60.000000
26.315000	60.084752	-0.423762	0.007843	0.000000	-0.415918	60.000000
26.216000	60.119325	-0.596624	0.007885	0.000000	-0.588739	60.000000
26.116000	60.136097	-0.680486	0.007945	0.000000	-0.672541	60.000000
26.017000	60.168558	-0.842788	0.008012	0.000000	-0.834776	60.000000
25.914000	60.170434	-0.852171	0.008099	0.000000	-0.844072	60.000000
25.818000	60.184478	-0.922392	0.008181	0.000000	-0.914211	60.000000
25.713000	60.210579	-1.052893	0.008278	0.000000	-1.044615	60.000000
25.615000	60.220018	-1.100091	0.008381	0.000000	-1.091710	60.000000
25.514000	60.227407	-1.137037	0.008492	0.000000	-1.128545	60.000000
25.415000	60.229591	-1.147954	0.008605	0.000000	-1.139349	60.000000
25.314000	60.239038	-1.195192	0.008721	0.000000	-1.186471	60.000000
25.218000	60.239154	-1.195770	0.008835	-0.000000	-1.186935	60.000000
25.117000	60.236068	-1.180340	0.008956	0.000000	-1.171384	60.000000
25.015000	60.238488	-1.192441	0.009077	-0.000000	-1.183364	60.000000
24.913000	60.234615	-1.173076	0.009198	0.000000	-1.163878	60.000000
24.815000	60.236425	-1.182123	0.009313	-0.000000	-1.172810	60.000000
24.715000	60.221296	-1.106480	0.009431	-0.000000	-1.097049	60.000000
24.618000	60.206219	-1.031094	0.009539	-0.000000	-1.021555	60.000000
24.520000	60.176005	-0.880024	0.009640	-0.000000	-0.870384	60.000000
24.414000	60.142698	-0.713491	0.009733	-0.000000	-0.703758	60.000000
24.313000	60.113696	-0.568482	0.009805	-0.000000	-0.558677	60.000000
24.216000	60.076460	-0.382302	0.009860	-0.000000	-0.372441	60.000000
24.123000	60.035164	-0.175822	0.009896	-0.000000	-0.165926	60.000000
24.015000	59.988876	0.055619	0.009915	-0.000000	0.065534	60.000000
23.917000	59.944570	0.277151	0.009909	-0.000000	0.287061	60.000000
23.816000	59.901417	0.492917	0.009881	-0.000000	0.502798	60.000000
23.715000	59.854573	0.727135	0.009832	-0.000000	0.736967	60.000000
23.615000	59.812507	0.937463	0.009759	-0.000000	0.947222	60.000000
23.513000	59.768678	1.156608	0.009663	-0.000000	1.166271	60.000000
23.415000	59.728473	1.357636	0.009550	-0.000000	1.367186	60.000000
23.318000	59.693767	1.531166	0.009418	-0.000000	1.540584	60.000000
23.219000	59.663411	1.682944	0.009267	-0.000000	1.692210	60.000000
23.116000	59.621637	1.891817	0.009093	-0.000000	1.900910	60.000000
23.012000	59.591639	2.041805	0.008896	-0.000000	2.050701	60.000000
22.914000	59.560672	2.196640	0.008696	-0.000000	2.205337	60.000000
22.815000	59.532969	2.335156	0.008479	-0.000000	2.343635	60.000000
22.715000	59.512562	2.437188	0.008245	-0.000000	2.445434	60.000000
22.619000	59.493796	2.531020	0.008011	-0.000000	2.539032	60.000000
22.513000	59.477311	2.613447	0.007743	-0.000000	2.621190	60.000000
22.414000	59.469956	2.650218	0.007484	0.000000	2.657703	60.000000
22.316000	59.480691	2.596543	0.007225	0.000000	2.603768	60.000000
22.214000	59.494881	2.525596	0.006960	0.000000	2.532556	60.000000
22.123000	59.508942	2.455292	0.006730	0.000000	2.462022	60.000000
22.017000	59.531822	2.340889	0.006470	0.000000	2.347358	60.000000
21.915000	59.555538	2.222308	0.006231	0.000000	2.228539	60.000000
21.816000	59.583488	2.082559	0.006011	0.000000	2.088570	60.000000
21.718000	59.623986	1.880069	0.005807	0.000000	1.885876	60.000000
21.616000	59.666665	1.666677	0.005615	0.000000	1.672292	60.000000
21.515000	59.715437	1.422817	0.005447	0.000000	1.428264	60.000000
21.417000	59.762464	1.187680	0.005307	0.000000	1.192987	60.000000
21.317000	59.806945	0.965276	0.005189	0.000000	0.970465	60.000000
21.215000	59.849623	0.751884	0.005090	0.000000	0.756974	60.000000
21.117000	59.885476	0.572621	0.005016	0.000000	0.577638	60.000000
21.018000	59.916506	0.417471	0.004960	0.000000	0.422430	60.000000
20.916000	59.949636	0.251819	0.004917	0.000000	0.256736	60.000000
20.816000	59.987968	0.060159	0.004892	0.000000	0.065051	60.000000
20.721000	60.017179	-0.085893	0.004886	0.000000	-0.081007	60.000000
20.616000	60.053870	-0.269349	0.004895	0.000000	-0.264454	60.000000
20.514000	60.090755	-0.453774	0.004923	0.000000	-0.448851	60.000000
20.428000	60.123627	-0.618134	0.004962	0.000000	-0.613172	60.000000
20.343000	60.149662	-0.748312	0.005014	0.000000	-0.743298	60.000000
20.263000	60.172005	-0.860027	0.005074	0.000000	-0.854953	60.000000
20.181000	60.199497	-0.997483	0.005145	0.000000	-0.992338	60.000000
20.079000	60.221047	-1.105236	0.005246	0.000000	-1.099990	60.000000
19.916000	60.249511	-1.247555	0.005427	0.000000	-1.242128	60.000000
19.819000	60.263133	-1.315664	0.005548	0.000000	-1.310116	60.000000
19.714000	60.268820	-1.344102	0.005686	0.000000	-1.338417	60.000000
19.615000	60.279602	-1.398012	0.005819	0.000000	-1.392194	60.000000
19.514000	60.296009	-1.480045	0.005960	0.000000	-1.474085	60.000000
19.414000	60.306794	-1.533968	0.006108	-0.000000	-1.527860	60.000000
19.316000	60.303760	-1.518801	0.006258	-0.000000	-1.512543	60.000000
19.219000	60.294070	-1.470352	0.006406	-0.000000	-1.463947	60.000000
19.117000	60.286993	-1.434966	0.006556	0.000000	-1.428410	60.000000
19.015000	60.287903	-1.439513	0.006702	-0.000000	-1.432811	60.000000
18.916000	60.281237	-1.406185	0.006845	-0.000000	-1.399340	60.000000
18.816000	60.267189	-1.335943	0.006985	-0.000000	-1.328958	60.000000
18.715000	60.247208	-1.236040	0.007120	-0.000000	-1.228920	60.000000
18.619000	60.221955	-1.109776	0.007239	-0.000000	-1.102538	60.000000
18.521000	60.189387	-0.946936	0.007348	-0.000000	-0.939588	60.000000
18.416000	60.149182	-0.745911	0.007447	-0.000000	-0.738464	60.000000
18.317000	60.105766	-0.528831	0.007521	-0.000000	-0.521310	60.000000
18.215000	60.055445	-0.277225	0.007575	-0.000000	-0.269651	60.000000
18.119000	60.014155	-0.070773	0.007601	-0.000000	-0.063171	60.000000
18.016000	59.971913	0.140433	0.007609	-0.000000	0.148042	60.000000
17.918000	59.922655	0.386727	0.007595	-0.000000	0.394322	60.000000
17.818000	59.873528	0.632358	0.007556	-0.000000	0.639914	60.000000
17.716000	59.823242	0.883788	0.007492	-0.000000	0.891280	60.000000
17.620000	59.779539	1.102303	0.007407	-0.000000	1.109710	60.000000
17.515000	59.725820	1.370899	0.007291	-0.000000	1.378190	60.000000
17.415000	59.683204	1.583982	0.007154	-0.000000	1.591136	60.000000
17.319000	59.644032	1.779840	0.007002	-0.000000	1.786842	60.000000
17.221000	59.606004	1.969979	0.006828	-0.000000	1.976806	60.000000
17.115000	59.569787	2.151065	0.006619	-0.000000	2.157684	60.000000
17.013000	59.542025	2.289876	0.006399	-0.000000	2.296275	60.000000
16.916000	59.518301	2.408497	0.006177	-0.000000	2.414674	60.000000
16.815000	59.504660	2.476702	0.005934	-0.000000	2.482636	60.000000
16.716000	59.496384	2.518079	0.005689	-0.000000	2.523768	60.000000
16.618000	59.490895	2.545524	0.005442	-0.000000	2.550966	60.000000
16.515000	59.487999	2.560007	0.005180	0.000000	2.565187	60.000000
16.415000	59.493552	2.532241	0.004924	0.000000	2.537165	60.000000
16.317000	59.496086	2.519568	0.004676	0.000000	2.524244	60.000000
16.216000	59.517154	2.414230	0.004421	0.000000	2.418651	60.000000
16.121000	59.531399	2.343007	0.004192	0.000000	2.347199	60.000000
16.018000	59.546613	2.266937	0.003950	0.000000	2.270888	60.000000
15.918000	59.574371	2.128147	0.003724	0.000000	2.131871	60.000000
15.817000	59.610950	1.945250	0.003509	0.000000	1.948759	60.000000
15.717000	59.659241	1.703797	0.003314	0.000000	1.707111	60.000000
15.617000	59.697448	1.512760	0.003144	0.000000	1.515904	60.000000
15.515000	59.728661	1.356697	0.002990	0.000000	1.359687	60.000000
15.418000	59.769830	1.150848	0.002858	0.000000	1.153706	60.000000
15.320000	59.809120	0.954400	0.002745	0.000000	0.957146	60.000000
15.217000	59.847209	0.763953	0.002647	0.000000	0.766600	60.000000
15.114000	59.880832	0.595841	0.002568	0.000000	0.598410	60.000000
15.017000	59.915480	0.422600	0.002510	0.000000	0.425110	60.000000
14.914000	59.954763	0.226185	0.002467	0.000000	0.228652	60.000000
14.817000	59.986165	0.069177	0.002445	0.000000	0.071622	60.000000
14.722000	60.021358	-0.106791	0.002438	0.000000	-0.104353	60.000000
14.615000	60.059443	-0.297216	0.002450	0.000000	-0.294766	60.000000
14.515000	60.097041	-0.485205	0.002480	0.000000	-0.482726	60.000000
14.417000	60.144217	-0.721085	0.002527	0.000000	-0.718558	60.000000
14.316000	60.173271	-0.866357	0.002600	0.000000	-0.863757	60.000000
14.217000	60.199978	-0.999891	0.002686	0.000000	-0.997205	60.000000
14.116000	60.225047	-1.125233	0.002787	0.000000	-1.122446	60.000000
14.015000	60.245510	-1.227551	0.002900	0.000000	-1.224651	60.000000
13.916000	60.266698	-1.333488	0.003022	0.000000	-1.330467	60.000000
13.818000	60.281906	-1.409528	0.003153	0.000000	-1.406375	60.000000
13.718000	60.296738	-1.483690	0.003294	0.000000	-1.480397	60.000000
13.615000	60.313693	-1.568467	0.003446	0.000000	-1.565021	60.000000
13.518000	60.332042	-1.660212	0.003598	0.000000	-1.656613	60.000000
13.418000	60.349237	-1.746185	0.003764	0.000000	-1.742421	60.000000
13.315000	60.356988	-1.784942	0.003944	-0.000000	-1.780997	60.000000
13.218000	60.353601	-1.768005	0.004117	-0.000000	-1.763888	60.000000
13.121000	60.349412	-1.747060	0.004289	-0.000000	-1.742771	60.000000
13.015000	60.333071	-1.665357	0.004474	-0.000000	-1.660883	60.000000
12.915000	60.322408	-1.612039	0.004641	-0.000000	-1.607398	60.000000
12.818000	60.306059	-1.530296	0.004797	-0.000000	-1.525499	60.000000
12.722000	60.279664	-1.398322	0.004944	-0.000000	-1.393378	60.000000
12.640000	60.255325	-1.276625	0.005059	-0.000000	-1.271567	60.000000
12.560000	60.225772	-1.128858	0.005161	-0.000000	-1.123698	60.000000
12.481000	60.194105	-0.970525	0.005250	-0.000000	-0.965275	60.000000
12.318000	60.122473	-0.612363	0.005408	-0.000000	-0.606955	60.000000
12.215000	60.069979	-0.349895	0.005471	-0.000000	-0.344424	60.000000
12.121000	60.020937	-0.104686	0.005504	-0.000000	-0.099182	60.000000
12.017000	59.962558	0.187208	0.005515	-0.000000	0.192723	60.000000
11.919000	59.920361	0.398193	0.005497	-0.000000	0.403690	60.000000
11.818000	59.875152	0.624238	0.005456	-0.000000	0.629694	60.000000
11.716000	59.822998	0.885009	0.005393	-0.000000	0.890401	60.000000
11.615000	59.767353	1.163233	0.005303	-0.000000	1.168536	60.000000
11.517000	59.718757	1.406215	0.005189	-0.000000	1.411404	60.000000
11.416000	59.675420	1.622899	0.005047	-0.000000	1.627946	60.000000
11.331000	59.638782	1.806091	0.004909	-0.000000	1.811000	60.000000
11.249000	59.614151	1.929245	0.004761	-0.000000	1.934006	60.000000
11.170000	59.582831	2.085844	0.004609	-0.000000	2.090453	60.000000
11.066000	59.552647	2.236764	0.004392	-0.000000	2.241156	60.000000
10.985000	59.534115	2.329423	0.004211	-0.000000	2.333634	60.000000
10.815000	59.502299	2.488503	0.003815	-0.000000	2.492318	60.000000
10.715000	59.496211	2.518944	0.003566	-0.000000	2.522510	60.000000
10.617000	59.489930	2.550351	0.003319	0.000000	2.553670	60.000000
10.516000	59.491802	2.540991	0.003062	0.000000	2.544052	60.000000
10.418000	59.493313	2.533434	0.002812	0.000000	2.536247	60.000000
10.317000	59.504291	2.478546	0.002557	0.000000	2.481102	60.000000
10.215000	59.520291	2.398546	0.002304	0.000000	2.400850	60.000000
10.117000	59.535562	2.322188	0.002069	0.000000	2.324257	60.000000
10.015000	59.558921	2.205397	0.001832	0.000000	2.207229	60.000000
9.917000	59.596406	2.017968	0.001616	0.000000	2.019583	60.000000
9.816000	59.634736	1.826320	0.001412	0.000000	1.827732	60.000000
9.721000	59.662073	1.689636	0.001238	0.000000	1.690874	60.000000
9.617000	59.690029	1.549853	0.001063	0.000000	1.550916	60.000000
9.516000	59.727871	1.360646	0.000906	0.000000	1.361553	60.000000
9.418000	59.763971	1.180143	0.000773	0.000000	1.180916	60.000000
9.314000	59.799277	1.003616	0.000650	0.000000	1.004266	60.000000
9.215000	59.839663	0.801683	0.000551	0.000000	0.802234	60.000000
9.122000	59.880829	0.595855	0.000476	0.000000	0.596331	60.000000
9.016000	59.914807	0.425966	0.000413	0.000000	0.426379	60.000000
8.916000	59.936907	0.315465	0.000370	0.000000	0.315835	60.000000
8.817000	59.960928	0.195362	0.000339	0.000000	0.195701	60.000000
8.715000	59.985676	0.071618	0.000319	0.000000	0.071937	60.000000
8.617000	60.017115	-0.085577	0.000312	0.000000	-0.085265	60.000000
8.519000	60.046908	-0.234541	0.000321	0.000000	-0.234221	60.000000
8.420000	60.080090	-0.400449	0.000344	0.000000	-0.400105	60.000000
8.314000	60.108186	-0.540931	0.000386	0.000000	-0.540545	60.000000
8.216000	60.131195	-0.655976	0.000439	0.000000	-0.655536	60.000000
8.118000	60.146508	-0.732540	0.000504	0.000000	-0.732036	60.000000
8.017000	60.165341	-0.826706	0.000578	0.000000	-0.826128	60.000000
7.915000	60.185750	-0.928748	0.000662	0.000000	-0.928086	60.000000
7.816000	60.200886	-1.004431	0.000754	0.000000	-1.003677	60.000000
7.715000	60.213242	-1.066211	0.000855	0.000000	-1.065356	60.000000
7.616000	60.222562	-1.112810	0.000961	0.000000	-1.111849	60.000000
7.519000	60.230678	-1.153389	0.001069	0.000000	-1.152320	60.000000
7.417000	60.247692	-1.238461	0.001186	0.000000	-1.237275	60.000000
7.315000	60.258353	-1.291766	0.001313	-0.000000	-1.290453	60.000000
7.217000	60.249031	-1.245154	0.001439	-0.000000	-1.243714	60.000000
7.116000	60.244723	-1.223617	0.001565	-0.000000	-1.222051	60.000000
7.015000	60.241523	-1.207615	0.001689	-0.000000	-1.205926	60.000000
6.918000	60.228017	-1.140084	0.001806	-0.000000	-1.138279	60.000000
6.815000	60.214149	-1.070744	0.001923	-0.000000	-1.068821	60.000000
6.717000	60.186662	-0.933309	0.002028	-0.000000	-0.931281	60.000000
6.616000	60.161591	-0.807953	0.002122	-0.000000	-0.805831	60.000000
6.517000	60.145000	-0.724999	0.002202	-0.000000	-0.722797	60.000000
6.416000	60.108060	-0.540299	0.002276	-0.000000	-0.538023	60.000000
6.318000	60.062467	-0.312336	0.002329	-0.000000	-0.310007	60.000000
6.219000	60.016332	-0.081662	0.002360	-0.000000	-0.079303	60.000000
6.115000	59.968051	0.159744	0.002368	-0.000000	0.162112	60.000000
6.018000	59.917103	0.414487	0.002353	-0.000000	0.416839	60.000000
5.917000	59.858072	0.709642	0.002311	-0.000000	0.711952	60.000000
5.820000	59.806583	0.967087	0.002242	-0.000000	0.969328	60.000000
5.717000	59.751897	1.240517	0.002142	-0.000000	1.242659	60.000000
5.620000	59.706146	1.469270	0.002022	-0.000000	1.471292	60.000000
5.516000	59.667328	1.663358	0.001869	-0.000000	1.665227	60.000000
5.416000	59.619526	1.902371	0.001703	-0.000000	1.904073	60.000000
5.316000	59.573472	2.132639	0.001513	-0.000000	2.134152	60.000000
5.217000	59.543594	2.282031	0.001301	-0.000000	2.283332	60.000000
5.119000	59.522882	2.385592	0.001078	-0.000000	2.386670	60.000000
5.021000	59.506353	2.468233	0.000844	-0.000000	2.469077	60.000000
4.939000	59.500856	2.495718	0.000642	-0.000000	2.496359	60.000000
4.861000	59.491255	2.543727	0.000447	-0.000000	2.544174	60.000000
4.784000	59.483886	2.580572	0.000251	0.000000	2.580823	60.000000
4.620000	59.492036	2.539818	-0.000172	0.000000	2.539645	60.000000
4.515000	59.505686	2.471572	-0.000439	0.000000	2.471134	60.000000
4.415000	59.522164	2.389179	-0.000686	0.000000	2.388493	60.000000
4.316000	59.541714	2.291431	-0.000923	0.000000	2.290509	60.000000
4.216000	59.564597	2.177014	-0.001152	0.000000	2.175863	60.000000
4.119000	59.584328	2.078361	-0.001363	0.000000	2.076998	60.000000
4.017000	59.614940	1.925302	-0.001575	0.000000	1.923727	60.000000
3.915000	59.655986	1.720070	-0.001771	0.000000	1.718299	60.000000
3.817000	59.698959	1.505203	-0.001940	0.000000	1.503263	60.000000
3.720000	59.738859	1.305704	-0.002086	0.000000	1.303619	60.000000
3.616000	59.783943	1.080283	-0.002222	0.000000	1.078062	60.000000
3.517000	59.822820	0.885900	-0.002329	0.000000	0.883572	60.000000
3.417000	59.860972	0.695138	-0.002417	0.000000	0.692721	60.000000
3.316000	59.895802	0.520992	-0.002487	0.000000	0.518504	60.000000
3.216000	59.923986	0.380069	-0.002539	0.000000	0.377530	60.000000
3.115000	59.961170	0.194148	-0.002578	0.000000	0.191570	60.000000
3.016000	60.011069	-0.055343	-0.002597	0.000000	-0.057940	60.000000
2.918000	60.041459	-0.207294	-0.002592	0.000000	-0.209885	60.000000
2.818000	60.073794	-0.368970	-0.002571	0.000000	-0.371541	60.000000
2.717000	60.107461	-0.537306	-0.002534	0.000000	-0.539840	60.000000
2.618000	60.149480	-0.747398	-0.002480	0.000000	-0.749878	60.000000
2.516000	60.180727	-0.903633	-0.002404	0.000000	-0.906037	60.000000
2.417000	60.213000	-1.065000	-0.002315	0.000000	-1.067315	60.000000
2.319000	60.242788	-1.213938	-0.002210	0.000000	-1.216148	60.000000
2.219000	60.259865	-1.299326	-0.002089	0.000000	-1.301415	60.000000
2.114000	60.273487	-1.367435	-0.001953	0.000000	-1.369388	60.000000
2.016000	60.286257	-1.431287	-0.001819	0.000000	-1.433105	60.000000
1.921000	60.295591	-1.477953	-0.001683	-0.000000	-1.479635	60.000000
1.822000	60.289472	-1.447362	-0.001536	-0.000000	-1.448899	60.000000
1.742000	60.288325	-1.441625	-0.001420	0.000000	-1.443045	60.000000
1.641000	60.300976	-1.504878	-0.001275	0.000000	-1.506153	60.000000
1.562000	60.302188	-1.510938	-0.001156	0.000000	-1.512094	60.000000
1.464000	60.302848	-1.514241	-0.001008	-0.000000	-1.515248	60.000000
1.372000	60.301460	-1.507299	-0.000869	-0.000000	-1.508168	60.000000
1.269000	60.286384	-1.431919	-0.000713	-0.000000	-1.432632	60.000000
1.172000	60.274096	-1.370482	-0.000574	-0.000000	-1.371057	60.000000
1.069000	60.266341	-1.331706	-0.000433	-0.000000	-1.332139	60.000000
0.973000	60.239759	-1.198797	-0.000305	-0.000000	-1.199102	60.000000
0.873000	60.209727	-1.048635	-0.000186	-0.000000	-1.048821	60.000000
0.771000	60.175881	-0.879405	-7.858633E-5	-0.000000	-0.879484	60.000000
0.667000	60.137311	-0.686553	1.287190E-5	-0.000000	-0.686540	60.000000
0.569000	60.095533	-0.477665	8.015410E-5	-0.000000	-0.477585	60.000000
0.469000	60.050722	-0.253610	0.000128	-0.000000	-0.253482	60.000000
0.375000	60.000042	-0.000209	0.000152	-0.000000	-5.677498E-5	60.000000
0.278000	59.942940	0.285298	0.000152	-0.000000	0.285450	60.000000
0.179000	59.885052	0.574740	0.000124	-0.000000	0.574864	60.000000
0.077000	59.831397	0.843014	6.491220E-5	0.000000	0.843079	60.000000
