Zeit (s)	Istwert	P	I	D	Regelausgang	Sollwert
122.492000	48.598789	0.000000	0.000000	0.262693	0.262693	60.000000
122.396000	48.624008	0.000000	0.000000	0.245863	0.245863	60.000000
122.301000	48.647365	0.000000	0.000000	0.224589	0.224589	60.000000
122.215000	48.666679	0.000000	0.000000	0.251798	0.251798	60.000000
122.122000	48.690096	0.000000	0.000000	0.211582	0.211582	60.000000
122.025000	48.710620	0.000000	0.000000	0.246409	0.246409	60.000000
121.929000	48.734275	0.000000	0.000000	0.202734	0.202734	60.000000
121.834000	48.753535	0.000000	0.000000	0.233498	0.233498	60.000000
121.735000	48.776651	0.000000	0.000000	0.195005	0.195005	60.000000
121.635000	48.796152	0.000000	0.000000	0.314760	0.314760	60.000000
121.539000	48.826369	0.000000	0.000000	0.365471	0.365471	60.000000
121.442000	48.861819	0.000000	0.000000	0.289512	0.289512	60.000000
121.347000	48.889323	0.000000	0.000000	0.313106	0.313106	60.000000
121.253000	48.918755	0.000000	0.000000	0.284516	0.284516	60.000000
121.158000	48.945784	0.000000	0.000000	0.248134	0.248134	60.000000
121.060000	48.970101	0.000000	0.000000	0.219196	0.219196	60.000000
120.959000	48.992240	0.000000	0.000000	0.243300	0.243300	60.000000
120.792000	49.032871	0.000000	0.000000	0.270581	0.270581	60.000000
120.697000	49.058576	0.000000	0.000000	0.209504	0.209504	60.000000
120.593000	49.080365	0.000000	0.000000	0.252387	0.252387	60.000000
120.500000	49.103837	0.000000	0.000000	0.211918	0.211918	60.000000
120.406000	49.123757	0.000000	0.000000	0.231163	0.231163	60.000000
120.306000	49.146873	0.000000	0.000000	0.179925	0.179925	60.000000
120.210000	49.164146	0.000000	0.000000	0.205492	0.205492	60.000000
120.094000	49.187983	0.000000	0.000000	0.223179	0.223179	60.000000
119.995000	49.210078	0.000000	0.000000	0.331601	0.331601	60.000000
119.893000	49.243901	0.000000	0.000000	0.284308	0.284308	60.000000
119.795000	49.271763	0.000000	0.000000	0.210662	0.210662	60.000000
119.693000	49.293251	0.000000	0.000000	0.224691	0.224691	60.000000
119.592000	49.315945	0.000000	0.000000	0.238285	0.238285	60.000000
119.495000	49.339058	0.000000	0.000000	0.171954	0.171954	60.000000
119.397000	49.355910	0.000000	0.000000	0.198685	0.198685	60.000000
119.294000	49.376374	0.000000	0.000000	0.229489	0.229489	60.000000
119.192000	49.399782	0.000000	0.000000	0.300418	0.300418	60.000000
119.092000	49.429824	0.000000	0.000000	0.372491	0.372491	60.000000
118.992000	49.467073	0.000000	0.000000	0.332033	0.332033	60.000000
118.893000	49.499945	0.000000	0.000000	0.218972	0.218972	60.000000
118.796000	49.521185	0.000000	0.000000	0.191143	0.191143	60.000000
118.693000	49.540872	0.000000	0.000000	0.254401	0.254401	60.000000
118.592000	49.566567	0.000000	0.000000	0.392215	0.392215	60.000000
118.495000	49.604612	0.000000	0.000000	0.344566	0.344566	60.000000
118.393000	49.639758	0.000000	0.000000	0.284165	0.284165	60.000000
118.296000	49.667322	0.000000	0.000000	0.251650	0.251650	60.000000
118.202000	49.690977	0.000000	0.000000	0.282166	0.282166	60.000000
118.106000	49.718065	0.000000	0.000000	0.293551	0.293551	60.000000
118.009000	49.746539	0.000000	0.000000	0.307679	0.307679	60.000000
117.920000	49.773922	0.000000	0.000000	0.215966	0.215966	60.000000
117.823000	49.794871	0.000000	0.000000	0.293312	0.293312	60.000000
117.728000	49.822736	0.000000	0.000000	0.288908	0.288908	60.000000
117.633000	49.850182	0.000000	0.000000	0.230374	0.230374	60.000000
117.540000	49.871607	0.000000	0.000000	0.236981	0.236981	60.000000
117.445000	49.894120	0.000000	0.000000	0.290089	0.290089	60.000000
117.351000	49.921388	0.000000	0.000000	0.239403	0.239403	60.000000
117.257000	49.943892	0.000000	0.000000	0.319415	0.319415	60.000000
117.159000	49.975195	0.000000	0.000000	0.273386	0.273386	60.000000
116.993000	50.020577	0.000000	0.000000	0.310422	0.310422	60.000000
116.895000	50.050998	0.000000	0.000000	0.285068	0.285068	60.000000
116.794000	50.079790	0.000000	0.000000	0.305336	0.305336	60.000000
116.692000	50.110935	0.000000	0.000000	0.286884	0.286884	60.000000
116.595000	50.138762	0.000000	0.000000	0.304797	0.304797	60.000000
116.493000	50.169852	0.000000	0.000000	0.229449	0.229449	60.000000
116.392000	50.193026	0.000000	0.000000	0.265904	0.265904	60.000000
116.293000	50.219350	0.000000	0.000000	0.194795	0.194795	60.000000
116.192000	50.239025	0.000000	0.000000	0.278624	0.278624	60.000000
116.093000	50.266609	0.000000	0.000000	0.261187	0.261187	60.000000
115.995000	50.292205	0.000000	0.000000	0.227852	0.227852	60.000000
115.897000	50.314534	0.000000	0.000000	0.227141	0.227141	60.000000
115.791000	50.338611	0.000000	0.000000	0.178127	0.178127	60.000000
115.692000	50.356246	0.000000	0.000000	0.253049	0.253049	60.000000
115.593000	50.381298	0.000000	0.000000	0.278360	0.278360	60.000000
115.495000	50.408577	0.000000	0.000000	0.309068	0.309068	60.000000
115.395000	50.439484	0.000000	0.000000	0.320087	0.320087	60.000000
115.296000	50.471172	0.000000	0.000000	0.312716	0.312716	60.000000
115.191000	50.504008	0.000000	0.000000	0.244542	0.244542	60.000000
115.092000	50.528217	0.000000	0.000000	0.273792	0.273792	60.000000
114.995000	50.554775	0.000000	0.000000	0.307544	0.307544	60.000000
114.890000	50.587067	0.000000	0.000000	0.390171	0.390171	60.000000
114.793000	50.624914	0.000000	0.000000	0.370681	0.370681	60.000000
114.694000	50.661611	0.000000	0.000000	0.365767	0.365767	60.000000
114.594000	50.698188	0.000000	0.000000	0.278564	0.278564	60.000000
114.493000	50.726323	0.000000	0.000000	0.221071	0.221071	60.000000
114.392000	50.748651	0.000000	0.000000	0.248708	0.248708	60.000000
114.292000	50.773522	0.000000	0.000000	0.257302	0.257302	60.000000
114.193000	50.798995	0.000000	0.000000	0.197229	0.197229	60.000000
114.096000	50.818126	0.000000	0.000000	0.269253	0.269253	60.000000
113.996000	50.845051	0.000000	0.000000	0.269612	0.269612	60.000000
113.893000	50.872822	0.000000	0.000000	0.240179	0.240179	60.000000
113.793000	50.896839	0.000000	0.000000	0.301799	0.301799	60.000000
113.691000	50.927623	0.000000	0.000000	0.213156	0.213156	60.000000
113.593000	50.948512	0.000000	0.000000	0.241386	0.241386	60.000000
113.494000	50.972409	0.000000	0.000000	0.224333	0.224333	60.000000
113.399000	50.993721	0.000000	0.000000	0.221104	0.221104	60.000000
113.295000	51.016716	0.000000	0.000000	0.247440	0.247440	60.000000
113.194000	51.041707	0.000000	0.000000	0.261529	0.261529	60.000000
113.095000	51.067599	0.000000	0.000000	0.265867	0.265867	60.000000
113.001000	51.092590	0.000000	0.000000	0.267457	0.267457	60.000000
112.908000	51.117464	0.000000	0.000000	0.294258	0.294258	60.000000
112.819000	51.143653	0.000000	0.000000	0.310754	0.310754	60.000000
112.724000	51.173174	0.000000	0.000000	0.308533	0.308533	60.000000
112.625000	51.203719	0.000000	0.000000	0.308602	0.308602	60.000000
112.527000	51.233962	0.000000	0.000000	0.289648	0.289648	60.000000
112.432000	51.261479	0.000000	0.000000	0.279335	0.279335	60.000000
112.338000	51.287736	0.000000	0.000000	0.353891	0.353891	60.000000
112.244000	51.321002	0.000000	0.000000	0.437637	0.437637	60.000000
112.148000	51.363015	0.000000	0.000000	0.369689	0.369689	60.000000
112.053000	51.398135	0.000000	0.000000	0.344770	0.344770	60.000000
111.956000	51.431578	0.000000	0.000000	0.324973	0.324973	60.000000
111.862000	51.462125	0.000000	0.000000	0.258499	0.258499	60.000000
111.770000	51.485907	0.000000	0.000000	0.284505	0.284505	60.000000
111.679000	51.511797	0.000000	0.000000	0.226538	0.226538	60.000000
111.582000	51.533772	0.000000	0.000000	0.212916	0.212916	60.000000
111.417000	51.568903	0.000000	0.000000	0.213168	0.213168	60.000000
111.323000	51.588940	0.000000	0.000000	0.203116	0.203116	60.000000
111.230000	51.607830	0.000000	0.000000	0.183224	0.183224	60.000000
111.141000	51.624137	0.000000	0.000000	0.251417	0.251417	60.000000
111.045000	51.648273	0.000000	0.000000	0.305029	0.305029	60.000000
110.949000	51.677556	0.000000	0.000000	0.264903	0.264903	60.000000
110.854000	51.702722	0.000000	0.000000	0.377587	0.377587	60.000000
110.760000	51.738215	0.000000	0.000000	0.372889	0.372889	60.000000
110.597000	51.798996	0.000000	0.000000	0.273417	0.273417	60.000000
110.493000	51.827431	0.000000	0.000000	0.287202	0.287202	60.000000
110.402000	51.853567	0.000000	0.000000	0.329451	0.329451	60.000000
110.308000	51.884535	0.000000	0.000000	0.281603	0.281603	60.000000
110.215000	51.910724	0.000000	0.000000	0.316296	0.316296	60.000000
110.094000	51.948996	0.000000	0.000000	0.346475	0.346475	60.000000
109.998000	51.982258	0.000000	0.000000	0.301204	0.301204	60.000000
109.899000	52.012077	0.000000	0.000000	0.271053	0.271053	60.000000
109.793000	52.040808	0.000000	0.000000	0.360917	0.360917	60.000000
109.696000	52.075817	0.000000	0.000000	0.350937	0.350937	60.000000
109.599000	52.109858	0.000000	0.000000	0.377256	0.377256	60.000000
109.495000	52.149093	0.000000	0.000000	0.438979	0.438979	60.000000
109.396000	52.192552	0.000000	0.000000	0.393567	0.393567	60.000000
109.292000	52.233483	0.000000	0.000000	0.289717	0.289717	60.000000
109.192000	52.262454	0.000000	0.000000	0.254824	0.254824	60.000000
109.093000	52.287682	0.000000	0.000000	0.265470	0.265470	60.000000
108.995000	52.313698	0.000000	0.000000	0.235686	0.235686	60.000000
108.891000	52.338209	0.000000	0.000000	0.317195	0.317195	60.000000
108.793000	52.369295	0.000000	0.000000	0.260571	0.260571	60.000000
108.695000	52.394831	0.000000	0.000000	0.287393	0.287393	60.000000
108.594000	52.423857	0.000000	0.000000	0.320765	0.320765	60.000000
108.495000	52.455613	0.000000	0.000000	0.256768	0.256768	60.000000
108.393000	52.481803	0.000000	0.000000	0.243894	0.243894	60.000000
108.293000	52.506193	0.000000	0.000000	0.260364	0.260364	60.000000
108.194000	52.531969	0.000000	0.000000	0.242008	0.242008	60.000000
108.097000	52.555444	0.000000	0.000000	0.339268	0.339268	60.000000
107.997000	52.589370	0.000000	0.000000	0.334884	0.334884	60.000000
107.893000	52.624198	0.000000	0.000000	0.379418	0.379418	60.000000
107.795000	52.661381	0.000000	0.000000	0.353568	0.353568	60.000000
107.697000	52.696031	0.000000	0.000000	0.383249	0.383249	60.000000
107.594000	52.735506	0.000000	0.000000	0.315049	0.315049	60.000000
107.494000	52.767010	0.000000	0.000000	0.349026	0.349026	60.000000
107.393000	52.802262	0.000000	0.000000	0.331669	0.331669	60.000000
107.294000	52.835097	0.000000	0.000000	0.279883	0.279883	60.000000
107.195000	52.862806	0.000000	0.000000	0.266142	0.266142	60.000000
107.095000	52.889420	0.000000	0.000000	0.264964	0.264964	60.000000
106.992000	52.916711	0.000000	0.000000	0.322725	0.322725	60.000000
106.894000	52.948338	0.000000	0.000000	0.318909	0.318909	60.000000
106.795000	52.979910	0.000000	0.000000	0.298213	0.298213	60.000000
106.694000	53.010030	0.000000	0.000000	0.300541	0.300541	60.000000
106.595000	53.039783	0.000000	0.000000	0.300622	0.300622	60.000000
106.496000	53.069545	0.000000	0.000000	0.323690	0.323690	60.000000
106.394000	53.102561	0.000000	0.000000	0.276795	0.276795	60.000000
106.295000	53.129964	0.000000	0.000000	0.338271	0.338271	60.000000
106.194000	53.164129	0.000000	0.000000	0.362783	0.362783	60.000000
106.093000	53.200771	0.000000	0.000000	0.351821	0.351821	60.000000
105.993000	53.235953	0.000000	0.000000	0.359148	0.359148	60.000000
105.896000	53.270790	0.000000	0.000000	0.313212	0.313212	60.000000
105.796000	53.302111	0.000000	0.000000	0.334364	0.334364	60.000000
105.694000	53.336216	0.000000	0.000000	0.348669	0.348669	60.000000
105.596000	53.370386	0.000000	0.000000	0.309415	0.309415	60.000000
105.493000	53.402255	0.000000	0.000000	0.304862	0.304862	60.000000
105.394000	53.432437	0.000000	0.000000	0.257410	0.257410	60.000000
105.296000	53.457663	0.000000	0.000000	0.234106	0.234106	60.000000
105.198000	53.480605	0.000000	0.000000	0.270159	0.270159	60.000000
105.095000	53.508432	0.000000	0.000000	0.256256	0.256256	60.000000
104.993000	53.534570	0.000000	0.000000	0.209052	0.209052	60.000000
104.894000	53.555266	0.000000	0.000000	0.271977	0.271977	60.000000
104.793000	53.582736	0.000000	0.000000	0.240208	0.240208	60.000000
104.694000	53.606516	0.000000	0.000000	0.287904	0.287904	60.000000
104.598000	53.634155	0.000000	0.000000	0.264738	0.264738	60.000000
104.494000	53.661688	0.000000	0.000000	0.299355	0.299355	60.000000
104.393000	53.691923	0.000000	0.000000	0.295745	0.295745	60.000000
104.294000	53.721202	0.000000	0.000000	0.302457	0.302457	60.000000
104.194000	53.751447	0.000000	0.000000	0.344083	0.344083	60.000000
104.094000	53.785856	0.000000	0.000000	0.312214	0.312214	60.000000
103.996000	53.816453	0.000000	0.000000	0.300603	0.300603	60.000000
103.894000	53.847114	0.000000	0.000000	0.348895	0.348895	60.000000
103.794000	53.882004	0.000000	0.000000	0.352600	0.352600	60.000000
103.693000	53.917616	0.000000	0.000000	0.386177	0.386177	60.000000
103.595000	53.955461	0.000000	0.000000	0.271047	0.271047	60.000000
103.493000	53.983108	0.000000	0.000000	0.237086	0.237086	60.000000
103.396000	54.006106	0.000000	0.000000	0.264008	0.264008	60.000000
103.297000	54.032242	0.000000	0.000000	0.325639	0.325639	60.000000
103.193000	54.066109	0.000000	0.000000	0.354236	0.354236	60.000000
103.094000	54.101178	0.000000	0.000000	0.349664	0.349664	60.000000
102.997000	54.135096	0.000000	0.000000	0.348709	0.348709	60.000000
102.894000	54.171013	0.000000	0.000000	0.375501	0.375501	60.000000
102.794000	54.208563	0.000000	0.000000	0.300569	0.300569	60.000000
102.696000	54.238019	0.000000	0.000000	0.314115	0.314115	60.000000
102.593000	54.270372	0.000000	0.000000	0.306614	0.306614	60.000000
102.493000	54.301034	0.000000	0.000000	0.333835	0.333835	60.000000
102.395000	54.333750	0.000000	0.000000	0.283887	0.283887	60.000000
102.294000	54.362422	0.000000	0.000000	0.253127	0.253127	60.000000
102.196000	54.387229	0.000000	0.000000	0.234944	0.234944	60.000000
102.094000	54.411193	0.000000	0.000000	0.336291	0.336291	60.000000
101.994000	54.444822	0.000000	0.000000	0.263344	0.263344	60.000000
101.895000	54.470893	0.000000	0.000000	0.268884	0.268884	60.000000
101.796000	54.497513	0.000000	0.000000	0.243261	0.243261	60.000000
101.698000	54.521352	0.000000	0.000000	0.242056	0.242056	60.000000
101.594000	54.546526	0.000000	0.000000	0.320125	0.320125	60.000000
101.492000	54.579179	0.000000	0.000000	0.355292	0.355292	60.000000
101.395000	54.613642	0.000000	0.000000	0.395630	0.395630	60.000000
101.294000	54.653601	0.000000	0.000000	0.461343	0.461343	60.000000
101.196000	54.698813	0.000000	0.000000	0.431455	0.431455	60.000000
101.095000	54.742390	0.000000	0.000000	0.370481	0.370481	60.000000
100.993000	54.780179	0.000000	0.000000	0.346325	0.346325	60.000000
100.894000	54.814465	0.000000	0.000000	0.331696	0.331696	60.000000
100.795000	54.847303	0.000000	0.000000	0.291264	0.291264	60.000000
100.692000	54.877303	0.000000	0.000000	0.318299	0.318299	60.000000
100.593000	54.908815	0.000000	0.000000	0.333247	0.333247	60.000000
100.499000	54.940140	0.000000	0.000000	0.314428	0.314428	60.000000
100.394000	54.973155	0.000000	0.000000	0.328524	0.328524	60.000000
100.299000	55.004365	0.000000	0.000000	0.313238	0.313238	60.000000
100.204000	55.034122	0.000000	0.000000	0.302317	0.302317	60.000000
100.094000	55.067377	0.000000	0.000000	0.258780	0.258780	60.000000
99.993000	55.093514	0.000000	0.000000	0.318188	0.318188	60.000000
99.897000	55.124060	0.000000	0.000000	0.225865	0.225865	60.000000
99.796000	55.146872	0.000000	0.000000	0.233860	0.233860	60.000000
99.693000	55.170960	0.000000	0.000000	0.218698	0.218698	60.000000
99.595000	55.192392	0.000000	0.000000	0.268036	0.268036	60.000000
99.493000	55.219732	0.000000	0.000000	0.350619	0.350619	60.000000
99.394000	55.254443	0.000000	0.000000	0.419356	0.419356	60.000000
99.297000	55.295121	0.000000	0.000000	0.425472	0.425472	60.000000
99.194000	55.338944	0.000000	0.000000	0.415336	0.415336	60.000000
99.093000	55.380893	0.000000	0.000000	0.290156	0.290156	60.000000
98.995000	55.409329	0.000000	0.000000	0.243830	0.243830	60.000000
98.894000	55.433955	0.000000	0.000000	0.302992	0.302992	60.000000
98.795000	55.463952	0.000000	0.000000	0.358095	0.358095	60.000000
98.693000	55.500477	0.000000	0.000000	0.307882	0.307882	60.000000
98.594000	55.530958	0.000000	0.000000	0.230645	0.230645	60.000000
98.493000	55.554253	0.000000	0.000000	0.170758	0.170758	60.000000
98.394000	55.571158	0.000000	0.000000	0.213076	0.213076	60.000000
98.294000	55.592466	0.000000	0.000000	0.263573	0.263573	60.000000
98.193000	55.619086	0.000000	0.000000	0.299931	0.299931	60.000000
98.094000	55.648780	0.000000	0.000000	0.395592	0.395592	60.000000
97.993000	55.688734	0.000000	0.000000	0.392701	0.392701	60.000000
97.896000	55.726826	0.000000	0.000000	0.155215	0.155215	60.000000
97.791000	55.743124	0.000000	0.000000	0.560409	0.560409	60.000000
97.696000	55.796363	0.000000	0.000000	0.470864	0.470864	60.000000
97.596000	55.843449	0.000000	0.000000	0.450878	0.450878	60.000000
97.494000	55.889439	0.000000	0.000000	0.459131	0.459131	60.000000
97.400000	55.932597	0.000000	0.000000	0.271328	0.271328	60.000000
97.293000	55.961629	0.000000	0.000000	0.217891	0.217891	60.000000
97.193000	55.983418	0.000000	0.000000	0.214731	0.214731	60.000000
97.096000	56.004247	0.000000	0.000000	0.149686	0.149686	60.000000
96.996000	56.019216	0.000000	0.000000	0.276617	0.276617	60.000000
96.893000	56.047708	0.000000	0.000000	0.272190	0.272190	60.000000
96.795000	56.074382	0.000000	0.000000	0.470353	0.470353	60.000000
96.699000	56.119536	0.000000	0.000000	0.533744	0.533744	60.000000
96.604000	56.170242	0.000000	0.000000	0.781604	0.781604	60.000000
96.507000	56.246057	0.000000	0.000000	0.417857	0.417857	60.000000
96.416000	56.284082	0.000000	0.000000	0.490716	0.490716	60.000000
96.324000	56.329228	0.000000	0.000000	0.257945	0.257945	60.000000
96.232000	56.352959	0.000000	0.000000	0.255190	0.255190	60.000000
96.140000	56.376437	0.000000	0.000000	0.330089	0.330089	60.000000
96.044000	56.408125	0.000000	0.000000	0.382666	0.382666	60.000000
95.950000	56.444096	0.000000	0.000000	0.379218	0.379218	60.000000
95.854000	56.480501	0.000000	0.000000	0.393242	0.393242	60.000000
95.757000	56.518645	0.000000	0.000000	0.424450	0.424450	60.000000
95.663000	56.558544	0.000000	0.000000	0.385165	0.385165	60.000000
95.495000	56.623251	0.000000	0.000000	0.417685	0.417685	60.000000
95.396000	56.664602	0.000000	0.000000	0.371959	0.371959	60.000000
95.298000	56.701054	0.000000	0.000000	0.366809	0.366809	60.000000
95.205000	56.735167	0.000000	0.000000	0.308888	0.308888	60.000000
95.095000	56.769145	0.000000	0.000000	0.285938	0.285938	60.000000
94.996000	56.797453	0.000000	0.000000	0.261223	0.261223	60.000000
94.895000	56.823836	0.000000	0.000000	0.352883	0.352883	60.000000
94.797000	56.858419	0.000000	0.000000	0.301849	0.301849	60.000000
94.694000	56.889509	0.000000	0.000000	0.350654	0.350654	60.000000
94.594000	56.924575	0.000000	0.000000	0.394249	0.394249	60.000000
94.498000	56.962423	0.000000	0.000000	0.420162	0.420162	60.000000
94.395000	57.005699	0.000000	0.000000	0.432287	0.432287	60.000000
94.296000	57.048496	0.000000	0.000000	0.386597	0.386597	60.000000
94.197000	57.086769	0.000000	0.000000	0.347444	0.347444	60.000000
94.094000	57.122556	0.000000	0.000000	0.397596	0.397596	60.000000
93.995000	57.161918	0.000000	0.000000	0.410898	0.410898	60.000000
93.896000	57.202597	0.000000	0.000000	0.378494	0.378494	60.000000
93.796000	57.240446	0.000000	0.000000	0.338298	0.338298	60.000000
93.695000	57.274614	0.000000	0.000000	0.309190	0.309190	60.000000
93.597000	57.304915	0.000000	0.000000	0.329271	0.329271	60.000000
93.496000	57.338171	0.000000	0.000000	0.341858	0.341858	60.000000
93.395000	57.372699	0.000000	0.000000	0.335067	0.335067	60.000000
93.297000	57.405535	0.000000	0.000000	0.302995	0.302995	60.000000
93.194000	57.436744	0.000000	0.000000	0.326169	0.326169	60.000000
93.095000	57.469035	0.000000	0.000000	0.450875	0.450875	60.000000
92.997000	57.513220	0.000000	0.000000	0.392097	0.392097	60.000000
92.898000	57.552038	0.000000	0.000000	0.440881	0.440881	60.000000
92.793000	57.598330	0.000000	0.000000	0.404830	0.404830	60.000000
92.694000	57.638409	0.000000	0.000000	0.440225	0.440225	60.000000
92.595000	57.681991	0.000000	0.000000	0.308411	0.308411	60.000000
92.495000	57.712832	0.000000	0.000000	0.305534	0.305534	60.000000
92.398000	57.742469	0.000000	0.000000	0.347867	0.347867	60.000000
92.301000	57.776212	0.000000	0.000000	0.453558	0.453558	60.000000
92.194000	57.824742	0.000000	0.000000	0.376940	0.376940	60.000000
92.096000	57.861683	0.000000	0.000000	0.265977	0.265977	60.000000
91.995000	57.888546	0.000000	0.000000	0.349001	0.349001	60.000000
91.894000	57.923795	0.000000	0.000000	0.393002	0.393002	60.000000
91.794000	57.963096	0.000000	0.000000	0.404979	0.404979	60.000000
91.694000	58.003593	0.000000	0.000000	0.477368	0.477368	60.000000
91.595000	58.050853	0.000000	0.000000	0.446766	0.446766	60.000000
91.495000	58.095529	0.000000	0.000000	0.339405	0.339405	60.000000
91.397000	58.128791	0.000000	0.000000	0.268871	0.268871	60.000000
91.296000	58.155947	0.000000	0.000000	0.234263	0.234263	60.000000
91.203000	58.177733	0.000000	0.000000	0.245308	0.245308	60.000000
91.109000	58.200793	0.000000	0.000000	0.179825	0.179825	60.000000
91.013000	58.218056	0.000000	0.000000	0.258687	0.258687	60.000000
90.922000	58.241596	0.000000	0.000000	0.314148	0.314148	60.000000
90.829000	58.270812	0.000000	0.000000	0.376456	0.376456	60.000000
90.736000	58.305822	0.000000	0.000000	0.466843	0.466843	60.000000
90.646000	58.347838	0.000000	0.000000	0.315807	0.315807	60.000000
90.547000	58.379103	0.000000	0.000000	0.332317	0.332317	60.000000
90.454000	58.410009	0.000000	0.000000	0.355388	0.355388	60.000000
90.364000	58.441994	0.000000	0.000000	0.377809	0.377809	60.000000
90.275000	58.475619	0.000000	0.000000	0.320484	0.320484	60.000000
90.165000	58.510872	0.000000	0.000000	0.393380	0.393380	60.000000
89.995000	58.577746	0.000000	0.000000	0.387637	0.387637	60.000000
89.893000	58.617285	0.000000	0.000000	0.351865	0.351865	60.000000
89.799000	58.650361	0.000000	0.000000	0.324581	0.324581	60.000000
89.693000	58.684766	0.000000	0.000000	0.261816	0.261816	60.000000
89.595000	58.710424	0.000000	0.000000	0.311463	0.311463	60.000000
89.501000	58.739702	0.000000	0.000000	0.418648	0.418648	60.000000
89.392000	58.785334	0.000000	0.000000	0.348335	0.348335	60.000000
89.296000	58.818774	0.000000	0.000000	0.336427	0.336427	60.000000
89.202000	58.850399	0.000000	0.000000	0.440753	0.440753	60.000000
89.109000	58.891389	0.000000	0.000000	0.332295	0.332295	60.000000
89.014000	58.922957	0.000000	0.000000	0.411033	0.411033	60.000000
88.919000	58.962005	0.000000	0.000000	0.425793	0.425793	60.000000
88.825000	59.002029	0.000000	0.000000	0.385421	0.385421	60.000000
88.729000	59.039030	0.000000	0.000000	0.414253	0.414253	60.000000
88.634000	59.078384	0.000000	0.000000	0.339325	0.339325	60.000000
88.539000	59.110620	0.000000	0.000000	0.382265	0.382265	60.000000
88.446000	59.146170	0.000000	0.000000	0.353125	0.353125	60.000000
88.353000	59.179011	0.000000	0.000000	0.462482	0.462482	60.000000
88.261000	59.221559	0.000000	0.000000	0.437500	0.437500	60.000000
88.095000	59.294184	0.000000	0.000000	0.439480	0.439480	60.000000
87.996000	59.337693	0.000000	0.000000	0.439629	0.439629	60.000000
87.897000	59.381216	0.000000	0.000000	0.484048	0.484048	60.000000
87.793000	59.431557	0.000000	0.000000	0.353058	0.353058	60.000000
87.694000	59.466510	0.000000	0.000000	0.352897	0.352897	60.000000
87.596000	59.501094	0.000000	0.000000	0.352911	0.352911	60.000000
87.492000	59.537797	0.000000	0.000000	0.367705	0.367705	60.000000
87.394000	59.573832	0.000000	0.000000	0.401992	0.401992	60.000000
87.297000	59.612825	0.000000	0.000000	0.505751	0.505751	60.000000
87.194000	59.664917	0.000000	0.000000	0.486565	0.486565	60.000000
87.095000	59.713087	0.000000	0.000000	0.445379	0.445379	60.000000
86.992000	59.758961	0.000000	0.000000	0.311135	0.311135	60.000000
86.895000	59.789141	0.000000	0.000000	0.285547	0.285547	60.000000
86.795000	59.817696	0.000000	0.000000	0.265343	0.265343	60.000000
86.699000	59.843169	0.000000	0.000000	0.304123	0.304123	60.000000
86.598000	59.873885	0.000000	0.000000	0.344619	0.344619	60.000000
86.495000	59.909381	0.000000	0.000000	0.325049	0.325049	60.000000
86.394000	59.942211	0.000000	0.000000	0.301825	0.301825	60.000000
86.294000	59.972393	0.000000	0.000000	0.372816	0.372816	60.000000
86.195000	60.009302	0.000000	0.000000	0.389939	0.389939	60.000000
86.097000	60.047516	0.000000	0.000000	0.445870	0.445870	60.000000
85.998000	60.091657	0.000000	0.000000	0.422646	0.422646	60.000000
85.893000	60.136035	0.000000	0.000000	0.387991	0.387991	60.000000
85.795000	60.174058	0.000000	0.000000	0.347028	0.347028	60.000000
85.695000	60.208761	0.000000	0.000000	0.355251	0.355251	60.000000
85.597000	60.243576	0.000000	0.000000	0.313362	0.313362	60.000000
85.494000	60.275852	0.000000	0.000000	0.309024	0.309024	60.000000
85.398000	60.305518	0.000000	0.000000	0.305665	0.305665	60.000000
85.294000	60.337308	0.000000	0.000000	0.368640	0.368640	60.000000
85.203000	60.370854	0.000000	0.000000	0.384836	0.384836	60.000000
85.096000	60.412031	0.000000	0.000000	0.347384	0.347384	60.000000
84.993000	60.447812	0.000000	0.000000	0.413329	0.413329	60.000000
84.895000	60.488318	0.000000	0.000000	0.479893	0.479893	60.000000
84.800000	60.533908	0.000000	0.000000	0.367376	0.367376	60.000000
84.695000	60.572482	0.000000	0.000000	0.279995	0.279995	60.000000
84.594000	60.600762	0.000000	0.000000	0.274818	0.274818	60.000000
84.494000	60.628244	0.000000	0.000000	0.337667	0.337667	60.000000
84.395000	60.661673	0.000000	0.000000	0.305232	0.305232	60.000000
84.296000	60.691891	0.000000	0.000000	0.318188	0.318188	60.000000
84.198000	60.723073	0.000000	0.000000	0.310249	0.310249	60.000000
84.093000	60.755649	0.000000	0.000000	0.361474	0.361474	60.000000
83.994000	60.791435	0.000000	0.000000	0.227237	0.227237	60.000000
83.893000	60.814386	0.000000	0.000000	0.292795	0.292795	60.000000
83.795000	60.843080	0.000000	0.000000	0.152903	0.152903	60.000000
83.694000	60.858523	0.000000	0.000000	0.090511	0.090511	60.000000
83.595000	60.867484	0.000000	0.000000	0.000000	0.000000	60.000000
83.494000	60.880317	0.000000	0.000000	0.000000	0.000000	60.000000
83.396000	60.896248	0.000000	0.000000	-0.000000	0.000000	60.000000
83.295000	60.894675	0.000000	0.000000	-0.000000	0.000000	60.000000
83.196000	60.891881	0.000000	0.000000	0.000000	0.000000	60.000000
83.095000	60.905148	-1.357721	0.000000	0.000000	-1.357721	60.000000
82.994000	60.919624	-1.379435	0.000000	0.000000	-1.379435	60.000000
82.895000	60.926706	-1.390059	0.000000	0.000000	-1.390059	60.000000
82.795000	60.933722	-1.400583	0.000000	-0.000000	-1.400583	60.000000
82.698000	60.932519	-1.398779	2.265316	0.000000	0.866537	60.000000
82.596000	60.934566	-1.401850	2.266267	0.000000	0.864417	60.000000
82.498000	60.939903	-1.409855	2.267183	0.000000	0.857328	60.000000
82.395000	60.944015	-1.416023	2.268151	0.000000	0.852128	60.000000
82.299000	60.949712	-1.424569	2.269057	0.000000	0.844489	60.000000
82.196000	60.952011	-1.428017	2.270035	0.000000	0.842018	60.000000
82.094000	60.956486	-1.434729	2.271006	0.000000	0.836278	60.000000
81.997000	60.966244	-1.449366	2.271934	0.000000	0.822568	60.000000
81.896000	60.977926	-1.466889	2.272910	0.000000	0.806021	60.000000
81.796000	60.984705	-1.477057	2.273888	0.000000	0.796831	60.000000
81.693000	60.988339	-1.482509	2.274902	0.000000	0.792393	60.000000
81.594000	60.990766	-1.486149	2.275881	0.000000	0.789731	60.000000
81.493000	60.993369	-1.490054	2.276881	-0.000000	0.786828	60.000000
81.397000	60.990524	-1.485786	2.277835	-0.000000	0.792049	60.000000
81.298000	60.989003	-1.483504	2.278816	0.000000	0.795312	60.000000
81.193000	60.992214	-1.488321	2.279854	0.000000	0.791534	60.000000
81.094000	60.997124	-1.495686	2.280836	0.000000	0.785151	60.000000
80.994000	60.999545	-1.499318	2.281834	0.000000	0.782516	60.000000
80.894000	60.999968	-1.499951	2.282833	-0.000000	0.782882	60.000000
80.797000	60.996154	-1.494231	2.283803	-0.000000	0.789572	60.000000
80.694000	60.991315	-1.486973	2.284829	-0.000000	0.797856	60.000000
80.594000	60.987435	-1.481153	2.285820	-0.000000	0.804667	60.000000
80.495000	60.979742	-1.469613	2.286798	-0.000000	0.817185	60.000000
80.404000	60.974664	-1.461996	2.287690	-0.000000	0.825694	60.000000
80.310000	60.965701	-1.448551	2.288606	-0.000000	0.840055	60.000000
80.214000	60.961039	-1.441559	2.289533	-0.000000	0.847974	60.000000
80.099000	60.961029	-1.441543	2.290638	-0.000000	0.849095	60.000000
79.996000	60.958855	-1.438282	2.291628	-0.000000	0.853346	60.000000
79.895000	60.952684	-1.429026	2.292596	-0.000000	0.863570	60.000000
79.797000	60.941178	-1.411767	2.293530	-0.000000	0.881763	60.000000
79.697000	60.929245	-1.393867	2.294471	-0.000000	0.900604	60.000000
79.593000	60.922771	-1.384157	2.295438	-0.000000	0.911280	60.000000
79.494000	60.921082	-1.381623	2.296351	-0.000000	0.914728	60.000000
79.396000	60.917076	-1.375614	2.297254	-0.000000	0.921640	60.000000
79.297000	60.915015	-1.372522	2.298162	-0.000000	0.925639	60.000000
79.196000	60.908598	-1.362897	2.299086	-0.000000	0.936189	60.000000
79.098000	60.900672	-1.351008	2.299976	0.000000	0.948968	60.000000
78.994000	60.901211	-1.351817	2.300913	-0.000000	0.949096	60.000000
78.895000	60.899151	-1.348726	2.301805	0.000000	0.953079	60.000000
78.793000	60.899394	-1.349091	2.302722	-0.000000	0.953631	60.000000
78.693000	60.896248	-1.344371	2.303622	0.000000	0.959250	60.000000
78.595000	60.898185	-1.347277	2.304500	0.000000	0.957223	60.000000
78.498000	60.909937	-1.364905	2.305371	0.000000	0.940466	60.000000
78.394000	60.921675	-1.382513	2.306318	0.000000	0.923805	60.000000
78.296000	60.930642	-1.395964	2.307221	0.000000	0.911257	60.000000
78.198000	60.938211	-1.407316	2.308133	0.000000	0.900817	60.000000
78.094000	60.940140	-1.410210	2.309109	-0.000000	0.898899	60.000000
77.996000	60.936153	-1.404229	2.310030	-0.000000	0.905801	60.000000
77.898000	60.933178	-1.399767	2.310947	0.000000	0.911180	60.000000
77.800000	60.935363	-1.403044	2.311862	0.000000	0.908818	60.000000
77.696000	60.938326	-1.407490	2.312835	0.000000	0.905345	60.000000
77.593000	60.945297	-1.417946	2.313801	0.000000	0.895855	60.000000
77.498000	60.949287	-1.423931	2.314699	0.000000	0.890768	60.000000
77.397000	60.960247	-1.440370	2.315658	0.000000	0.875287	60.000000
77.299000	60.961220	-1.441829	2.316599	-0.000000	0.874770	60.000000
77.199000	60.956860	-1.435290	2.317560	-0.000000	0.882271	60.000000
77.096000	60.955344	-1.433015	2.318546	0.000000	0.885530	60.000000
76.995000	60.958011	-1.437017	2.319511	0.000000	0.882494	60.000000
76.896000	60.958181	-1.437271	2.320459	0.000000	0.883188	60.000000
76.800000	60.966483	-1.449725	2.321379	0.000000	0.871654	60.000000
76.698000	60.976963	-1.465444	2.322365	0.000000	0.856921	60.000000
76.595000	60.989557	-1.484335	2.323371	0.000000	0.839036	60.000000
76.496000	61.004933	-1.507399	2.324351	0.000000	0.816951	60.000000
76.397000	61.015166	-1.522749	2.325346	0.000000	0.802596	60.000000
76.297000	61.021529	-1.532294	2.326361	0.000000	0.794067	60.000000
76.198000	61.026796	-1.540193	2.327372	0.000000	0.787179	60.000000
76.096000	61.029458	-1.544187	2.328419	0.000000	0.784233	60.000000
75.996000	61.036480	-1.554720	2.329449	0.000000	0.774729	60.000000
75.897000	61.040539	-1.560808	2.330475	0.000000	0.769667	60.000000
75.796000	61.045014	-1.567521	2.331526	0.000000	0.764005	60.000000
75.698000	61.047987	-1.571981	2.332550	-0.000000	0.760569	60.000000
75.598000	61.045562	-1.568342	2.333598	0.000000	0.765256	60.000000
75.494000	61.048228	-1.572342	2.334685	-0.000000	0.762344	60.000000
75.399000	61.040237	-1.560356	2.335681	-0.000000	0.775325	60.000000
75.298000	61.038358	-1.557537	2.336732	-0.000000	0.779195	60.000000
75.207000	61.028427	-1.542641	2.337677	-0.000000	0.795036	60.000000
75.095000	61.018193	-1.527289	2.338829	-0.000000	0.811539	60.000000
74.998000	61.008141	-1.512212	2.339816	-0.000000	0.827604	60.000000
74.895000	61.007540	-1.511310	2.340855	-0.000000	0.829545	60.000000
74.795000	61.003781	-1.505672	2.341862	0.000000	0.836190	60.000000
74.695000	61.004209	-1.506314	2.342866	0.000000	0.836552	60.000000
74.596000	61.011897	-1.517846	2.343860	0.000000	0.826014	60.000000
74.495000	61.013957	-1.520935	2.344882	-0.000000	0.823947	60.000000
74.400000	61.011114	-1.516671	2.345845	-0.000000	0.829174	60.000000
74.296000	61.005475	-1.508213	2.346897	0.000000	0.838684	60.000000
74.196000	61.006148	-1.509221	2.347902	0.000000	0.838681	60.000000
74.095000	61.006208	-1.509312	2.348919	-0.000000	0.839606	60.000000
73.996000	61.003725	-1.505587	2.349915	0.000000	0.844327	60.000000
73.896000	61.006808	-1.510212	2.350919	-0.000000	0.840706	60.000000
73.802000	61.006084	-1.509127	2.351865	-0.000000	0.842738	60.000000
73.696000	61.004874	-1.507311	2.352931	-0.000000	0.845621	60.000000
73.594000	61.003964	-1.505946	2.353956	0.000000	0.848010	60.000000
73.497000	61.004820	-1.507230	2.354930	-0.000000	0.847700	60.000000
73.397000	61.001903	-1.502855	2.355935	-0.000000	0.853080	60.000000
73.297000	60.998703	-1.498055	2.356937	-0.000000	0.858882	60.000000
73.199000	60.996031	-1.494047	2.357916	-0.000000	0.863868	60.000000
73.099000	60.994456	-1.491684	2.358912	-0.000000	0.867227	60.000000
72.995000	60.994219	-1.491329	2.359946	-0.000000	0.868617	60.000000
72.895000	60.990648	-1.485972	2.360940	-0.000000	0.874968	60.000000
72.799000	60.982350	-1.473526	2.361891	-0.000000	0.888365	60.000000
72.696000	60.980467	-1.470701	2.362903	-0.000000	0.892202	60.000000
72.594000	60.978293	-1.467440	2.363903	0.000000	0.896463	60.000000
72.496000	60.979443	-1.469165	2.364862	0.000000	0.895697	60.000000
72.395000	60.981317	-1.471976	2.365851	0.000000	0.893875	60.000000
72.297000	60.985563	-1.478344	2.366813	0.000000	0.888468	60.000000
72.199000	60.991131	-1.486696	2.367779	0.000000	0.881082	60.000000
72.096000	60.995005	-1.492508	2.368799	0.000000	0.876292	60.000000
71.997000	60.996633	-1.494949	2.369784	-0.000000	0.874835	60.000000
71.898000	60.995367	-1.493050	2.370771	0.000000	0.877721	60.000000
71.793000	60.995850	-1.493775	2.371816	0.000000	0.878041	60.000000
71.696000	60.998278	-1.497417	2.372782	0.000000	0.875365	60.000000
71.598000	60.998396	-1.497595	2.373761	-0.000000	0.876166	60.000000
71.496000	60.995125	-1.492687	2.374779	-0.000000	0.882092	60.000000
71.398000	60.991910	-1.487865	2.375754	0.000000	0.887890	60.000000
71.297000	60.993367	-1.490050	2.376756	-0.000000	0.886706	60.000000
71.194000	60.992460	-1.488690	2.377779	0.000000	0.889089	60.000000
71.095000	60.993437	-1.490155	2.378762	-0.000000	0.888607	60.000000
70.998000	60.988403	-1.482604	2.379725	-0.000000	0.897121	60.000000
70.896000	60.986888	-1.480332	2.380733	0.000000	0.900402	60.000000
70.796000	60.992156	-1.488234	2.381720	0.000000	0.893487	60.000000
70.698000	60.997116	-1.495674	2.382693	0.000000	0.887019	60.000000
70.599000	61.005784	-1.508677	2.383680	0.000000	0.875003	60.000000
70.496000	61.011050	-1.516575	2.384716	-0.000000	0.868141	60.000000
70.399000	61.010565	-1.515848	2.385696	0.000000	0.869848	60.000000
70.296000	61.014320	-1.521480	2.386737	0.000000	0.865257	60.000000
70.202000	61.018497	-1.527745	2.387691	0.000000	0.859946	60.000000
70.097000	61.026675	-1.540012	2.388760	0.000000	0.848748	60.000000
69.997000	61.037564	-1.556346	2.389787	0.000000	0.833441	60.000000
69.894000	61.055249	-1.582873	2.390856	0.000000	0.807983	60.000000
69.796000	61.066271	-1.599407	2.391890	-0.000000	0.792483	60.000000
69.696000	61.063547	-1.595321	2.392956	-0.000000	0.797635	60.000000
69.598000	61.062341	-1.593511	2.393998	-0.000000	0.800487	60.000000
69.497000	61.055978	-1.583967	2.395071	-0.000000	0.811105	60.000000
69.397000	61.050770	-1.576156	2.396127	-0.000000	0.819972	60.000000
69.295000	61.046596	-1.569894	2.397199	-0.000000	0.827305	60.000000
69.196000	61.044722	-1.567083	2.398235	0.000000	0.831152	60.000000
69.097000	61.046412	-1.569618	2.399269	-0.000000	0.829652	60.000000
68.998000	61.045564	-1.568346	2.400305	0.000000	0.831959	60.000000
68.894000	61.046350	-1.569525	2.401393	0.000000	0.831868	60.000000
68.797000	61.049196	-1.573795	2.402408	0.000000	0.828613	60.000000
68.698000	61.049378	-1.574067	2.403446	-0.000000	0.829379	60.000000
68.596000	61.045745	-1.568617	2.404517	-0.000000	0.835900	60.000000
68.498000	61.041499	-1.562248	2.405542	0.000000	0.843293	60.000000
68.394000	61.041991	-1.562987	2.406625	0.000000	0.843638	60.000000
68.295000	61.044233	-1.566349	2.407656	0.000000	0.841308	60.000000
68.197000	61.045022	-1.567533	2.408680	0.000000	0.841146	60.000000
68.100000	61.050828	-1.576242	2.409693	-0.000000	0.833451	60.000000
67.998000	61.050825	-1.576238	2.410765	-0.000000	0.834527	60.000000
67.896000	61.049260	-1.573889	2.411837	-0.000000	0.837948	60.000000
67.795000	61.046893	-1.570340	2.412897	-0.000000	0.842557	60.000000
67.695000	61.046410	-1.569616	2.413944	-0.000000	0.844328	60.000000
67.596000	61.041869	-1.562803	2.414980	-0.000000	0.852176	60.000000
67.502000	61.037695	-1.556542	2.415959	0.000000	0.859417	60.000000
67.395000	61.037817	-1.556726	2.417069	-0.000000	0.860344	60.000000
67.296000	61.035269	-1.552904	2.418097	0.000000	0.865193	60.000000
67.195000	61.036959	-1.555438	2.419142	-0.000000	0.863704	60.000000
67.099000	61.032487	-1.548731	2.420138	0.000000	0.871407	60.000000
66.998000	61.034907	-1.552361	2.421181	0.000000	0.868820	60.000000
66.898000	61.040295	-1.560443	2.422216	-0.000000	0.861773	60.000000
66.799000	61.037388	-1.556082	2.423246	0.000000	0.867164	60.000000
66.696000	61.039633	-1.559450	2.424314	-0.000000	0.864864	60.000000
66.597000	61.035879	-1.553818	2.425343	0.000000	0.871525	60.000000
66.497000	61.039028	-1.558542	2.426379	0.000000	0.867837	60.000000
66.395000	61.043689	-1.565534	2.427439	0.000000	0.861905	60.000000
66.296000	61.048349	-1.572523	2.428472	-0.000000	0.855949	60.000000
66.196000	61.046178	-1.569267	2.429521	-0.000000	0.860254	60.000000
66.095000	61.041447	-1.562170	2.430577	-0.000000	0.868407	60.000000
65.997000	61.033391	-1.550087	2.431598	-0.000000	0.881511	60.000000
65.899000	61.020495	-1.530742	2.432611	-0.000000	0.901869	60.000000
65.794000	61.017711	-1.526567	2.433682	0.000000	0.907115	60.000000
65.696000	61.022920	-1.534380	2.434679	0.000000	0.900299	60.000000
65.598000	61.023823	-1.535734	2.435682	-0.000000	0.899948	60.000000
65.496000	61.021766	-1.532649	2.436726	-0.000000	0.904077	60.000000
65.403000	61.021649	-1.532473	2.437676	-0.000000	0.905203	60.000000
65.309000	61.017592	-1.526387	2.438637	-0.000000	0.912249	60.000000
65.217000	61.015045	-1.522568	2.439573	0.000000	0.917005	60.000000
65.098000	61.023337	-1.535006	2.440781	0.000000	0.905775	60.000000
64.993000	61.028302	-1.542453	2.441855	0.000000	0.899402	60.000000
64.895000	61.041149	-1.561724	2.442863	0.000000	0.881139	60.000000
64.795000	61.055436	-1.583153	2.443904	0.000000	0.860751	60.000000
64.699000	61.069487	-1.604230	2.444917	0.000000	0.840688	60.000000
64.599000	61.070929	-1.606393	2.445987	0.000000	0.839594	60.000000
64.496000	61.071110	-1.606665	2.447090	-0.000000	0.840425	60.000000
64.395000	61.069721	-1.604581	2.448172	0.000000	0.843591	60.000000
64.294000	61.073353	-1.610029	2.449252	0.000000	0.839223	60.000000
64.195000	61.074750	-1.612126	2.450315	0.000000	0.838189	60.000000
64.099000	61.076444	-1.614666	2.451347	-0.000000	0.836680	60.000000
63.995000	61.070212	-1.605317	2.452466	-0.000000	0.847149	60.000000
63.898000	61.066210	-1.599314	2.453504	-0.000000	0.854190	60.000000
63.796000	61.064098	-1.596146	2.454592	-0.000000	0.858445	60.000000
63.698000	61.057857	-1.586786	2.455635	-0.000000	0.868849	60.000000
63.598000	61.049200	-1.573801	2.456692	-0.000000	0.882892	60.000000
63.496000	61.041810	-1.562715	2.457763	-0.000000	0.895048	60.000000
63.397000	61.033876	-1.550813	2.458794	-0.000000	0.907981	60.000000
63.295000	61.027580	-1.541370	2.459849	-0.000000	0.918479	60.000000
63.196000	61.022972	-1.534459	2.460866	-0.000000	0.926407	60.000000
63.098000	61.021529	-1.532294	2.461868	-0.000000	0.929575	60.000000
62.994000	61.018800	-1.528199	2.462931	-0.000000	0.934731	60.000000
62.898000	61.015952	-1.523928	2.463909	0.000000	0.939981	60.000000
62.796000	61.016011	-1.524016	2.464945	0.000000	0.940929	60.000000
62.695000	61.021159	-1.531739	2.465971	0.000000	0.934233	60.000000
62.595000	61.025888	-1.538831	2.466992	-0.000000	0.928161	60.000000
62.498000	61.020495	-1.530742	2.467988	-0.000000	0.937246	60.000000
62.394000	61.017769	-1.526654	2.469049	0.000000	0.942395	60.000000
62.297000	61.022551	-1.533827	2.470036	0.000000	0.936209	60.000000
62.197000	61.032673	-1.549009	2.471059	0.000000	0.922049	60.000000
62.097000	61.045559	-1.568338	2.472091	0.000000	0.903753	60.000000
61.995000	61.055432	-1.583147	2.473158	0.000000	0.890010	60.000000
61.899000	61.063547	-1.595321	2.474171	0.000000	0.878850	60.000000
61.796000	61.070514	-1.605771	2.475266	0.000000	0.869495	60.000000
61.697000	61.075895	-1.613843	2.476326	0.000000	0.862483	60.000000
61.596000	61.080135	-1.620203	2.477413	0.000000	0.857210	60.000000
61.499000	61.087042	-1.630563	2.478461	0.000000	0.847898	60.000000
61.396000	61.094546	-1.641818	2.479580	0.000000	0.837762	60.000000
61.299000	61.099518	-1.649276	2.480642	0.000000	0.831366	60.000000
61.200000	61.106782	-1.660173	2.481731	0.000000	0.821558	60.000000
61.096000	61.123190	-1.684784	2.482882	0.000000	0.798097	60.000000
60.997000	61.135661	-1.703492	2.483994	0.000000	0.780502	60.000000
60.897000	61.144439	-1.716658	2.485129	0.000000	0.768471	60.000000
60.799000	61.159033	-1.738550	2.486251	0.000000	0.747701	60.000000
60.697000	61.166421	-1.749632	2.487433	0.000000	0.737801	60.000000
60.600000	61.177622	-1.766433	2.488564	0.000000	0.722132	60.000000
60.495000	61.181801	-1.772702	2.489801	-0.000000	0.717099	60.000000
60.395000	61.181016	-1.771524	2.490983	0.000000	0.719459	60.000000
60.300000	61.185008	-1.777513	2.492105	0.000000	0.714592	60.000000
60.211000	61.185199	-1.777799	2.493159	-0.000000	0.715360	60.000000
60.099000	61.183560	-1.775339	2.494487	-0.000000	0.719147	60.000000
59.997000	61.181799	-1.772698	2.495694	-0.000000	0.722996	60.000000
59.896000	61.179679	-1.769518	2.496888	-0.000000	0.727370	60.000000
59.797000	61.174298	-1.761446	2.498055	0.000000	0.736609	60.000000
59.697000	61.178775	-1.768162	2.499230	0.000000	0.731068	60.000000
59.601000	61.178956	-1.768434	2.500361	-0.000000	0.731927	60.000000
59.498000	61.173377	-1.760066	2.501576	-0.000000	0.741509	60.000000
59.400000	61.166659	-1.749989	2.502726	-0.000000	0.752737	60.000000
59.300000	61.161935	-1.742902	2.503892	-0.000000	0.760990	60.000000
59.196000	61.143474	-1.715211	2.505101	-0.000000	0.789889	60.000000
59.098000	61.130878	-1.696316	2.506221	-0.000000	0.809905	60.000000
58.997000	61.118768	-1.678152	2.507363	-0.000000	0.829212	60.000000
58.896000	61.111443	-1.667165	2.508493	-0.000000	0.841329	60.000000
58.796000	61.103026	-1.654539	2.509605	-0.000000	0.855066	60.000000
58.698000	61.102061	-1.653092	2.510686	-0.000000	0.857594	60.000000
58.599000	61.094364	-1.641546	2.511777	-0.000000	0.870231	60.000000
58.497000	61.076868	-1.615302	2.512893	-0.000000	0.897591	60.000000
58.400000	61.059248	-1.588872	2.513938	-0.000000	0.925066	60.000000
58.295000	61.043693	-1.565540	2.515050	-0.000000	0.949510	60.000000
58.197000	61.032240	-1.548360	2.516073	-0.000000	0.967713	60.000000
58.100000	61.028851	-1.543277	2.517074	0.000000	0.973797	60.000000
57.997000	61.029580	-1.544370	2.518134	0.000000	0.973763	60.000000
57.897000	61.034364	-1.551546	2.519163	0.000000	0.967617	60.000000
57.798000	61.038666	-1.557999	2.520187	0.000000	0.962188	60.000000
57.700000	61.043450	-1.565174	2.521205	-0.000000	0.956031	60.000000
57.595000	61.033752	-1.550628	2.522301	-0.000000	0.971673	60.000000
57.497000	61.017101	-1.525651	2.523314	-0.000000	0.997663	60.000000
57.397000	60.995302	-1.492954	2.524331	-0.000000	1.031377	60.000000
57.298000	60.987316	-1.480974	2.525316	-0.000000	1.044343	60.000000
57.200000	60.983681	-1.475521	2.526284	0.000000	1.050763	60.000000
57.099000	60.987254	-1.480881	2.527277	-0.000000	1.046397	60.000000
56.995000	60.985988	-1.478982	2.528304	-0.000000	1.049322	60.000000
56.897000	60.979504	-1.469256	2.529270	0.000000	1.060014	60.000000
56.797000	60.979864	-1.469797	2.530250	0.000000	1.060453	60.000000
56.696000	60.986040	-1.479061	2.531240	0.000000	1.052179	60.000000
56.598000	60.996030	-1.494045	2.532206	0.000000	1.038161	60.000000
56.496000	61.005788	-1.508683	2.533222	0.000000	1.024539	60.000000
56.396000	61.014083	-1.521125	2.534228	0.000000	1.013103	60.000000
56.297000	61.022863	-1.534295	2.535232	0.000000	1.000936	60.000000
56.199000	61.030001	-1.545002	2.536234	0.000000	0.991232	60.000000
56.094000	61.038658	-1.557987	2.537316	0.000000	0.979329	60.000000
55.997000	61.047197	-1.570796	2.538323	0.000000	0.967527	60.000000
55.898000	61.058036	-1.587054	2.539360	0.000000	0.952306	60.000000
55.798000	61.073355	-1.610033	2.540418	0.000000	0.930385	60.000000
55.698000	61.084070	-1.626105	2.541491	0.000000	0.915386	60.000000
55.598000	61.103388	-1.655082	2.542575	0.000000	0.887494	60.000000
55.500000	61.119018	-1.678527	2.543657	0.000000	0.865130	60.000000
55.396000	61.128030	-1.692045	2.544820	0.000000	0.852776	60.000000
55.300000	61.138379	-1.707568	2.545903	0.000000	0.838335	60.000000
55.202000	61.146983	-1.720474	2.547019	0.000000	0.826545	60.000000
55.096000	61.157886	-1.736829	2.548235	0.000000	0.811406	60.000000
54.999000	61.169206	-1.753809	2.549358	0.000000	0.795549	60.000000
54.901000	61.175802	-1.763702	2.550504	0.000000	0.786801	60.000000
54.799000	61.185618	-1.778427	2.551703	0.000000	0.773276	60.000000
54.695000	61.194576	-1.791864	2.552936	0.000000	0.761072	60.000000
54.595000	61.203534	-1.805300	2.554131	0.000000	0.748830	60.000000
54.497000	61.208921	-1.813382	2.555310	0.000000	0.741928	60.000000
54.398000	61.216009	-1.824014	2.556507	0.000000	0.732493	60.000000
54.299000	61.220976	-1.831464	2.557711	0.000000	0.726247	60.000000
54.195000	61.223824	-1.835736	2.558981	0.000000	0.723245	60.000000
54.095000	61.230421	-1.845631	2.560204	0.000000	0.714573	60.000000
53.995000	61.237627	-1.856441	2.561435	0.000000	0.704994	60.000000
53.896000	61.239447	-1.859171	2.562660	0.000000	0.703489	60.000000
53.798000	61.246892	-1.870338	2.563875	0.000000	0.693537	60.000000
53.698000	61.251919	-1.877878	2.565122	0.000000	0.687243	60.000000
53.597000	61.256883	-1.885324	2.566386	0.000000	0.681062	60.000000
53.497000	61.260877	-1.891315	2.567643	0.000000	0.676328	60.000000
53.400000	61.262153	-1.893230	2.568866	0.000000	0.675636	60.000000
53.300000	61.262757	-1.894136	2.570128	0.000000	0.675992	60.000000
53.198000	61.263365	-1.895048	2.571416	0.000000	0.676368	60.000000
53.097000	61.265241	-1.897861	2.572692	-0.000000	0.674831	60.000000
52.999000	61.259967	-1.889951	2.573932	-0.000000	0.683981	60.000000
52.897000	61.257674	-1.886511	2.575217	-0.000000	0.688707	60.000000
52.799000	61.252520	-1.878780	2.576450	-0.000000	0.697669	60.000000
52.706000	61.246109	-1.869163	2.577615	-0.000000	0.708451	60.000000
52.596000	61.236360	-1.854540	2.578985	-0.000000	0.724445	60.000000
52.495000	61.226365	-1.839547	2.580234	-0.000000	0.740687	60.000000
52.403000	61.212083	-1.818124	2.581362	-0.000000	0.763238	60.000000
52.298000	61.196154	-1.794230	2.582635	-0.000000	0.788404	60.000000
52.197000	61.177928	-1.766893	2.583843	-0.000000	0.816950	60.000000
52.100000	61.163393	-1.745090	2.584986	-0.000000	0.839896	60.000000
51.997000	61.152194	-1.728291	2.586184	-0.000000	0.857893	60.000000
51.898000	61.140201	-1.710302	2.587325	-0.000000	0.877023	60.000000
51.797000	61.132943	-1.699414	2.588476	-0.000000	0.889062	60.000000
51.697000	61.128088	-1.692131	2.589609	0.000000	0.897478	60.000000
51.595000	61.128756	-1.693134	2.590760	0.000000	0.897626	60.000000
51.500000	61.135477	-1.703215	2.591832	0.000000	0.888617	60.000000
51.397000	61.143290	-1.714935	2.593002	-0.000000	0.878067	60.000000
51.295000	61.136207	-1.704311	2.594168	-0.000000	0.889857	60.000000
51.195000	61.122108	-1.683162	2.595304	-0.000000	0.912142	60.000000
51.095000	61.102784	-1.654176	2.596426	-0.000000	0.942251	60.000000
50.997000	61.087343	-1.631015	2.597507	-0.000000	0.966492	60.000000
50.900000	61.079533	-1.619299	2.598562	-0.000000	0.979262	60.000000
50.797000	61.075474	-1.613211	2.599674	-0.000000	0.986462	60.000000
50.695000	61.073357	-1.610035	2.600770	0.000000	0.990735	60.000000
50.598000	61.074508	-1.611762	2.601812	-0.000000	0.990049	60.000000
50.497000	61.070454	-1.605681	2.602897	-0.000000	0.997216	60.000000
50.399000	61.067061	-1.600592	2.603946	-0.000000	1.003354	60.000000
50.301000	61.066031	-1.599046	2.604992	0.000000	1.005946	60.000000
50.201000	61.068574	-1.602862	2.606058	0.000000	1.003196	60.000000
50.095000	61.068632	-1.602949	2.607190	-0.000000	1.004242	60.000000
49.998000	61.068332	-1.602499	2.608227	0.000000	1.005728	60.000000
49.898000	61.069785	-1.604678	2.609295	0.000000	1.004617	60.000000
49.795000	61.070568	-1.605852	2.610397	0.000000	1.004545	60.000000
49.697000	61.080258	-1.620387	2.611446	0.000000	0.991060	60.000000
49.597000	61.087412	-1.631118	2.612527	0.000000	0.981409	60.000000
49.501000	61.087892	-1.631838	2.613570	0.000000	0.981732	60.000000
49.399000	61.091521	-1.637282	2.614680	0.000000	0.977398	60.000000
49.297000	61.093218	-1.639827	2.615793	0.000000	0.975967	60.000000
49.195000	61.100728	-1.651092	2.616909	0.000000	0.965816	60.000000
49.098000	61.115140	-1.672710	2.617976	0.000000	0.945267	60.000000
48.999000	61.123192	-1.684788	2.619080	0.000000	0.934292	60.000000
48.894000	61.131484	-1.697226	2.620260	0.000000	0.923033	60.000000
48.797000	61.136937	-1.705405	2.621357	0.000000	0.915952	60.000000
48.699000	61.142931	-1.714396	2.622471	-0.000000	0.908075	60.000000
48.602000	61.141712	-1.712568	2.623580	0.000000	0.911012	60.000000
48.497000	61.151099	-1.726649	2.624779	0.000000	0.898130	60.000000
48.396000	61.161032	-1.741548	2.625941	0.000000	0.884393	60.000000
48.297000	61.166061	-1.749091	2.627091	0.000000	0.878000	60.000000
48.195000	61.174111	-1.761166	2.628280	0.000000	0.867114	60.000000
48.101000	61.179015	-1.768523	2.629384	0.000000	0.860861	60.000000
48.001000	61.185372	-1.778057	2.630563	0.000000	0.852506	60.000000
47.896000	61.193969	-1.790953	2.631808	0.000000	0.840854	60.000000
47.796000	61.207837	-1.811755	2.633002	0.000000	0.821246	60.000000
47.705000	61.223399	-1.835098	2.634101	0.000000	0.799003	60.000000
47.597000	61.234906	-1.852359	2.635422	0.000000	0.783063	60.000000
47.498000	61.244289	-1.866433	2.636644	0.000000	0.770211	60.000000
47.401000	61.254465	-1.881698	2.637851	0.000000	0.756153	60.000000
47.296000	61.264027	-1.896041	2.639169	0.000000	0.743128	60.000000
47.198000	61.267844	-1.901766	2.640407	0.000000	0.738642	60.000000
47.097000	61.268998	-1.903497	2.641688	-0.000000	0.738191	60.000000
46.999000	61.265301	-1.897952	2.642931	0.000000	0.744980	60.000000
46.897000	61.267234	-1.900852	2.644222	-0.000000	0.743371	60.000000
46.799000	61.264996	-1.897494	2.645464	0.000000	0.747970	60.000000
46.698000	61.265059	-1.897589	2.646742	-0.000000	0.749153	60.000000
46.597000	61.264822	-1.897234	2.648019	0.000000	0.750786	60.000000
46.497000	61.274321	-1.911482	2.649284	0.000000	0.737803	60.000000
46.396000	61.280073	-1.920110	2.650571	-0.000000	0.730461	60.000000
46.296000	61.279164	-1.918746	2.651851	-0.000000	0.733106	60.000000
46.198000	61.270449	-1.905674	2.653105	-0.000000	0.747431	60.000000
46.100000	61.263118	-1.894677	2.654350	0.000000	0.759673	60.000000
45.998000	61.273716	-1.910574	2.655638	0.000000	0.745065	60.000000
45.896000	61.281104	-1.921656	2.656938	0.000000	0.735282	60.000000
45.799000	61.282316	-1.923474	2.658180	0.000000	0.734707	60.000000
45.696000	61.286490	-1.929735	2.659501	-0.000000	0.729766	60.000000
45.597000	61.284439	-1.926658	2.660775	-0.000000	0.734117	60.000000
45.499000	61.280746	-1.921119	2.662033	-0.000000	0.740915	60.000000
45.396000	61.276742	-1.915114	2.663353	-0.000000	0.748239	60.000000
45.297000	61.272871	-1.909306	2.664616	0.000000	0.755310	60.000000
45.206000	61.275717	-1.913576	2.665775	0.000000	0.752199	60.000000
45.096000	61.281714	-1.922572	2.667178	-0.000000	0.744606	60.000000
44.997000	61.273234	-1.909851	2.668447	-0.000000	0.758596	60.000000
44.897000	61.260097	-1.890145	2.669720	-0.000000	0.779575	60.000000
44.798000	61.246289	-1.869434	2.670968	-0.000000	0.801534	60.000000
44.697000	61.230908	-1.846362	2.672226	-0.000000	0.825865	60.000000
44.599000	61.220793	-1.831189	2.673433	-0.000000	0.842243	60.000000
44.497000	61.212801	-1.819201	2.674678	-0.000000	0.855477	60.000000
44.396000	61.203353	-1.805030	2.675903	-0.000000	0.870873	60.000000
44.298000	61.194277	-1.791416	2.677082	-0.000000	0.885667	60.000000
44.198000	61.184649	-1.776974	2.678276	-0.000000	0.901303	60.000000
44.099000	61.176837	-1.765256	2.679449	-0.000000	0.914193	60.000000
43.996000	61.167508	-1.751262	2.680661	-0.000000	0.929399	60.000000
43.895000	61.164543	-1.746815	2.681841	0.000000	0.935026	60.000000
43.797000	61.167394	-1.751091	2.682982	0.000000	0.931891	60.000000
43.697000	61.172721	-1.759082	2.684149	0.000000	0.925068	60.000000
43.599000	61.173809	-1.760714	2.685298	-0.000000	0.924585	60.000000
43.496000	61.169452	-1.754178	2.686508	-0.000000	0.932329	60.000000
43.399000	61.159822	-1.739732	2.687642	-0.000000	0.947909	60.000000
43.299000	61.154494	-1.731742	2.688802	-0.000000	0.957060	60.000000
43.196000	61.148803	-1.723204	2.689991	-0.000000	0.966787	60.000000
43.099000	61.143960	-1.715940	2.691105	-0.000000	0.975165	60.000000
42.999000	61.139537	-1.709305	2.692249	-0.000000	0.982944	60.000000
42.896000	61.131663	-1.697495	2.693423	-0.000000	0.995928	60.000000
42.798000	61.123611	-1.685416	2.694532	-0.000000	1.009116	60.000000
42.710000	61.122888	-1.684332	2.695521	-0.000000	1.011188	60.000000
42.599000	61.115075	-1.672613	2.696767	-0.000000	1.024154	60.000000
42.500000	61.112592	-1.668888	2.697871	-0.000000	1.028983	60.000000
42.401000	61.102115	-1.653173	2.698972	-0.000000	1.045800	60.000000
42.298000	61.098901	-1.648352	2.700108	-0.000000	1.051756	60.000000
42.205000	61.093697	-1.640545	2.701130	-0.000000	1.060585	60.000000
42.098000	61.086977	-1.630466	2.702300	-0.000000	1.071834	60.000000
42.000000	61.078806	-1.618209	2.703365	-0.000000	1.085156	60.000000
41.898000	61.076441	-1.614662	2.704465	0.000000	1.089803	60.000000
41.798000	61.081895	-1.622842	2.705542	0.000000	1.082699	60.000000
41.701000	61.089884	-1.634826	2.706591	0.000000	1.071765	60.000000
41.598000	61.098061	-1.647091	2.707714	0.000000	1.060623	60.000000
41.500000	61.107869	-1.661803	2.708790	0.000000	1.046987	60.000000
41.395000	61.117437	-1.676156	2.709953	0.000000	1.033797	60.000000
41.297000	61.124642	-1.686964	2.711048	0.000000	1.024085	60.000000
41.200000	61.134211	-1.701317	2.712139	0.000000	1.010823	60.000000
41.102000	61.143047	-1.714570	2.713251	0.000000	0.998681	60.000000
40.998000	61.146928	-1.720391	2.714440	0.000000	0.994048	60.000000
40.898000	61.152308	-1.728463	2.715587	0.000000	0.987124	60.000000
40.801000	61.159092	-1.738639	2.716704	0.000000	0.978066	60.000000
40.699000	61.167029	-1.750544	2.717887	0.000000	0.967343	60.000000
40.598000	61.179319	-1.768979	2.719065	0.000000	0.950086	60.000000
40.500000	61.192028	-1.788042	2.720221	0.000000	0.932179	60.000000
40.397000	61.207593	-1.811390	2.721449	0.000000	0.910059	60.000000
40.297000	61.222126	-1.833189	2.722656	0.000000	0.889467	60.000000
40.203000	61.240229	-1.860343	2.723805	0.000000	0.863462	60.000000
40.098000	61.259244	-1.888866	2.725107	0.000000	0.836242	60.000000
40.000000	61.276260	-1.914389	2.726341	0.000000	0.811952	60.000000
39.898000	61.291697	-1.937546	2.727643	0.000000	0.790097	60.000000
39.799000	61.311926	-1.967888	2.728922	0.000000	0.761034	60.000000
39.699000	61.328212	-1.992319	2.730234	0.000000	0.737915	60.000000
39.601000	61.345462	-2.018193	2.731536	0.000000	0.713342	60.000000
39.503000	61.363213	-2.044819	2.732854	0.000000	0.688035	60.000000
39.397000	61.383009	-2.074514	2.734299	0.000000	0.659786	60.000000
39.301000	61.401903	-2.102854	2.735627	0.000000	0.632773	60.000000
39.199000	61.420673	-2.131009	2.737057	0.000000	0.606047	60.000000
39.100000	61.439384	-2.159076	2.738463	0.000000	0.579388	60.000000
38.997000	61.456936	-2.185404	2.739946	0.000000	0.554541	60.000000
38.902000	61.473776	-2.210664	2.741330	0.000000	0.530666	60.000000
38.796000	61.494238	-2.241357	2.742892	0.000000	0.501535	60.000000
38.698000	61.514709	-2.272063	2.744356	0.000000	0.472293	60.000000
38.600000	61.535234	-2.302851	2.745841	0.000000	0.442990	60.000000
38.495000	61.551459	-2.327189	2.747453	0.000000	0.420264	60.000000
38.397000	61.567809	-2.351714	2.748973	0.000000	0.397260	60.000000
38.300000	61.579919	-2.369878	2.750494	-0.000000	0.380616	60.000000
38.211000	61.579491	-2.369237	2.751900	0.000000	0.382664	60.000000
38.098000	61.583011	-2.374517	2.753685	-0.000000	0.379168	60.000000
37.998000	61.581616	-2.372425	2.755268	-0.000000	0.382843	60.000000
37.897000	61.580648	-2.370972	2.756865	-0.000000	0.385894	60.000000
37.798000	61.569626	-2.354440	2.758430	-0.000000	0.403991	60.000000
37.701000	61.556241	-2.334362	2.759953	-0.000000	0.425591	60.000000
37.602000	61.544070	-2.316105	2.761494	-0.000000	0.445389	60.000000
37.495000	61.531299	-2.296949	2.763146	-0.000000	0.466197	60.000000
37.398000	61.514162	-2.271244	2.764631	-0.000000	0.493387	60.000000
37.299000	61.493934	-2.240901	2.766130	-0.000000	0.525229	60.000000
37.198000	61.472444	-2.208666	2.767639	-0.000000	0.558973	60.000000
37.101000	61.449012	-2.173517	2.769067	-0.000000	0.595550	60.000000
37.000000	61.426907	-2.140360	2.770531	-0.000000	0.630171	60.000000
36.897000	61.408196	-2.112294	2.772000	-0.000000	0.659707	60.000000
36.799000	61.384767	-2.077151	2.773380	-0.000000	0.696230	60.000000
36.699000	61.356308	-2.034461	2.774765	-0.000000	0.740304	60.000000
36.596000	61.329484	-1.994225	2.776162	-0.000000	0.781937	60.000000
36.496000	61.303811	-1.955717	2.777492	-0.000000	0.821775	60.000000
36.402000	61.275592	-1.913388	2.778717	-0.000000	0.865329	60.000000
36.299000	61.241691	-1.862537	2.780031	-0.000000	0.917495	60.000000
36.205000	61.212502	-1.818753	2.781198	-0.000000	0.962445	60.000000
36.096000	61.184887	-1.777331	2.782520	-0.000000	1.005189	60.000000
35.997000	61.157819	-1.736728	2.783693	-0.000000	1.046965	60.000000
35.896000	61.134091	-1.701137	2.784862	-0.000000	1.083725	60.000000
35.799000	61.112221	-1.668331	2.785962	-0.000000	1.117632	60.000000
35.701000	61.092251	-1.638376	2.787052	-0.000000	1.148677	60.000000
35.597000	61.064937	-1.597405	2.788188	-0.000000	1.190783	60.000000
35.497000	61.036235	-1.554353	2.789253	-0.000000	1.234901	60.000000
35.398000	61.009470	-1.514206	2.790279	-0.000000	1.276074	60.000000
35.298000	60.979503	-1.469254	2.791289	-0.000000	1.322035	60.000000
35.201000	60.950076	-1.425114	2.792239	-0.000000	1.367125	60.000000
35.101000	60.927978	-1.391966	2.793189	-0.000000	1.401223	60.000000
34.997000	60.906840	-1.360260	2.794154	-0.000000	1.433894	60.000000
34.897000	60.887769	-1.331653	2.795061	-0.000000	1.463408	60.000000
34.802000	60.883111	-1.324667	2.795904	-0.000000	1.471237	60.000000
34.700000	60.879719	-1.319578	2.796805	-0.000000	1.477227	60.000000
34.598000	60.873356	-1.310034	2.797702	-0.000000	1.487669	60.000000
34.498000	60.870634	-1.305951	2.798576	-0.000000	1.492624	60.000000
34.399000	60.864337	-1.296506	2.799438	-0.000000	1.502932	60.000000
34.298000	60.860521	-1.290781	2.800311	-0.000000	1.509529	60.000000
34.200000	60.860345	-1.290517	2.801154	0.000000	1.510637	60.000000
34.097000	60.868331	-1.302497	2.802040	0.000000	1.499543	60.000000
33.997000	60.878018	-1.317027	2.802908	0.000000	1.485881	60.000000
33.898000	60.884013	-1.326019	2.803778	0.000000	1.477759	60.000000
33.798000	60.893219	-1.339829	2.804662	0.000000	1.464832	60.000000
33.700000	60.906600	-1.359901	2.805537	0.000000	1.445636	60.000000
33.600000	60.925855	-1.388782	2.806444	0.000000	1.417661	60.000000
33.501000	60.946680	-1.420020	2.807360	0.000000	1.387340	60.000000
33.399000	60.968478	-1.452718	2.808326	0.000000	1.355608	60.000000
33.298000	60.995122	-1.492683	2.809304	0.000000	1.316621	60.000000
33.195000	61.017893	-1.526839	2.810329	0.000000	1.283490	60.000000
33.097000	61.041683	-1.562525	2.811326	0.000000	1.248801	60.000000
33.004000	61.067060	-1.600590	2.812295	0.000000	1.211706	60.000000
32.902000	61.096725	-1.645087	2.813384	0.000000	1.168296	60.000000
32.798000	61.135906	-1.703859	2.814524	0.000000	1.110665	60.000000
32.696000	61.184647	-1.776970	2.815683	0.000000	1.038713	60.000000
32.599000	61.243506	-1.865259	2.816832	0.000000	0.951573	60.000000
32.496000	61.304411	-1.956617	2.818113	0.000000	0.861496	60.000000
32.398000	61.364784	-2.047176	2.819391	0.000000	0.772215	60.000000
32.300000	61.406256	-2.109384	2.820729	0.000000	0.711344	60.000000
32.208000	61.449189	-2.173784	2.822022	0.000000	0.648239	60.000000
32.097000	61.506048	-2.259072	2.823631	0.000000	0.564559	60.000000
31.996000	61.562662	-2.343993	2.825152	0.000000	0.481159	60.000000
31.898000	61.621825	-2.432738	2.826683	0.000000	0.393945	60.000000
31.799000	61.677881	-2.516822	2.828289	0.000000	0.311467	60.000000
31.697000	61.742374	-2.613562	2.830000	0.000000	0.216439	60.000000
31.597000	61.798989	-2.698483	2.831743	0.000000	0.133260	60.000000
31.498000	61.856938	-2.785408	2.833524	0.000000	0.048116	60.000000
31.401000	61.905014	-2.857522	2.835325	0.000000	-0.022196	60.000000
31.298000	61.949272	-2.923909	2.837287	0.000000	-0.086622	60.000000
31.198000	61.991541	-2.987312	2.839236	0.000000	-0.148075	60.000000
31.098000	62.031628	-3.047441	2.841228	0.000000	-0.206213	60.000000
30.999000	62.068930	-3.103394	2.843239	0.000000	-0.260155	60.000000
30.897000	62.110164	-3.165245	2.845350	0.000000	-0.319896	60.000000
30.800000	62.159749	-3.239623	2.847397	0.000000	-0.392227	60.000000
30.700000	62.207342	-3.311013	2.849556	0.000000	-0.461457	60.000000
30.597000	62.251542	-3.377313	2.851830	0.000000	-0.525483	60.000000
30.497000	62.292900	-3.439350	2.854081	0.000000	-0.585269	60.000000
30.400000	62.331349	-3.497024	2.856305	0.000000	-0.640719	60.000000
30.295000	62.371250	-3.556875	2.858753	0.000000	-0.698122	60.000000
30.206000	62.404065	-3.606097	2.860864	0.000000	-0.745233	60.000000
30.100000	62.446695	-3.670042	2.863412	0.000000	-0.806630	60.000000
29.997000	62.475946	-3.713919	2.865932	0.000000	-0.847986	60.000000
29.900000	62.503858	-3.755787	2.868334	0.000000	-0.887453	60.000000
29.796000	62.528503	-3.792754	2.870938	0.000000	-0.921816	60.000000
29.700000	62.553262	-3.829892	2.873365	0.000000	-0.956527	60.000000
29.596000	62.578023	-3.867035	2.876021	0.000000	-0.991014	60.000000
29.499000	62.601524	-3.902287	2.878521	0.000000	-1.023765	60.000000
29.399000	62.622898	-3.934346	2.881123	0.000000	-1.053223	60.000000
29.297000	62.645122	-3.967683	2.883798	0.000000	-1.083885	60.000000
29.197000	62.661409	-3.992113	2.886443	0.000000	-1.105670	60.000000
29.099000	62.680546	-4.020819	2.889052	0.000000	-1.131768	60.000000
28.998000	62.691196	-4.036794	2.891759	0.000000	-1.145036	60.000000
28.901000	62.702639	-4.053958	2.894369	0.000000	-1.159589	60.000000
28.796000	62.715053	-4.072579	2.897207	0.000000	-1.175372	60.000000
28.697000	62.721530	-4.082295	2.899895	-0.000000	-1.182400	60.000000
28.598000	62.720202	-4.080303	2.902589	-0.000000	-1.177714	60.000000
28.502000	62.707729	-4.061594	2.905201	-0.000000	-1.156393	60.000000
28.400000	62.688716	-4.033074	2.907963	-0.000000	-1.125111	60.000000
28.299000	62.665342	-3.998013	2.910678	-0.000000	-1.087335	60.000000
28.201000	62.641785	-3.962677	2.913290	-0.000000	-1.049387	60.000000
28.096000	62.607213	-3.910820	2.916064	-0.000000	-0.994756	60.000000
27.998000	62.570521	-3.855781	2.918619	-0.000000	-0.937162	60.000000
27.900000	62.534493	-3.801739	2.921138	-0.000000	-0.880601	60.000000
27.796000	62.489377	-3.734065	2.923774	-0.000000	-0.810291	60.000000
27.697000	62.439068	-3.658601	2.926239	-0.000000	-0.732363	60.000000
27.601000	62.393712	-3.590568	2.928580	-0.000000	-0.661987	60.000000
27.499000	62.342796	-3.514194	2.931022	-0.000000	-0.583172	60.000000
27.399000	62.280790	-3.421185	2.933365	-0.000000	-0.487821	60.000000
27.298000	62.204316	-3.306475	2.935668	-0.000000	-0.370807	60.000000
27.198000	62.122209	-3.183313	2.937872	-0.000000	-0.245441	60.000000
27.097000	62.034231	-3.051346	2.940016	-0.000000	-0.111330	60.000000
27.001000	61.941649	-2.912474	2.941969	-0.000000	0.029495	60.000000
26.897000	61.850518	-2.775776	2.943988	-0.000000	0.168212	60.000000
26.796000	61.756421	-2.634632	2.945857	-0.000000	0.311225	60.000000
26.699000	61.658575	-2.487862	2.947561	-0.000000	0.459699	60.000000
26.602000	61.549582	-2.324374	2.949170	-0.000000	0.624796	60.000000
26.497000	61.431143	-2.146714	2.950797	-0.000000	0.804082	60.000000
26.398000	61.317134	-1.975702	2.952214	-0.000000	0.976512	60.000000
26.300000	61.206263	-1.809395	2.953504	-0.000000	1.144110	60.000000
26.205000	61.092607	-1.638911	2.954650	-0.000000	1.315740	60.000000
26.098000	60.965275	-1.447913	2.955819	-0.000000	1.507906	60.000000
25.998000	60.841813	-1.262719	2.956785	-0.000000	1.694066	60.000000
25.899000	60.719984	-1.079977	2.957618	-0.000000	1.877641	60.000000
25.801000	60.596101	-0.894151	2.958324	-0.000000	2.064173	60.000000
25.698000	60.462161	-0.693242	2.958938	-0.000000	2.265696	60.000000
25.598000	60.332946	-0.499420	2.959400	-0.000000	2.459980	60.000000
25.498000	60.209426	-0.314139	2.959733	-0.000000	2.645594	60.000000
25.404000	60.091713	-0.137569	2.959930	-0.000000	2.822361	60.000000
25.302000	59.974449	0.038326	2.960023	-0.000000	2.998349	60.000000
25.199000	59.860431	0.209354	2.959997	-0.000000	3.169351	60.000000
25.101000	59.745741	0.381388	2.959860	-0.000000	3.341248	60.000000
25.000000	59.623207	0.565189	2.959603	-0.000000	3.524793	60.000000
24.903000	59.505079	0.742381	2.959238	-0.000000	3.701619	60.000000
24.819000	59.405665	0.891503	2.958822	-0.000000	3.850325	60.000000
24.736000	59.308787	1.036820	2.958329	-0.000000	3.995148	60.000000
24.654000	59.211361	1.182959	2.957762	-0.000000	4.140721	60.000000
24.570000	59.101749	1.347377	2.957099	-0.000000	4.304476	60.000000
24.402000	58.890968	1.663548	2.955590	-0.000000	4.619139	60.000000
24.299000	58.758406	1.862390	2.954448	-0.000000	4.816838	60.000000
24.205000	58.644323	2.033515	2.953281	-0.000000	4.986796	60.000000
24.102000	58.514372	2.228442	2.951885	-0.000000	5.180327	60.000000
23.999000	58.388576	2.417136	2.950354	-0.000000	5.367490	60.000000
23.900000	58.265684	2.601474	2.948759	-0.000000	5.550233	60.000000
23.797000	58.133371	2.799944	2.946973	-0.000000	5.746917	60.000000
23.698000	58.006243	2.990635	2.945125	-0.000000	5.935760	60.000000
23.599000	57.884138	3.173793	2.943151	-0.000000	6.116944	60.000000
23.502000	57.765234	3.352149	2.941099	-0.000000	6.293247	60.000000
23.402000	57.647038	3.529443	2.938864	-0.000000	6.468307	60.000000
23.298000	57.514606	3.728092	2.936417	-0.000000	6.664508	60.000000
23.199000	57.386696	3.919955	2.933956	-0.000000	6.853912	60.000000
23.100000	57.259643	4.110536	2.931369	-0.000000	7.041905	60.000000
22.999000	57.127686	4.308470	2.928601	-0.000000	7.237072	60.000000
22.905000	57.010109	4.484837	2.925901	-0.000000	7.410738	60.000000
22.799000	56.881961	4.677059	2.922732	-0.000000	7.599791	60.000000
22.698000	56.752841	4.870739	2.919583	-0.000000	7.790322	60.000000
22.600000	56.623790	5.064315	2.916401	-0.000000	7.980715	60.000000
22.499000	56.496979	5.254531	2.912991	-0.000000	8.167521	60.000000
22.401000	56.368586	5.447121	2.909558	-0.000000	8.356678	60.000000
22.300000	56.232595	5.651108	2.905890	-0.000000	8.556998	60.000000
22.199000	56.100586	5.849121	2.902085	-0.000000	8.751206	60.000000
22.105000	55.965378	6.051934	2.898419	-0.000000	8.950353	60.000000
22.001000	55.820751	6.268873	2.894223	-0.000000	9.163097	60.000000
21.901000	55.683127	6.475309	2.890044	-0.000000	9.365353	60.000000
21.798000	55.542365	6.686453	2.885598	-0.000000	9.572051	60.000000
21.699000	55.408659	6.887011	2.881185	-0.000000	9.768196	60.000000
21.600000	55.273149	7.090276	2.876639	-0.000000	9.966915	60.000000
21.498000	55.142468	7.286298	2.871818	-0.000000	10.158116	60.000000
21.398000	55.011970	7.482046	2.866960	-0.000000	10.349006	60.000000
21.302000	54.887082	7.669377	2.862172	-0.000000	10.531549	60.000000
21.198000	54.754466	7.868302	2.856854	-0.000000	10.725156	60.000000
21.104000	54.634046	8.048931	2.851924	-0.000000	10.900854	60.000000
21.001000	54.498414	8.252379	2.846397	-0.000000	11.098776	60.000000
20.896000	54.370688	8.443967	2.840620	-0.000000	11.284587	60.000000
20.799000	54.241937	8.637094	2.835160	-0.000000	11.472254	60.000000
20.701000	54.112227	8.831660	2.829517	-0.000000	11.661176	60.000000
20.601000	53.988483	9.017275	2.823629	-0.000000	11.840904	60.000000
20.500000	53.861605	9.207592	2.817557	-0.000000	12.025149	60.000000
20.399000	53.736118	9.395823	2.811357	-0.000000	12.207181	60.000000
20.298000	53.607544	9.588685	2.805031	-0.000000	12.393716	60.000000
20.198000	53.475173	9.787241	2.798639	-0.000000	12.585879	60.000000
20.104000	53.344732	9.982902	2.792505	-0.000000	12.775407	60.000000
20.003000	53.206934	10.189599	2.785783	-0.000000	12.975382	60.000000
19.899000	53.056505	10.415243	2.778719	-0.000000	13.193961	60.000000
19.799000	52.918885	10.621672	2.771775	-0.000000	13.393447	60.000000
19.702000	52.786142	10.820788	2.764906	-0.000000	13.585694	60.000000
19.598000	52.652147	11.021780	2.757404	-0.000000	13.779184	60.000000
19.500000	52.527313	11.209031	2.750203	-0.000000	13.959234	60.000000
19.397000	52.405326	11.392012	2.742506	-0.000000	14.134518	60.000000
19.298000	52.274163	11.588755	2.734987	-0.000000	14.323743	60.000000
19.200000	52.138531	11.792204	2.727416	-0.000000	14.519620	60.000000
19.102000	52.009607	11.985590	2.719712	-0.000000	14.705302	60.000000
18.996000	51.862733	12.205901	2.711242	-0.000000	14.917143	60.000000
18.899000	51.729223	12.406165	2.703349	-0.000000	15.109514	60.000000
18.799000	51.596976	12.604536	2.695078	-0.000000	15.299614	60.000000
18.699000	51.460615	12.809077	2.686675	-0.000000	15.495752	60.000000
18.600000	51.331805	13.002292	2.678221	-0.000000	15.680513	60.000000
18.504000	51.203960	13.194059	2.669900	-0.000000	15.863959	60.000000
18.399000	51.061752	13.407372	2.660664	-0.000000	16.068036	60.000000
18.300000	50.924966	13.612551	2.651815	-0.000000	16.264366	60.000000
18.207000	50.794468	13.808299	2.643375	-0.000000	16.451674	60.000000
18.101000	50.651716	14.022426	2.633617	-0.000000	16.656044	60.000000
17.998000	50.512100	14.231851	2.623989	-0.000000	16.855839	60.000000
17.900000	50.382920	14.425619	2.614690	-0.000000	17.040310	60.000000
17.804000	50.256469	14.615297	2.605458	-0.000000	17.220755	60.000000
17.699000	50.115950	14.826075	2.595227	-0.000000	17.421302	60.000000
17.606000	49.987229	15.019157	2.586035	-0.000000	17.605192	60.000000
17.523000	49.877450	15.183824	2.577725	-0.000000	17.761549	60.000000
17.443000	49.761642	15.357538	2.569627	-0.000000	17.927164	60.000000
17.358000	49.640839	15.538741	2.560924	-0.000000	18.099665	60.000000
17.271000	49.524738	15.712893	2.551911	-0.000000	18.264805	60.000000
17.166000	49.376618	15.935073	2.540912	-0.000000	18.475986	60.000000
16.997000	49.144465	16.283302	2.522959	-0.000000	18.806261	60.000000
16.900000	49.004223	16.493666	2.512429	-0.000000	19.006095	60.000000
16.798000	48.863869	16.704196	2.501213	-0.000000	19.205409	60.000000
16.701000	48.726216	16.910676	2.490411	-0.000000	19.401088	60.000000
16.599000	48.589949	17.115077	2.478912	-0.000000	19.593989	60.000000
16.498000	48.438025	17.342963	2.467388	-0.000000	19.810351	60.000000
16.399000	48.300855	17.548717	2.455942	-0.000000	20.004659	60.000000
16.299000	48.165247	17.752129	2.444242	-0.000000	20.196371	60.000000
16.202000	48.029463	17.955805	2.432763	-0.000000	20.388568	60.000000
16.099000	47.881035	18.178448	2.420433	-0.000000	20.598881	60.000000
16.000000	47.744048	18.383928	2.408435	-0.000000	20.792363	60.000000
15.899000	47.609161	18.586258	2.396057	-0.000000	20.982315	60.000000
15.799000	47.470183	18.794726	2.383666	-0.000000	21.178392	60.000000
15.702000	47.330676	19.003986	2.371512	-0.000000	21.375498	60.000000
15.599000	47.192414	19.211379	2.358463	-0.000000	21.569842	60.000000
15.497000	47.048263	19.427606	2.345399	-0.000000	21.773005	60.000000
15.400000	46.907540	19.638690	2.332836	-0.000000	21.971525	60.000000
15.299000	46.775363	19.836956	2.319612	-0.000000	22.156569	60.000000
15.200000	46.633497	20.049755	2.306520	-0.000000	22.356275	60.000000
15.107000	46.504392	20.243412	2.294089	-0.000000	22.537501	60.000000
15.003000	46.349704	20.475444	2.280054	-0.000000	22.755498	60.000000
14.898000	46.198209	20.702687	2.265721	-0.000000	22.968408	60.000000
14.800000	46.061581	20.907629	2.252195	-0.000000	23.159824	60.000000
14.700000	45.922129	21.116807	2.238257	-0.000000	23.355064	60.000000
14.599000	45.778514	21.332229	2.224038	-0.000000	23.556267	60.000000
14.498000	45.640494	21.539259	2.209674	-0.000000	23.748933	60.000000
14.401000	45.500138	21.749793	2.195746	-0.000000	23.945539	60.000000
14.299000	45.361883	21.957176	2.180956	-0.000000	24.138132	60.000000
14.203000	45.227658	22.158514	2.166903	-0.000000	24.325417	60.000000
14.099000	45.080434	22.379350	2.151540	-0.000000	24.530890	60.000000
13.998000	44.939474	22.590788	2.136471	-0.000000	24.727259	60.000000
13.900000	44.802666	22.796001	2.121712	-0.000000	24.917713	60.000000
13.803000	44.662549	23.006176	2.106970	-0.000000	25.113146	60.000000
13.704000	44.521099	23.218351	2.091786	-0.000000	25.310137	60.000000
13.597000	44.368517	23.447224	2.075224	-0.000000	25.522448	60.000000
13.498000	44.232380	23.651430	2.059749	-0.000000	25.711179	60.000000
13.400000	44.091595	23.862608	2.044296	-0.000000	25.906904	60.000000
13.301000	43.950573	24.074141	2.028547	-0.000000	26.102688	60.000000
13.203000	43.808942	24.286586	2.012819	-0.000000	26.299405	60.000000
13.102000	43.669373	24.495941	1.996466	-0.000000	26.492407	60.000000
12.999000	43.519676	24.720486	1.979645	-0.000000	26.700131	60.000000
12.898000	43.374679	24.937982	1.963000	-0.000000	26.900982	60.000000
12.801000	43.226254	25.160619	1.946873	-0.000000	27.107493	60.000000
12.696000	43.080481	25.379279	1.929261	-0.000000	27.308540	60.000000
12.599000	42.940533	25.589201	1.912849	-0.000000	27.502050	60.000000
12.499000	42.801617	25.797575	1.895790	-0.000000	27.693365	60.000000
12.399000	42.660837	26.008745	1.878591	-0.000000	27.887336	60.000000
12.300000	42.519820	26.220270	1.861425	-0.000000	28.081695	60.000000
12.201000	42.372834	26.440749	1.844120	-0.000000	28.284869	60.000000
12.098000	42.222603	26.666096	1.825964	-0.000000	28.492060	60.000000
12.000000	42.078630	26.882056	1.808542	-0.000000	28.690598	60.000000
11.903000	41.937423	27.093865	1.791159	-0.000000	28.885024	60.000000
11.801000	41.800978	27.298532	1.772735	-0.000000	29.071267	60.000000
11.699000	41.648998	27.526503	1.754172	-0.000000	29.280675	60.000000
11.602000	41.504371	27.743444	1.736371	-0.000000	29.479815	60.000000
11.502000	41.365262	27.952106	1.717876	-0.000000	29.669982	60.000000
11.400000	41.217986	28.173021	1.698868	-0.000000	29.871889	60.000000
11.304000	41.078287	28.382570	1.680837	-0.000000	30.063407	60.000000
11.201000	40.940330	28.589505	1.661348	-0.000000	30.250854	60.000000
11.097000	40.796846	28.804731	1.641526	-0.000000	30.446257	60.000000
10.999000	40.653651	29.019524	1.622707	-0.000000	30.642231	60.000000
10.903000	40.512507	29.231239	1.604134	-0.000000	30.835374	60.000000
10.799000	40.366857	29.449714	1.583867	-0.000000	31.033582	60.000000
10.699000	40.220596	29.669106	1.564234	-0.000000	31.233340	60.000000
10.599000	40.076922	29.884616	1.544455	-0.000000	31.429071	60.000000
10.499000	39.934534	30.098199	1.524532	-0.000000	31.622731	60.000000
10.401000	39.796468	30.305298	1.504868	-0.000000	31.810166	60.000000
10.299000	39.658168	30.512748	1.484260	-0.000000	31.997008	60.000000
10.203000	39.519138	30.721293	1.464732	-0.000000	32.186025	60.000000
10.100000	39.371658	30.942513	1.443637	-0.000000	32.386150	60.000000
9.999000	39.229872	31.155192	1.422802	-0.000000	32.577994	60.000000
9.901000	39.090966	31.363551	1.402447	-0.000000	32.765998	60.000000
9.797000	38.945693	31.581460	1.380702	-0.000000	32.962162	60.000000
9.702000	38.805654	31.791519	1.360700	-0.000000	33.152219	60.000000
9.602000	38.669868	31.995197	1.339506	-0.000000	33.334703	60.000000
9.499000	38.524606	32.213091	1.317536	-0.000000	33.530627	60.000000
9.399000	38.382638	32.426043	1.296060	-0.000000	33.722103	60.000000
9.296000	38.242173	32.636740	1.273795	-0.000000	33.910534	60.000000
9.198000	38.105672	32.841492	1.252472	-0.000000	34.093964	60.000000
9.105000	37.975336	33.036996	1.232110	-0.000000	34.269106	60.000000
9.002000	37.838655	33.242018	1.209425	-0.000000	34.451442	60.000000
8.899000	37.697531	33.453704	1.186599	-0.000000	34.640303	60.000000
8.799000	37.560968	33.658548	1.164296	-0.000000	34.822844	60.000000
8.698000	37.428716	33.856925	1.141633	-0.000000	34.998558	60.000000
8.601000	37.297611	34.053583	1.119739	-0.000000	35.173322	60.000000
8.499000	37.162248	34.256627	1.096582	-0.000000	35.353210	60.000000
8.399000	37.031803	34.452295	1.073744	-0.000000	35.526040	60.000000
8.301000	36.902736	34.645895	1.051236	-0.000000	35.697131	60.000000
8.202000	36.770008	34.844989	1.028369	-0.000000	35.873358	60.000000
8.100000	36.638733	35.041900	1.004675	-0.000000	36.046575	60.000000
8.000000	36.512366	35.231451	0.981313	-0.000000	36.212765	60.000000
7.901000	36.386657	35.420015	0.958061	-0.000000	36.378075	60.000000
7.799000	36.260111	35.609834	0.933975	-0.000000	36.543809	60.000000
7.702000	36.138552	35.792172	0.910947	-0.000000	36.703120	60.000000
7.605000	36.018423	35.972365	0.887802	-0.000000	36.860167	60.000000
7.503000	35.892000	36.162000	0.863341	-0.000000	37.025341	60.000000
7.404000	35.779314	36.331030	0.839474	-0.000000	37.170503	60.000000
7.301000	35.655951	36.516074	0.814526	-0.000000	37.330600	60.000000
7.201000	35.534025	36.698962	0.790182	-0.000000	37.489144	60.000000
7.100000	35.417204	36.874194	0.765472	-0.000000	37.639666	60.000000
6.999000	35.300083	37.049876	0.740643	-0.000000	37.790519	60.000000
6.901000	35.185831	37.221253	0.716437	-0.000000	37.937690	60.000000
6.801000	35.073921	37.389119	0.691623	-0.000000	38.080741	60.000000
6.702000	34.965022	37.552467	0.666946	-0.000000	38.219413	60.000000
6.599000	34.859781	37.710329	0.641160	-0.000000	38.351489	60.000000
6.499000	34.755438	37.866843	0.616020	-0.000000	38.482862	60.000000
6.400000	34.655112	38.017332	0.591028	-0.000000	38.608359	60.000000
6.302000	34.559946	38.160080	0.566190	-0.000000	38.726270	60.000000
6.201000	34.467420	38.298870	0.540495	-0.000000	38.839365	60.000000
6.099000	34.372382	38.441427	0.514452	-0.000000	38.955879	60.000000
5.999000	34.282131	38.576803	0.488825	-0.000000	39.065627	60.000000
5.901000	34.194956	38.707566	0.463621	-0.000000	39.171187	60.000000
5.801000	34.106926	38.839611	0.437816	-0.000000	39.277427	60.000000
5.700000	34.028266	38.957601	0.411664	-0.000000	39.369265	60.000000
5.606000	33.954887	39.067670	0.387251	-0.000000	39.454921	60.000000
5.503000	33.876523	39.185216	0.360424	-0.000000	39.545640	60.000000
5.400000	33.805719	39.291422	0.333517	-0.000000	39.624939	60.000000
5.300000	33.740499	39.389252	0.307323	-0.000000	39.696575	60.000000
5.199000	33.677017	39.484475	0.280800	-0.000000	39.765275	60.000000
5.099000	33.621270	39.568095	0.254478	-0.000000	39.822573	60.000000
5.002000	33.569302	39.646047	0.228890	-0.462776	39.412162	60.000000
4.904000	33.523950	39.714075	0.202988	-0.395946	39.521118	60.000000
4.802000	33.483563	39.774655	0.175983	-0.336968	39.613670	60.000000
4.703000	33.450203	39.824695	0.149731	-0.266780	39.707646	60.000000
4.600000	33.422725	39.865912	0.122385	-0.190814	39.797483	60.000000
4.500000	33.403644	39.894534	0.095808	-0.185401	39.804941	60.000000
4.400000	33.385104	39.922345	0.069211	-0.057039	39.934517	60.000000
4.301000	33.379457	39.930815	0.042862	-0.053069	39.920608	60.000000
4.222000	33.375264	39.937104	0.021832	0.007982	39.966918	60.000000
4.140000	33.375919	39.936122	0.000000	0.062494	39.998616	60.000000
4.040000	33.382168	39.926748	0.000000	0.080674	40.007422	60.000000
3.959000	33.388703	39.916946	0.000000	0.065769	39.982715	60.000000
3.855000	33.395543	39.906686	0.000000	0.049310	39.955996	60.000000
3.754000	33.400523	0.000000	0.000000	0.069863	0.069863	60.000000
3.651000	33.407719	0.000000	0.000000	0.057793	0.057793	60.000000
3.569000	33.412458	0.000000	0.000000	0.044850	0.044850	60.000000
3.403000	33.419903	0.000000	0.000000	0.083564	0.083564	60.000000
3.301000	33.428427	0.000000	0.000000	0.085070	0.085070	60.000000
3.198000	33.437189	0.000000	0.000000	0.071165	0.071165	60.000000
3.107000	33.443665	0.000000	0.000000	0.058206	0.058206	60.000000
3.009000	33.449369	0.000000	0.000000	0.097550	0.097550	60.000000
2.902000	33.459807	0.000000	0.000000	0.055885	0.055885	60.000000
2.799000	33.465563	0.000000	0.000000	0.092173	0.092173	60.000000
2.702000	33.474504	0.000000	0.000000	0.080776	0.080776	60.000000
2.601000	33.482662	0.000000	0.000000	0.082810	0.082810	60.000000
2.501000	33.490943	0.000000	0.000000	0.088209	0.088209	60.000000
2.401000	33.499764	0.000000	0.000000	0.083204	0.083204	60.000000
2.300000	33.508168	0.000000	0.000000	0.071207	0.071207	60.000000
2.199000	33.515359	0.000000	0.000000	0.087349	0.087349	60.000000
2.100000	33.524007	0.000000	0.000000	0.043978	0.043978	60.000000
1.999000	33.528449	0.000000	0.000000	0.090594	0.090594	60.000000
1.899000	33.537508	0.000000	0.000000	0.092707	0.092707	60.000000
1.798000	33.546872	0.000000	0.000000	0.051976	0.051976	60.000000
1.701000	33.551913	0.000000	0.000000	0.065374	0.065374	60.000000
1.602000	33.558385	0.000000	0.000000	0.131189	0.131189	60.000000
1.505000	33.571111	0.000000	0.000000	0.038120	0.038120	60.000000
1.406000	33.574885	0.000000	0.000000	0.121765	0.121765	60.000000
1.301000	33.587670	0.000000	0.000000	0.055167	0.055167	60.000000
1.202000	33.593131	0.000000	0.000000	0.062874	0.062874	60.000000
1.099000	33.599607	0.000000	0.000000	0.078584	0.078584	60.000000
0.999000	33.607466	0.000000	0.000000	0.063667	0.063667	60.000000
0.899000	33.613833	0.000000	0.000000	0.092495	0.092495	60.000000
0.803000	33.622712	0.000000	0.000000	0.094699	0.094699	60.000000
0.701000	33.632371	0.000000	0.000000	0.073107	0.073107	60.000000
0.600000	33.639755	0.000000	0.000000	0.049040	0.049040	60.000000
0.501000	33.644610	0.000000	0.000000	0.076657	0.076657	60.000000
0.400000	33.652353	0.000000	0.000000	0.076064	0.076064	60.000000
0.299000	33.660035	0.000000	0.000000	0.090010	0.090010	60.000000
0.203000	33.668676	0.000000	0.000000	0.104671	0.104671	60.000000
0.101000	33.679352	0.000000	0.000000	0.000000	0.000000	60.000000
