Zeit (s)	Istwert	P	I	D	Regelausgang	Sollwert
94.391000	34.608189	0.000000	0.000000	0.071019	0.071019	60.000000
94.293000	34.615148	0.000000	0.000000	0.092073	0.092073	60.000000
94.192000	34.624448	0.000000	0.000000	0.084676	0.084676	60.000000
94.092000	34.632915	0.000000	0.000000	0.071985	0.071985	60.000000
93.992000	34.640114	0.000000	0.000000	0.097354	0.097354	60.000000
93.894000	34.649655	0.000000	0.000000	0.093481	0.093481	60.000000
93.790000	34.659377	0.000000	0.000000	0.132108	0.132108	60.000000
93.691000	34.672455	0.000000	0.000000	0.051344	0.051344	60.000000
93.594000	34.677436	0.000000	0.000000	0.109428	0.109428	60.000000
93.492000	34.688597	0.000000	0.000000	0.102376	0.102376	60.000000
93.393000	34.698733	0.000000	0.000000	0.100246	0.100246	60.000000
93.293000	34.708757	0.000000	0.000000	0.064104	0.064104	60.000000
93.191000	34.715296	0.000000	0.000000	0.084107	0.084107	60.000000
93.094000	34.723454	0.000000	0.000000	0.169892	0.169892	60.000000
92.993000	34.740613	0.000000	0.000000	0.061822	0.061822	60.000000
92.892000	34.746857	0.000000	0.000000	0.099781	0.099781	60.000000
92.791000	34.756935	0.000000	0.000000	0.096286	0.096286	60.000000
92.695000	34.766179	0.000000	0.000000	0.071149	0.071149	60.000000
92.593000	34.773436	0.000000	0.000000	0.119976	0.119976	60.000000
92.491000	34.785673	0.000000	0.000000	0.129225	0.129225	60.000000
92.393000	34.798338	0.000000	0.000000	0.086440	0.086440	60.000000
92.291000	34.807154	0.000000	0.000000	0.059395	0.059395	60.000000
92.192000	34.813034	0.000000	0.000000	0.103306	0.103306	60.000000
92.095000	34.823055	0.000000	0.000000	0.113558	0.113558	60.000000
91.993000	34.834638	0.000000	0.000000	0.122911	0.122911	60.000000
91.889000	34.847421	0.000000	0.000000	0.097286	0.097286	60.000000
91.791000	34.856955	0.000000	0.000000	0.101095	0.101095	60.000000
91.693000	34.866862	0.000000	0.000000	0.076037	0.076037	60.000000
91.592000	34.874542	0.000000	0.000000	0.094084	0.094084	60.000000
91.495000	34.883668	0.000000	0.000000	0.034557	0.034557	60.000000
91.391000	34.887262	0.000000	0.000000	0.085182	0.085182	60.000000
91.291000	34.895780	0.000000	0.000000	0.054602	0.054602	60.000000
91.192000	34.901186	0.000000	0.000000	0.091181	0.091181	60.000000
91.092000	34.910304	0.000000	0.000000	0.109055	0.109055	60.000000
90.993000	34.921100	0.000000	0.000000	0.140386	0.140386	60.000000
90.890000	34.935560	0.000000	0.000000	0.077997	0.077997	60.000000
90.790000	34.943360	0.000000	0.000000	0.081480	0.081480	60.000000
90.692000	34.951345	0.000000	0.000000	0.099593	0.099593	60.000000
90.592000	34.961304	0.000000	0.000000	0.148214	0.148214	60.000000
90.494000	34.975829	0.000000	0.000000	0.064621	0.064621	60.000000
90.391000	34.982485	0.000000	0.000000	0.089584	0.089584	60.000000
90.302000	34.990458	0.000000	0.000000	0.115469	0.115469	60.000000
90.210000	35.001081	0.000000	0.000000	0.081396	0.081396	60.000000
90.092000	35.010686	0.000000	0.000000	0.109082	0.109082	60.000000
89.993000	35.021485	0.000000	0.000000	0.089422	0.089422	60.000000
89.893000	35.030427	0.000000	0.000000	0.105180	0.105180	60.000000
89.792000	35.041050	0.000000	0.000000	0.134531	0.134531	60.000000
89.693000	35.054369	0.000000	0.000000	0.014128	0.014128	60.000000
89.591000	35.055810	0.000000	0.000000	0.079020	0.079020	60.000000
89.490000	35.063791	0.000000	0.000000	0.116795	0.116795	60.000000
89.394000	35.075003	0.000000	0.000000	0.106019	0.106019	60.000000
89.296000	35.085393	0.000000	0.000000	0.078625	0.078625	60.000000
89.193000	35.093492	0.000000	0.000000	0.105747	0.105747	60.000000
89.092000	35.104172	0.000000	0.000000	0.104074	0.104074	60.000000
88.994000	35.114371	0.000000	0.000000	0.096218	0.096218	60.000000
88.893000	35.124089	0.000000	0.000000	0.097596	0.097596	60.000000
88.794000	35.133751	0.000000	0.000000	0.060620	0.060620	60.000000
88.697000	35.139631	0.000000	0.000000	0.080333	0.080333	60.000000
88.594000	35.147906	0.000000	0.000000	0.081813	0.081813	60.000000
88.492000	35.156251	0.000000	0.000000	0.118854	0.118854	60.000000
88.391000	35.168255	0.000000	0.000000	0.081014	0.081014	60.000000
88.294000	35.176113	0.000000	0.000000	0.081173	0.081173	60.000000
88.192000	35.184393	0.000000	0.000000	0.073094	0.073094	60.000000
88.091000	35.191775	0.000000	0.000000	0.092089	0.092089	60.000000
87.992000	35.200892	0.000000	0.000000	0.111040	0.111040	60.000000
87.891000	35.212107	0.000000	0.000000	0.097422	0.097422	60.000000
87.793000	35.221655	0.000000	0.000000	0.099374	0.099374	60.000000
87.694000	35.231493	0.000000	0.000000	0.077473	0.077473	60.000000
87.591000	35.239472	0.000000	0.000000	0.136839	0.136839	60.000000
87.491000	35.253156	0.000000	0.000000	0.094207	0.094207	60.000000
87.391000	35.262577	0.000000	0.000000	0.097327	0.097327	60.000000
87.293000	35.272115	0.000000	0.000000	0.133055	0.133055	60.000000
87.192000	35.285554	0.000000	0.000000	0.064935	0.064935	60.000000
87.095000	35.291852	0.000000	0.000000	0.086181	0.086181	60.000000
87.001000	35.299953	0.000000	0.000000	0.066481	0.066481	60.000000
86.908000	35.306136	0.000000	0.000000	0.077331	0.077331	60.000000
86.811000	35.313637	0.000000	0.000000	0.109914	0.109914	60.000000
86.716000	35.324079	0.000000	0.000000	0.077671	0.077671	60.000000
86.618000	35.331691	0.000000	0.000000	0.075971	0.075971	60.000000
86.520000	35.339136	0.000000	0.000000	0.117469	0.117469	60.000000
86.428000	35.349943	0.000000	0.000000	0.085552	0.085552	60.000000
86.332000	35.358156	0.000000	0.000000	0.102719	0.102719	60.000000
86.242000	35.367401	0.000000	0.000000	0.099111	0.099111	60.000000
86.156000	35.375924	0.000000	0.000000	0.114324	0.114324	60.000000
86.060000	35.386899	0.000000	0.000000	0.094648	0.094648	60.000000
85.963000	35.396080	0.000000	0.000000	0.102520	0.102520	60.000000
85.867000	35.405922	0.000000	0.000000	0.081646	0.081646	60.000000
85.770000	35.413842	0.000000	0.000000	0.117465	0.117465	60.000000
85.676000	35.424884	0.000000	0.000000	0.122764	0.122764	60.000000
85.589000	35.435564	0.000000	0.000000	0.088706	0.088706	60.000000
85.497000	35.443725	0.000000	0.000000	0.119987	0.119987	60.000000
85.383000	35.457404	0.000000	0.000000	0.088822	0.088822	60.000000
85.283000	35.466286	0.000000	0.000000	0.096728	0.096728	60.000000
85.185000	35.475765	0.000000	0.000000	0.069443	0.069443	60.000000
85.077000	35.483265	0.000000	0.000000	0.135268	0.135268	60.000000
84.971000	35.497603	0.000000	0.000000	0.073921	0.073921	60.000000
84.876000	35.504626	0.000000	0.000000	0.104953	0.104953	60.000000
84.772000	35.515541	0.000000	0.000000	0.090063	0.090063	60.000000
84.674000	35.524367	0.000000	0.000000	0.091095	0.091095	60.000000
84.483000	35.541766	0.000000	0.000000	0.097998	0.097998	60.000000
84.374000	35.552448	0.000000	0.000000	0.092334	0.092334	60.000000
84.272000	35.561866	0.000000	0.000000	0.074282	0.074282	60.000000
84.171000	35.569369	0.000000	0.000000	0.088976	0.088976	60.000000
84.053000	35.579868	0.000000	0.000000	0.092074	0.092074	60.000000
83.952000	35.589167	0.000000	0.000000	0.056905	0.056905	60.000000
83.856000	35.594630	0.000000	0.000000	0.059469	0.059469	60.000000
83.730000	35.602123	0.000000	0.000000	0.051299	0.051299	60.000000
83.620000	35.607766	0.000000	0.000000	0.056425	0.056425	60.000000
83.504000	35.614311	0.000000	0.000000	0.083138	0.083138	60.000000
83.403000	35.622708	0.000000	0.000000	0.092341	0.092341	60.000000
83.288000	35.633327	0.000000	0.000000	0.087595	0.087595	60.000000
83.188000	35.642087	0.000000	0.000000	0.082158	0.082158	60.000000
83.093000	35.649892	0.000000	0.000000	0.062467	0.062467	60.000000
82.972000	35.657451	0.000000	0.000000	0.091224	0.091224	60.000000
82.847000	35.668854	0.000000	0.000000	0.133456	0.133456	60.000000
82.740000	35.683133	0.000000	0.000000	0.162783	0.162783	60.000000
82.642000	35.699086	0.000000	0.000000	0.140575	0.140575	60.000000
82.525000	35.715533	0.000000	0.000000	0.169580	0.169580	60.000000
82.416000	35.734018	0.000000	0.000000	0.142452	0.142452	60.000000
82.301000	35.750399	0.000000	0.000000	0.042897	0.042897	60.000000
82.206000	35.754475	0.000000	0.000000	0.056835	0.056835	60.000000
82.091000	35.761011	0.000000	0.000000	0.073473	0.073473	60.000000
81.953000	35.771150	0.000000	0.000000	0.092353	0.092353	60.000000
81.849000	35.780755	0.000000	0.000000	0.106042	0.106042	60.000000
81.703000	35.796237	0.000000	0.000000	0.090017	0.090017	60.000000
81.589000	35.806499	0.000000	0.000000	0.093339	0.093339	60.000000
81.481000	35.816579	0.000000	0.000000	0.122855	0.122855	60.000000
81.375000	35.829602	0.000000	0.000000	0.064984	0.064984	60.000000
81.256000	35.837335	0.000000	0.000000	0.075489	0.075489	60.000000
81.151000	35.845261	0.000000	0.000000	0.160551	0.160551	60.000000
81.046000	35.862119	0.000000	0.000000	0.180664	0.180664	60.000000
80.949000	35.879644	0.000000	0.000000	0.209163	0.209163	60.000000
80.772000	35.916665	0.000000	0.000000	0.142569	0.142569	60.000000
80.674000	35.930637	0.000000	0.000000	0.096524	0.096524	60.000000
80.554000	35.942220	0.000000	0.000000	0.147605	0.147605	60.000000
80.430000	35.960523	0.000000	0.000000	0.108139	0.108139	60.000000
80.339000	35.970364	0.000000	0.000000	0.085112	0.085112	60.000000
80.241000	35.978705	0.000000	0.000000	0.057207	0.057207	60.000000
80.113000	35.986027	0.000000	0.000000	0.118876	0.118876	60.000000
79.999000	35.999579	0.000000	0.000000	0.130152	0.130152	60.000000
79.898000	36.012724	0.000000	0.000000	0.131490	0.131490	60.000000
79.804000	36.025084	0.000000	0.000000	0.069645	0.069645	60.000000
79.673000	36.034208	0.000000	0.000000	-0.014822	-0.014822	60.000000
79.572000	36.032711	0.000000	0.000000	0.003680	0.003680	60.000000
79.476000	36.033064	0.000000	0.000000	0.205920	0.205920	60.000000
79.351000	36.058804	0.000000	0.000000	0.100340	0.100340	60.000000
79.244000	36.069541	0.000000	0.000000	0.104913	0.104913	60.000000
79.137000	36.080766	0.000000	0.000000	0.124396	0.124396	60.000000
79.042000	36.092584	0.000000	0.000000	0.119189	0.119189	60.000000
78.908000	36.108555	0.000000	0.000000	0.105181	0.105181	60.000000
78.806000	36.119284	0.000000	0.000000	0.137196	0.137196	60.000000
78.708000	36.132729	0.000000	0.000000	0.186728	0.186728	60.000000
78.601000	36.152709	0.000000	0.000000	0.115731	0.115731	60.000000
78.503000	36.164051	0.000000	0.000000	0.093675	0.093675	60.000000
78.396000	36.174074	0.000000	0.000000	0.053829	0.053829	60.000000
78.288000	36.179887	0.000000	0.000000	0.068027	0.068027	60.000000
78.190000	36.186554	0.000000	0.000000	0.119990	0.119990	60.000000
78.097000	36.197713	0.000000	0.000000	0.086580	0.086580	60.000000
78.000000	36.206111	0.000000	0.000000	0.143395	0.143395	60.000000
77.905000	36.219734	0.000000	0.000000	0.112453	0.112453	60.000000
77.706000	36.242112	0.000000	0.000000	0.125846	0.125846	60.000000
77.602000	36.255200	0.000000	0.000000	0.128401	0.128401	60.000000
77.496000	36.268810	0.000000	0.000000	0.107428	0.107428	60.000000
77.382000	36.281057	0.000000	0.000000	0.094279	0.094279	60.000000
77.277000	36.290957	0.000000	0.000000	0.066042	0.066042	60.000000
77.168000	36.298155	0.000000	0.000000	0.060573	0.060573	60.000000
77.061000	36.304636	0.000000	0.000000	0.083383	0.083383	60.000000
76.961000	36.312975	0.000000	0.000000	0.088558	0.088558	60.000000
76.843000	36.323425	0.000000	0.000000	0.146415	0.146415	60.000000
76.741000	36.338359	0.000000	0.000000	0.115652	0.115652	60.000000
76.630000	36.351196	0.000000	0.000000	0.086161	0.086161	60.000000
76.529000	36.359898	0.000000	0.000000	0.082717	0.082717	60.000000
76.410000	36.369742	0.000000	0.000000	0.095140	0.095140	60.000000
76.299000	36.380302	0.000000	0.000000	0.139086	0.139086	60.000000
76.192000	36.395184	0.000000	0.000000	0.118809	0.118809	60.000000
76.088000	36.407541	0.000000	0.000000	0.131099	0.131099	60.000000
75.969000	36.423141	0.000000	0.000000	0.085098	0.085098	60.000000
75.859000	36.432502	0.000000	0.000000	0.118778	0.118778	60.000000
75.761000	36.444142	0.000000	0.000000	0.103538	0.103538	60.000000
75.637000	36.456981	0.000000	0.000000	0.122386	0.122386	60.000000
75.512000	36.472279	0.000000	0.000000	0.158922	0.158922	60.000000
75.401000	36.489920	0.000000	0.000000	0.131003	0.131003	60.000000
75.302000	36.502889	0.000000	0.000000	0.103602	0.103602	60.000000
75.203000	36.513146	0.000000	0.000000	0.129627	0.129627	60.000000
75.103000	36.526108	0.000000	0.000000	0.065181	0.065181	60.000000
74.988000	36.533604	0.000000	0.000000	0.099307	0.099307	60.000000
74.875000	36.544826	0.000000	0.000000	0.094309	0.094309	60.000000
74.749000	36.556709	0.000000	0.000000	0.057031	0.057031	60.000000
74.648000	36.562469	0.000000	0.000000	0.103589	0.103589	60.000000
74.542000	36.573449	0.000000	0.000000	0.122792	0.122792	60.000000
74.436000	36.586465	0.000000	0.000000	0.125204	0.125204	60.000000
74.320000	36.600989	0.000000	0.000000	0.118380	0.118380	60.000000
74.208000	36.614248	0.000000	0.000000	0.117006	0.117006	60.000000
74.107000	36.626065	0.000000	0.000000	0.145109	0.145109	60.000000
73.997000	36.642027	0.000000	0.000000	0.155457	0.155457	60.000000
73.877000	36.660682	0.000000	0.000000	0.137033	0.137033	60.000000
73.774000	36.674796	0.000000	0.000000	0.163887	0.163887	60.000000
73.673000	36.691349	0.000000	0.000000	0.122197	0.122197	60.000000
73.565000	36.704546	0.000000	0.000000	0.118869	0.118869	60.000000
73.465000	36.716433	0.000000	0.000000	0.106947	0.106947	60.000000
73.368000	36.726807	0.000000	0.000000	0.108305	0.108305	60.000000
73.266000	36.737854	0.000000	0.000000	0.081983	0.081983	60.000000
73.146000	36.747692	0.000000	0.000000	0.098335	0.098335	60.000000
73.052000	36.756936	0.000000	0.000000	0.089927	0.089927	60.000000
72.954000	36.765748	0.000000	0.000000	0.102756	0.102756	60.000000
72.857000	36.775716	0.000000	0.000000	0.118851	0.118851	60.000000
72.755000	36.787839	0.000000	0.000000	0.102729	0.102729	60.000000
72.595000	36.804275	0.000000	0.000000	0.135251	0.135251	60.000000
72.473000	36.820776	0.000000	0.000000	0.113264	0.113264	60.000000
72.357000	36.833914	0.000000	0.000000	0.151395	0.151395	60.000000
72.250000	36.850114	0.000000	0.000000	0.101952	0.101952	60.000000
72.154000	36.859901	0.000000	0.000000	0.110071	0.110071	60.000000
72.033000	36.873220	0.000000	0.000000	0.105790	0.105790	60.000000
71.927000	36.884433	0.000000	0.000000	0.068430	0.068430	60.000000
71.834000	36.890797	0.000000	0.000000	0.092541	0.092541	60.000000
71.703000	36.902920	0.000000	0.000000	0.119989	0.119989	60.000000
71.601000	36.915159	0.000000	0.000000	0.102107	0.102107	60.000000
71.487000	36.926799	0.000000	0.000000	0.080466	0.080466	60.000000
71.393000	36.934363	0.000000	0.000000	0.131414	0.131414	60.000000
71.288000	36.948162	0.000000	0.000000	0.108815	0.108815	60.000000
71.186000	36.959261	0.000000	0.000000	0.126923	0.126923	60.000000
71.082000	36.972461	0.000000	0.000000	0.055886	0.055886	60.000000
70.965000	36.978999	0.000000	0.000000	0.080338	0.080338	60.000000
70.856000	36.987756	0.000000	0.000000	0.103270	0.103270	60.000000
70.745000	36.999219	0.000000	0.000000	0.111245	0.111245	60.000000
70.643000	37.010566	0.000000	0.000000	0.103979	0.103979	60.000000
70.549000	37.020340	0.000000	0.000000	0.141914	0.141914	60.000000
70.431000	37.037086	0.000000	0.000000	0.094217	0.094217	60.000000
70.338000	37.045848	0.000000	0.000000	0.156096	0.156096	60.000000
70.245000	37.060365	0.000000	0.000000	0.090522	0.090522	60.000000
70.129000	37.070866	0.000000	0.000000	0.120553	0.120553	60.000000
70.009000	37.085332	0.000000	0.000000	0.140108	0.140108	60.000000
69.902000	37.100324	0.000000	0.000000	0.205351	0.205351	60.000000
69.812000	37.118805	0.000000	0.000000	0.041927	0.041927	60.000000
69.593000	37.127987	0.000000	0.000000	0.103832	0.103832	60.000000
69.493000	37.138371	0.000000	0.000000	0.134373	0.134373	60.000000
69.393000	37.151808	0.000000	0.000000	0.161233	0.161233	60.000000
69.294000	37.167770	0.000000	0.000000	0.135012	0.135012	60.000000
69.194000	37.181271	0.000000	0.000000	0.083486	0.083486	60.000000
69.092000	37.189787	0.000000	0.000000	0.118252	0.118252	60.000000
68.993000	37.201494	0.000000	0.000000	0.117616	0.117616	60.000000
68.893000	37.213255	0.000000	0.000000	0.183014	0.183014	60.000000
68.796000	37.231008	0.000000	0.000000	0.118854	0.118854	60.000000
68.695000	37.243012	0.000000	0.000000	0.127585	0.127585	60.000000
68.592000	37.256153	0.000000	0.000000	0.086219	0.086219	60.000000
68.496000	37.264430	0.000000	0.000000	0.145640	0.145640	60.000000
68.393000	37.279431	0.000000	0.000000	0.097004	0.097004	60.000000
68.294000	37.289034	0.000000	0.000000	0.058188	0.058188	60.000000
68.194000	37.294853	0.000000	0.000000	0.059416	0.059416	60.000000
68.096000	37.300676	0.000000	0.000000	0.076282	0.076282	60.000000
67.993000	37.308533	0.000000	0.000000	0.140685	0.140685	60.000000
67.894000	37.322461	0.000000	0.000000	0.118136	0.118136	60.000000
67.794000	37.334274	0.000000	0.000000	0.092126	0.092126	60.000000
67.693000	37.343579	0.000000	0.000000	0.119908	0.119908	60.000000
67.593000	37.355570	0.000000	0.000000	0.206407	0.206407	60.000000
67.495000	37.375798	0.000000	0.000000	0.142925	0.142925	60.000000
67.393000	37.390376	0.000000	0.000000	0.145807	0.145807	60.000000
67.295000	37.404665	0.000000	0.000000	0.145717	0.145717	60.000000
67.195000	37.419237	0.000000	0.000000	0.134890	0.134890	60.000000
67.094000	37.432861	0.000000	0.000000	0.138571	0.138571	60.000000
66.994000	37.446718	0.000000	0.000000	0.164061	0.164061	60.000000
66.896000	37.462796	0.000000	0.000000	0.143753	0.143753	60.000000
66.792000	37.477746	0.000000	0.000000	0.106948	0.106948	60.000000
66.691000	37.488548	0.000000	0.000000	0.076474	0.076474	60.000000
66.593000	37.496043	0.000000	0.000000	0.131828	0.131828	60.000000
66.492000	37.509357	0.000000	0.000000	0.070410	0.070410	60.000000
66.393000	37.516328	0.000000	0.000000	0.152709	0.152709	60.000000
66.294000	37.531446	0.000000	0.000000	0.144921	0.144921	60.000000
66.193000	37.546083	0.000000	0.000000	0.108730	0.108730	60.000000
66.092000	37.557065	0.000000	0.000000	0.123638	0.123638	60.000000
65.993000	37.569305	0.000000	0.000000	0.169505	0.169505	60.000000
65.896000	37.585747	0.000000	0.000000	0.142059	0.142059	60.000000
65.790000	37.600805	0.000000	0.000000	0.068585	0.068585	60.000000
65.692000	37.607526	0.000000	0.000000	0.095765	0.095765	60.000000
65.593000	37.617007	0.000000	0.000000	0.136839	0.136839	60.000000
65.493000	37.630691	0.000000	0.000000	0.107803	0.107803	60.000000
65.394000	37.641363	0.000000	0.000000	0.137569	0.137569	60.000000
65.298000	37.654570	0.000000	0.000000	0.147169	0.147169	60.000000
65.203000	37.668551	0.000000	0.000000	0.125442	0.125442	60.000000
65.094000	37.682224	0.000000	0.000000	0.122417	0.122417	60.000000
64.993000	37.694589	0.000000	0.000000	0.136557	0.136557	60.000000
64.895000	37.707971	0.000000	0.000000	0.206806	0.206806	60.000000
64.792000	37.729272	0.000000	0.000000	0.080853	0.080853	60.000000
64.697000	37.736953	0.000000	0.000000	0.082106	0.082106	60.000000
64.594000	37.745410	0.000000	0.000000	0.158000	0.158000	60.000000
64.493000	37.761368	0.000000	0.000000	0.167190	0.167190	60.000000
64.395000	37.777753	0.000000	0.000000	0.154113	0.154113	60.000000
64.293000	37.793472	0.000000	0.000000	0.076211	0.076211	60.000000
64.193000	37.801093	0.000000	0.000000	0.155294	0.155294	60.000000
64.096000	37.816157	0.000000	0.000000	0.101155	0.101155	60.000000
63.994000	37.826475	0.000000	0.000000	0.131920	0.131920	60.000000
63.893000	37.839799	0.000000	0.000000	0.118829	0.118829	60.000000
63.793000	37.851682	0.000000	0.000000	0.138897	0.138897	60.000000
63.695000	37.865293	0.000000	0.000000	0.172369	0.172369	60.000000
63.593000	37.882875	0.000000	0.000000	0.138597	0.138597	60.000000
63.496000	37.896319	0.000000	0.000000	0.169480	0.169480	60.000000
63.393000	37.913776	0.000000	0.000000	0.177087	0.177087	60.000000
63.291000	37.931839	0.000000	0.000000	0.181835	0.181835	60.000000
63.192000	37.949840	0.000000	0.000000	0.139198	0.139198	60.000000
63.092000	37.963760	0.000000	0.000000	0.170432	0.170432	60.000000
62.992000	37.980803	0.000000	0.000000	0.135293	0.135293	60.000000
62.890000	37.994603	0.000000	0.000000	0.118139	0.118139	60.000000
62.792000	38.006181	0.000000	0.000000	0.141170	0.141170	60.000000
62.693000	38.020156	0.000000	0.000000	0.108557	0.108557	60.000000
62.594000	38.030904	0.000000	0.000000	0.171591	0.171591	60.000000
62.494000	38.048063	0.000000	0.000000	0.128692	0.128692	60.000000
62.390000	38.061447	0.000000	0.000000	0.136516	0.136516	60.000000
62.292000	38.074825	0.000000	0.000000	0.127800	0.127800	60.000000
62.192000	38.087605	0.000000	0.000000	0.139388	0.139388	60.000000
62.096000	38.100986	0.000000	0.000000	0.105179	0.105179	60.000000
61.995000	38.111610	0.000000	0.000000	0.130112	0.130112	60.000000
61.894000	38.124751	0.000000	0.000000	0.069142	0.069142	60.000000
61.796000	38.131527	0.000000	0.000000	0.110605	0.110605	60.000000
61.694000	38.142809	0.000000	0.000000	0.141427	0.141427	60.000000
61.596000	38.156668	0.000000	0.000000	0.107651	0.107651	60.000000
61.494000	38.167649	0.000000	0.000000	0.138786	0.138786	60.000000
61.395000	38.181389	0.000000	0.000000	0.161667	0.161667	60.000000
61.297000	38.197232	0.000000	0.000000	0.135137	0.135137	60.000000
61.198000	38.210611	0.000000	0.000000	0.111431	0.111431	60.000000
61.093000	38.222311	0.000000	0.000000	0.144805	0.144805	60.000000
60.994000	38.236647	0.000000	0.000000	0.172207	0.172207	60.000000
60.895000	38.253695	0.000000	0.000000	0.139312	0.139312	60.000000
60.796000	38.267487	0.000000	0.000000	0.086882	0.086882	60.000000
60.693000	38.276436	0.000000	0.000000	0.098730	0.098730	60.000000
60.597000	38.285914	0.000000	0.000000	0.089379	0.089379	60.000000
60.493000	38.295209	0.000000	0.000000	0.088762	0.088762	60.000000
60.399000	38.303553	0.000000	0.000000	0.163996	0.163996	60.000000
60.309000	38.318313	0.000000	0.000000	0.083450	0.083450	60.000000
60.214000	38.326240	0.000000	0.000000	0.112873	0.112873	60.000000
60.095000	38.339672	0.000000	0.000000	0.152524	0.152524	60.000000
59.999000	38.354314	0.000000	0.000000	0.111362	0.111362	60.000000
59.895000	38.365896	0.000000	0.000000	0.108678	0.108678	60.000000
59.794000	38.376873	0.000000	0.000000	0.070226	0.070226	60.000000
59.694000	38.383895	0.000000	0.000000	0.124298	0.124298	60.000000
59.595000	38.396201	0.000000	0.000000	0.223333	0.223333	60.000000
59.494000	38.418757	0.000000	0.000000	0.181269	0.181269	60.000000
59.397000	38.436340	0.000000	0.000000	0.168465	0.168465	60.000000
59.293000	38.453861	0.000000	0.000000	0.169232	0.169232	60.000000
59.193000	38.470784	0.000000	0.000000	0.141597	0.141597	60.000000
59.093000	38.484944	0.000000	0.000000	0.145603	0.145603	60.000000
58.995000	38.499213	0.000000	0.000000	0.114762	0.114762	60.000000
58.894000	38.510804	0.000000	0.000000	0.117045	0.117045	60.000000
58.793000	38.522625	0.000000	0.000000	0.111031	0.111031	60.000000
58.693000	38.533728	0.000000	0.000000	0.102645	0.102645	60.000000
58.596000	38.543685	0.000000	0.000000	0.140598	0.140598	60.000000
58.494000	38.558026	0.000000	0.000000	0.176970	0.176970	60.000000
58.396000	38.575369	0.000000	0.000000	0.136075	0.136075	60.000000
58.292000	38.589521	0.000000	0.000000	0.167952	0.167952	60.000000
58.193000	38.606148	0.000000	0.000000	0.134491	0.134491	60.000000
58.094000	38.619463	0.000000	0.000000	0.100792	0.100792	60.000000
57.994000	38.629542	0.000000	0.000000	0.052635	0.052635	60.000000
57.897000	38.634648	0.000000	0.000000	0.155301	0.155301	60.000000
57.795000	38.650488	0.000000	0.000000	0.117486	0.117486	60.000000
57.697000	38.662002	0.000000	0.000000	0.171952	0.171952	60.000000
57.594000	38.679713	0.000000	0.000000	0.131066	0.131066	60.000000
57.497000	38.692426	0.000000	0.000000	0.141749	0.141749	60.000000
57.392000	38.707310	0.000000	0.000000	0.144846	0.144846	60.000000
57.293000	38.721650	0.000000	0.000000	0.129870	0.129870	60.000000
57.196000	38.734247	0.000000	0.000000	0.173869	0.173869	60.000000
57.098000	38.751286	0.000000	0.000000	0.106036	0.106036	60.000000
56.995000	38.762208	0.000000	0.000000	0.130653	0.130653	60.000000
56.893000	38.775535	0.000000	0.000000	0.123588	0.123588	60.000000
56.793000	38.787894	0.000000	0.000000	0.104827	0.104827	60.000000
56.694000	38.798271	0.000000	0.000000	0.120635	0.120635	60.000000
56.597000	38.809973	0.000000	0.000000	0.130200	0.130200	60.000000
56.497000	38.822993	0.000000	0.000000	0.142134	0.142134	60.000000
56.391000	38.838059	0.000000	0.000000	0.118725	0.118725	60.000000
56.294000	38.849576	0.000000	0.000000	0.145555	0.145555	60.000000
56.193000	38.864277	0.000000	0.000000	0.167163	0.167163	60.000000
56.095000	38.880658	0.000000	0.000000	0.167252	0.167252	60.000000
55.996000	38.897216	0.000000	0.000000	0.094984	0.094984	60.000000
55.893000	38.907000	0.000000	0.000000	0.120581	0.120581	60.000000
55.794000	38.918937	0.000000	0.000000	0.153817	0.153817	60.000000
55.693000	38.934473	0.000000	0.000000	0.174564	0.174564	60.000000
55.594000	38.951755	0.000000	0.000000	0.188655	0.188655	60.000000
55.496000	38.970243	0.000000	0.000000	0.219994	0.219994	60.000000
55.394000	38.992682	0.000000	0.000000	0.149669	0.149669	60.000000
55.303000	39.006302	0.000000	0.000000	0.157217	0.157217	60.000000
55.208000	39.021238	0.000000	0.000000	0.137270	0.137270	60.000000
55.093000	39.037024	0.000000	0.000000	0.119962	0.119962	60.000000
54.995000	39.048780	0.000000	0.000000	0.131274	0.131274	60.000000
54.894000	39.062039	0.000000	0.000000	0.142611	0.142611	60.000000
54.793000	39.076442	0.000000	0.000000	0.090325	0.090325	60.000000
54.694000	39.085384	0.000000	0.000000	0.103278	0.103278	60.000000
54.597000	39.095402	0.000000	0.000000	0.158040	0.158040	60.000000
54.496000	39.111364	0.000000	0.000000	0.104884	0.104884	60.000000
54.393000	39.122168	0.000000	0.000000	0.091828	0.091828	60.000000
54.297000	39.130983	0.000000	0.000000	0.103561	0.103561	60.000000
54.195000	39.141546	0.000000	0.000000	0.109818	0.109818	60.000000
54.095000	39.152528	0.000000	0.000000	0.167063	0.167063	60.000000
53.993000	39.169569	0.000000	0.000000	0.096384	0.096384	60.000000
53.894000	39.179111	0.000000	0.000000	0.110294	0.110294	60.000000
53.795000	39.190030	0.000000	0.000000	0.228987	0.228987	60.000000
53.697000	39.212470	0.000000	0.000000	0.150274	0.150274	60.000000
53.594000	39.227949	0.000000	0.000000	0.167458	0.167458	60.000000
53.494000	39.244694	0.000000	0.000000	0.132188	0.132188	60.000000
53.401000	39.256988	0.000000	0.000000	0.133833	0.133833	60.000000
53.310000	39.269167	0.000000	0.000000	0.125902	0.125902	60.000000
53.218000	39.280750	0.000000	0.000000	0.112007	0.112007	60.000000
53.128000	39.290830	0.000000	0.000000	0.143955	0.143955	60.000000
53.040000	39.303498	0.000000	0.000000	0.209305	0.209305	60.000000
52.948000	39.322754	0.000000	0.000000	0.147210	0.147210	60.000000
52.862000	39.335414	0.000000	0.000000	0.162410	0.162410	60.000000
52.695000	39.362537	0.000000	0.000000	0.144530	0.144530	60.000000
52.595000	39.376990	0.000000	0.000000	0.081676	0.081676	60.000000
52.495000	39.385158	0.000000	0.000000	0.049190	0.049190	60.000000
52.395000	39.390077	0.000000	0.000000	0.122325	0.122325	60.000000
52.294000	39.402431	0.000000	0.000000	0.086489	0.086489	60.000000
52.194000	39.411080	0.000000	0.000000	0.108490	0.108490	60.000000
52.095000	39.421821	0.000000	0.000000	0.132803	0.132803	60.000000
51.997000	39.434835	0.000000	0.000000	0.133567	0.133567	60.000000
51.895000	39.448459	0.000000	0.000000	0.166246	0.166246	60.000000
51.795000	39.465084	0.000000	0.000000	0.171493	0.171493	60.000000
51.696000	39.482062	0.000000	0.000000	0.184708	0.184708	60.000000
51.594000	39.500902	0.000000	0.000000	0.148524	0.148524	60.000000
51.493000	39.515903	0.000000	0.000000	0.108664	0.108664	60.000000
51.392000	39.526878	0.000000	0.000000	0.171534	0.171534	60.000000
51.293000	39.543860	0.000000	0.000000	0.200295	0.200295	60.000000
51.198000	39.562888	0.000000	0.000000	0.179964	0.179964	60.000000
51.094000	39.581604	0.000000	0.000000	0.166988	0.166988	60.000000
50.993000	39.598470	0.000000	0.000000	0.196280	0.196280	60.000000
50.897000	39.617313	0.000000	0.000000	0.172099	0.172099	60.000000
50.798000	39.634350	0.000000	0.000000	0.165403	0.165403	60.000000
50.695000	39.651387	0.000000	0.000000	0.187349	0.187349	60.000000
50.597000	39.669747	0.000000	0.000000	0.130371	0.130371	60.000000
50.493000	39.683306	0.000000	0.000000	0.135716	0.135716	60.000000
50.394000	39.696742	0.000000	0.000000	0.211580	0.211580	60.000000
50.295000	39.717688	0.000000	0.000000	0.221669	0.221669	60.000000
50.197000	39.739412	0.000000	0.000000	0.177079	0.177079	60.000000
50.093000	39.757828	0.000000	0.000000	0.239431	0.239431	60.000000
49.993000	39.781771	0.000000	0.000000	0.121831	0.121831	60.000000
49.896000	39.793588	0.000000	0.000000	0.226595	0.226595	60.000000
49.793000	39.816928	0.000000	0.000000	0.147589	0.147589	60.000000
49.695000	39.831391	0.000000	0.000000	0.130909	0.130909	60.000000
49.596000	39.844351	0.000000	0.000000	0.156929	0.156929	60.000000
49.492000	39.860672	0.000000	0.000000	0.314863	0.314863	60.000000
49.395000	39.891214	0.000000	0.000000	0.222452	0.222452	60.000000
49.293000	39.913904	0.000000	0.000000	0.236817	0.236817	60.000000
49.196000	39.936875	0.000000	0.000000	0.067585	0.067585	60.000000
49.093000	39.943836	0.000000	0.000000	0.100255	0.100255	60.000000
48.996000	39.953561	0.000000	0.000000	0.065414	0.065414	60.000000
48.897000	39.960037	0.000000	0.000000	0.102197	0.102197	60.000000
48.796000	39.970359	0.000000	0.000000	0.112888	0.112888	60.000000
48.695000	39.981761	0.000000	0.000000	0.144327	0.144327	60.000000
48.594000	39.996338	0.000000	0.000000	0.097675	0.097675	60.000000
48.493000	40.006203	0.000000	0.000000	0.150395	0.150395	60.000000
48.395000	40.020941	0.000000	0.000000	0.180005	0.180005	60.000000
48.297000	40.038582	0.000000	0.000000	0.235576	0.235576	60.000000
48.191000	40.063553	0.000000	0.000000	0.207049	0.207049	60.000000
48.093000	40.083844	0.000000	0.000000	0.236429	0.236429	60.000000
47.994000	40.107250	0.000000	0.000000	0.184241	0.184241	60.000000
47.894000	40.125674	0.000000	0.000000	0.238973	0.238973	60.000000
47.794000	40.149572	0.000000	0.000000	0.172139	0.172139	60.000000
47.694000	40.166785	0.000000	0.000000	0.148999	0.148999	60.000000
47.593000	40.181834	0.000000	0.000000	0.175624	0.175624	60.000000
47.495000	40.199046	0.000000	0.000000	0.191883	0.191883	60.000000
47.394000	40.218426	0.000000	0.000000	0.205081	0.205081	60.000000
47.298000	40.238113	0.000000	0.000000	0.065788	0.065788	60.000000
47.192000	40.245087	0.000000	0.000000	0.128939	0.128939	60.000000
47.093000	40.257852	0.000000	0.000000	0.143736	0.143736	60.000000
46.995000	40.271938	0.000000	0.000000	0.115026	0.115026	60.000000
46.893000	40.283671	0.000000	0.000000	0.101793	0.101793	60.000000
46.796000	40.293545	0.000000	0.000000	0.164383	0.164383	60.000000
46.696000	40.309983	0.000000	0.000000	0.123841	0.123841	60.000000
46.593000	40.322739	0.000000	0.000000	0.132913	0.132913	60.000000
46.497000	40.335498	0.000000	0.000000	0.018262	0.018262	60.000000
46.395000	40.337361	0.000000	0.000000	0.055488	0.055488	60.000000
46.292000	40.343076	0.000000	0.000000	0.141730	0.141730	60.000000
46.196000	40.356682	0.000000	0.000000	0.127230	0.127230	60.000000
46.100000	40.368896	0.000000	0.000000	0.123818	0.123818	60.000000
45.994000	40.382021	0.000000	0.000000	0.136733	0.136733	60.000000
45.895000	40.395558	0.000000	0.000000	0.196663	0.196663	60.000000
45.794000	40.415421	0.000000	0.000000	0.202442	0.202442	60.000000
45.692000	40.436070	0.000000	0.000000	0.223547	0.223547	60.000000
45.594000	40.457977	0.000000	0.000000	0.243840	0.243840	60.000000
45.497000	40.481630	0.000000	0.000000	0.230812	0.230812	60.000000
45.395000	40.505173	0.000000	0.000000	0.234209	0.234209	60.000000
45.293000	40.529062	0.000000	0.000000	0.195374	0.195374	60.000000
45.199000	40.547427	0.000000	0.000000	0.200582	0.200582	60.000000
45.094000	40.568488	0.000000	0.000000	0.131180	0.131180	60.000000
44.994000	40.581606	0.000000	0.000000	0.148612	0.148612	60.000000
44.898000	40.595873	0.000000	0.000000	0.128475	0.128475	60.000000
44.794000	40.609234	0.000000	0.000000	0.135853	0.135853	60.000000
44.693000	40.622955	0.000000	0.000000	0.153806	0.153806	60.000000
44.594000	40.638182	0.000000	0.000000	0.179974	0.179974	60.000000
44.494000	40.656180	0.000000	0.000000	0.159701	0.159701	60.000000
44.396000	40.671830	0.000000	0.000000	0.174632	0.174632	60.000000
44.295000	40.689468	0.000000	0.000000	0.211265	0.211265	60.000000
44.197000	40.710172	0.000000	0.000000	0.166084	0.166084	60.000000
44.093000	40.727445	0.000000	0.000000	0.154675	0.154675	60.000000
43.993000	40.742912	0.000000	0.000000	0.140875	0.140875	60.000000
43.896000	40.756577	0.000000	0.000000	0.145385	0.145385	60.000000
43.795000	40.771261	0.000000	0.000000	0.197569	0.197569	60.000000
43.696000	40.790820	0.000000	0.000000	0.220026	0.220026	60.000000
43.600000	40.811943	0.000000	0.000000	0.179504	0.179504	60.000000
43.495000	40.830791	0.000000	0.000000	0.180537	0.180537	60.000000
43.396000	40.848664	0.000000	0.000000	0.127697	0.127697	60.000000
43.297000	40.861306	0.000000	0.000000	0.172462	0.172462	60.000000
43.193000	40.879242	0.000000	0.000000	0.139452	0.139452	60.000000
43.095000	40.892908	0.000000	0.000000	0.155334	0.155334	60.000000
42.997000	40.908131	0.000000	0.000000	0.119175	0.119175	60.000000
42.899000	40.919810	0.000000	0.000000	0.147870	0.147870	60.000000
42.794000	40.935337	0.000000	0.000000	0.162397	0.162397	60.000000
42.695000	40.951414	0.000000	0.000000	0.086985	0.086985	60.000000
42.594000	40.960199	0.000000	0.000000	0.114877	0.114877	60.000000
42.496000	40.971457	0.000000	0.000000	0.196460	0.196460	60.000000
42.398000	40.990710	0.000000	0.000000	0.210076	0.210076	60.000000
42.298000	41.011718	0.000000	0.000000	0.145957	0.145957	60.000000
42.192000	41.027189	0.000000	0.000000	0.207568	0.207568	60.000000
42.094000	41.047531	0.000000	0.000000	0.161746	0.161746	60.000000
41.998000	41.063059	0.000000	0.000000	0.143557	0.143557	60.000000
41.894000	41.077989	0.000000	0.000000	0.152607	0.152607	60.000000
41.797000	41.092791	0.000000	0.000000	0.096253	0.096253	60.000000
41.695000	41.102609	0.000000	0.000000	0.161471	0.161471	60.000000
41.594000	41.118918	0.000000	0.000000	0.165327	0.165327	60.000000
41.495000	41.135285	0.000000	0.000000	0.187906	0.187906	60.000000
41.397000	41.153700	0.000000	0.000000	0.172288	0.172288	60.000000
41.296000	41.171101	0.000000	0.000000	0.139843	0.139843	60.000000
41.194000	41.185365	0.000000	0.000000	0.104129	0.104129	60.000000
41.094000	41.195778	0.000000	0.000000	0.104247	0.104247	60.000000
40.997000	41.205890	0.000000	0.000000	0.158907	0.158907	60.000000
40.894000	41.222257	0.000000	0.000000	0.168684	0.168684	60.000000
40.798000	41.238451	0.000000	0.000000	0.135713	0.135713	60.000000
40.696000	41.252294	0.000000	0.000000	0.182275	0.182275	60.000000
40.593000	41.271068	0.000000	0.000000	0.161348	0.161348	60.000000
40.496000	41.286719	0.000000	0.000000	0.154728	0.154728	60.000000
40.396000	41.302192	0.000000	0.000000	0.156865	0.156865	60.000000
40.292000	41.318506	0.000000	0.000000	0.159066	0.159066	60.000000
40.205000	41.332344	0.000000	0.000000	0.275794	0.275794	60.000000
40.095000	41.362682	0.000000	0.000000	0.160492	0.160492	60.000000
39.996000	41.378570	0.000000	0.000000	0.249234	0.249234	60.000000
39.897000	41.403244	0.000000	0.000000	0.222751	0.222751	60.000000
39.797000	41.425520	0.000000	0.000000	0.233181	0.233181	60.000000
39.694000	41.449537	0.000000	0.000000	0.265313	0.265313	60.000000
39.596000	41.475538	0.000000	0.000000	0.052082	0.052082	60.000000
39.499000	41.480590	0.000000	0.000000	0.150502	0.150502	60.000000
39.397000	41.495941	0.000000	0.000000	0.122676	0.122676	60.000000
39.293000	41.508699	0.000000	0.000000	0.217950	0.217950	60.000000
39.198000	41.529405	0.000000	0.000000	0.323552	0.323552	60.000000
39.097000	41.562083	0.000000	0.000000	0.090878	0.090878	60.000000
38.995000	41.571353	0.000000	0.000000	0.192625	0.192625	60.000000
38.895000	41.590615	0.000000	0.000000	0.161296	0.161296	60.000000
38.792000	41.607229	0.000000	0.000000	0.149262	0.149262	60.000000
38.694000	41.621857	0.000000	0.000000	0.209693	0.209693	60.000000
38.597000	41.642197	0.000000	0.000000	0.222308	0.222308	60.000000
38.496000	41.664650	0.000000	0.000000	0.153171	0.153171	60.000000
38.397000	41.679814	0.000000	0.000000	0.161107	0.161107	60.000000
38.295000	41.696247	0.000000	0.000000	0.132860	0.132860	60.000000
38.194000	41.709666	0.000000	0.000000	0.161995	0.161995	60.000000
38.097000	41.725379	0.000000	0.000000	0.190948	0.190948	60.000000
37.999000	41.744092	0.000000	0.000000	0.251636	0.251636	60.000000
37.899000	41.769256	0.000000	0.000000	0.151067	0.151067	60.000000
37.793000	41.785269	0.000000	0.000000	0.151626	0.151626	60.000000
37.693000	41.800431	0.000000	0.000000	0.175684	0.175684	60.000000
37.596000	41.817473	0.000000	0.000000	0.150164	0.150164	60.000000
37.495000	41.832639	0.000000	0.000000	0.152906	0.152906	60.000000
37.397000	41.847624	0.000000	0.000000	0.151915	0.151915	60.000000
37.298000	41.862664	0.000000	0.000000	0.203178	0.203178	60.000000
37.194000	41.883794	0.000000	0.000000	0.136787	0.136787	60.000000
37.095000	41.897336	0.000000	0.000000	0.203310	0.203310	60.000000
36.997000	41.917261	0.000000	0.000000	0.206492	0.206492	60.000000
36.897000	41.937910	0.000000	0.000000	0.134065	0.134065	60.000000
36.796000	41.951450	0.000000	0.000000	0.173810	0.173810	60.000000
36.698000	41.968484	0.000000	0.000000	0.214499	0.214499	60.000000
36.595000	41.990577	0.000000	0.000000	0.119131	0.119131	60.000000
36.495000	42.002490	0.000000	0.000000	0.170073	0.170073	60.000000
36.392000	42.020008	0.000000	0.000000	0.150070	0.150070	60.000000
36.295000	42.034565	0.000000	0.000000	0.116257	0.116257	60.000000
36.195000	42.046190	0.000000	0.000000	0.159046	0.159046	60.000000
36.097000	42.061777	0.000000	0.000000	0.180590	0.180590	60.000000
35.997000	42.079836	0.000000	0.000000	0.171341	0.171341	60.000000
35.892000	42.097827	0.000000	0.000000	0.186230	0.186230	60.000000
35.795000	42.115891	0.000000	0.000000	0.176759	0.176759	60.000000
35.698000	42.133037	0.000000	0.000000	0.136759	0.136759	60.000000
35.595000	42.147123	0.000000	0.000000	0.100552	0.100552	60.000000
35.498000	42.156876	0.000000	0.000000	0.116259	0.116259	60.000000
35.395000	42.168851	0.000000	0.000000	0.146307	0.146307	60.000000
35.293000	42.183774	0.000000	0.000000	0.204322	0.204322	60.000000
35.199000	42.202981	0.000000	0.000000	0.196934	0.196934	60.000000
35.096000	42.223265	0.000000	0.000000	0.293152	0.293152	60.000000
34.995000	42.252873	0.000000	0.000000	0.190644	0.190644	60.000000
34.893000	42.272319	0.000000	0.000000	0.191562	0.191562	60.000000
34.795000	42.291092	0.000000	0.000000	0.183063	0.183063	60.000000
34.696000	42.309215	0.000000	0.000000	0.193644	0.193644	60.000000
34.595000	42.328773	0.000000	0.000000	0.210636	0.210636	60.000000
34.495000	42.349837	0.000000	0.000000	0.152322	0.152322	60.000000
34.395000	42.365069	0.000000	0.000000	0.200070	0.200070	60.000000
34.293000	42.385476	0.000000	0.000000	0.179916	0.179916	60.000000
34.196000	42.402928	0.000000	0.000000	0.195620	0.195620	60.000000
34.096000	42.422490	0.000000	0.000000	0.177167	0.177167	60.000000
33.992000	42.440915	0.000000	0.000000	0.205254	0.205254	60.000000
33.895000	42.460825	0.000000	0.000000	0.194113	0.194113	60.000000
33.797000	42.479848	0.000000	0.000000	0.194682	0.194682	60.000000
33.695000	42.499706	0.000000	0.000000	0.205970	0.205970	60.000000
33.595000	42.520303	0.000000	0.000000	0.174970	0.174970	60.000000
33.497000	42.537450	0.000000	0.000000	0.212976	0.212976	60.000000
33.393000	42.559599	0.000000	0.000000	0.182468	0.182468	60.000000
33.294000	42.577664	0.000000	0.000000	0.200185	0.200185	60.000000
33.196000	42.597282	0.000000	0.000000	0.176241	0.176241	60.000000
33.097000	42.614730	0.000000	0.000000	0.197159	0.197159	60.000000
32.995000	42.634840	0.000000	0.000000	0.185329	0.185329	60.000000
32.894000	42.653558	0.000000	0.000000	0.250522	0.250522	60.000000
32.796000	42.678109	0.000000	0.000000	0.189157	0.189157	60.000000
32.704000	42.695512	0.000000	0.000000	0.217515	0.217515	60.000000
32.600000	42.718133	0.000000	0.000000	0.221140	0.221140	60.000000
32.493000	42.741795	0.000000	0.000000	0.159911	0.159911	60.000000
32.394000	42.757627	0.000000	0.000000	0.156859	0.156859	60.000000
32.295000	42.773156	0.000000	0.000000	0.189194	0.189194	60.000000
32.198000	42.791507	0.000000	0.000000	0.181821	0.181821	60.000000
32.097000	42.809871	0.000000	0.000000	0.149569	0.149569	60.000000
31.996000	42.824978	0.000000	0.000000	0.205043	0.205043	60.000000
31.898000	42.845072	0.000000	0.000000	0.182379	0.182379	60.000000
31.795000	42.863857	0.000000	0.000000	0.175723	0.175723	60.000000
31.695000	42.881429	0.000000	0.000000	0.192707	0.192707	60.000000
31.596000	42.900507	0.000000	0.000000	0.200686	0.200686	60.000000
31.494000	42.920977	0.000000	0.000000	0.206634	0.206634	60.000000
31.397000	42.941021	0.000000	0.000000	0.151732	0.151732	60.000000
31.299000	42.955890	0.000000	0.000000	0.143704	0.143704	60.000000
31.196000	42.970692	0.000000	0.000000	0.162851	0.162851	60.000000
31.094000	42.987303	0.000000	0.000000	0.121645	0.121645	60.000000
30.994000	42.999467	0.000000	0.000000	0.175688	0.175688	60.000000
30.895000	43.016860	0.000000	0.000000	0.138805	0.138805	60.000000
30.794000	43.030880	0.000000	0.000000	0.162986	0.162986	60.000000
30.698000	43.046526	0.000000	0.000000	0.162796	0.162796	60.000000
30.593000	43.063620	0.000000	0.000000	0.176336	0.176336	60.000000
30.494000	43.081077	0.000000	0.000000	0.156832	0.156832	60.000000
30.395000	43.096603	0.000000	0.000000	0.164543	0.164543	60.000000
30.294000	43.113222	0.000000	0.000000	0.226865	0.226865	60.000000
30.207000	43.132960	0.000000	0.000000	0.246279	0.246279	60.000000
30.098000	43.159804	0.000000	0.000000	0.116375	0.116375	60.000000
29.993000	43.172023	0.000000	0.000000	0.137582	0.137582	60.000000
29.895000	43.185506	0.000000	0.000000	0.277207	0.277207	60.000000
29.796000	43.212950	0.000000	0.000000	0.223668	0.223668	60.000000
29.694000	43.235764	0.000000	0.000000	0.229203	0.229203	60.000000
29.595000	43.258455	0.000000	0.000000	0.190961	0.190961	60.000000
29.497000	43.277169	0.000000	0.000000	0.192531	0.192531	60.000000
29.396000	43.296615	0.000000	0.000000	0.195607	0.195607	60.000000
29.296000	43.316176	0.000000	0.000000	0.166597	0.166597	60.000000
29.197000	43.332669	0.000000	0.000000	0.164918	0.164918	60.000000
29.097000	43.349161	0.000000	0.000000	0.177095	0.177095	60.000000
28.994000	43.367402	0.000000	0.000000	0.155656	0.155656	60.000000
28.895000	43.382812	0.000000	0.000000	0.180497	0.180497	60.000000
28.795000	43.400861	0.000000	0.000000	0.218606	0.218606	60.000000
28.697000	43.422285	0.000000	0.000000	0.194512	0.194512	60.000000
28.593000	43.442514	0.000000	0.000000	0.259027	0.259027	60.000000
28.494000	43.468158	0.000000	0.000000	0.231487	0.231487	60.000000
28.396000	43.490843	0.000000	0.000000	0.302116	0.302116	60.000000
28.296000	43.521055	0.000000	0.000000	0.232836	0.232836	60.000000
28.205000	43.542243	0.000000	0.000000	0.212337	0.212337	60.000000
28.095000	43.565600	0.000000	0.000000	0.195138	0.195138	60.000000
27.996000	43.584919	0.000000	0.000000	0.170866	0.170866	60.000000
27.897000	43.601834	0.000000	0.000000	0.156845	0.156845	60.000000
27.798000	43.617362	0.000000	0.000000	0.192609	0.192609	60.000000
27.693000	43.637586	0.000000	0.000000	0.178781	0.178781	60.000000
27.594000	43.655285	0.000000	0.000000	0.244955	0.244955	60.000000
27.496000	43.679291	0.000000	0.000000	0.216349	0.216349	60.000000
27.395000	43.701142	0.000000	0.000000	0.205753	0.205753	60.000000
27.297000	43.721306	0.000000	0.000000	0.214589	0.214589	60.000000
27.196000	43.742979	0.000000	0.000000	0.227604	0.227604	60.000000
27.095000	43.765967	0.000000	0.000000	0.168448	0.168448	60.000000
26.996000	43.782644	0.000000	0.000000	0.168024	0.168024	60.000000
26.895000	43.799614	0.000000	0.000000	0.164013	0.164013	60.000000
26.797000	43.815687	0.000000	0.000000	0.175830	0.175830	60.000000
26.695000	43.833622	0.000000	0.000000	0.184312	0.184312	60.000000
26.599000	43.851316	0.000000	0.000000	0.183536	0.183536	60.000000
26.496000	43.870220	0.000000	0.000000	0.176988	0.176988	60.000000
26.395000	43.888096	0.000000	0.000000	0.203758	0.203758	60.000000
26.307000	43.906026	0.000000	0.000000	0.183380	0.183380	60.000000
26.219000	43.922164	0.000000	0.000000	0.210578	0.210578	60.000000
26.135000	43.939852	0.000000	0.000000	0.182343	0.182343	60.000000
26.027000	43.959545	0.000000	0.000000	0.186191	0.186191	60.000000
25.943000	43.975185	0.000000	0.000000	0.159904	0.159904	60.000000
25.850000	43.990057	0.000000	0.000000	0.181924	0.181924	60.000000
25.765000	44.005520	0.000000	0.000000	0.191714	0.191714	60.000000
25.597000	44.037728	0.000000	0.000000	0.171017	0.171017	60.000000
25.496000	44.055001	0.000000	0.000000	0.215966	0.215966	60.000000
25.399000	44.075949	0.000000	0.000000	0.204809	0.204809	60.000000
25.300000	44.096226	0.000000	0.000000	0.218183	0.218183	60.000000
25.196000	44.118917	0.000000	0.000000	0.264259	0.264259	60.000000
25.096000	44.145343	0.000000	0.000000	0.216283	0.216283	60.000000
24.995000	44.167187	0.000000	0.000000	0.234819	0.234819	60.000000
24.894000	44.190904	0.000000	0.000000	0.232183	0.232183	60.000000
24.796000	44.213658	0.000000	0.000000	0.244541	0.244541	60.000000
24.701000	44.236889	0.000000	0.000000	0.186784	0.186784	60.000000
24.594000	44.256875	0.000000	0.000000	0.138529	0.138529	60.000000
24.495000	44.270589	0.000000	0.000000	0.149130	0.149130	60.000000
24.409000	44.283415	0.000000	0.000000	0.227434	0.227434	60.000000
24.323000	44.302974	0.000000	0.000000	0.259182	0.259182	60.000000
24.238000	44.325005	0.000000	0.000000	0.213440	0.213440	60.000000
24.152000	44.343360	0.000000	0.000000	0.126656	0.126656	60.000000
24.046000	44.356786	0.000000	0.000000	0.161149	0.161149	60.000000
23.962000	44.370322	0.000000	0.000000	0.138488	0.138488	60.000000
23.799000	44.392896	0.000000	0.000000	0.152936	0.152936	60.000000
23.699000	44.408190	0.000000	0.000000	0.184001	0.184001	60.000000
23.594000	44.427510	0.000000	0.000000	0.244514	0.244514	60.000000
23.498000	44.450983	0.000000	0.000000	0.201568	0.201568	60.000000
23.395000	44.471744	0.000000	0.000000	0.224975	0.224975	60.000000
23.296000	44.494017	0.000000	0.000000	0.256115	0.256115	60.000000
23.194000	44.520141	0.000000	0.000000	0.236277	0.236277	60.000000
23.099000	44.542587	0.000000	0.000000	0.234436	0.234436	60.000000
22.995000	44.566968	0.000000	0.000000	0.232215	0.232215	60.000000
22.896000	44.589958	0.000000	0.000000	0.170812	0.170812	60.000000
22.797000	44.606868	0.000000	0.000000	0.250257	0.250257	60.000000
22.696000	44.632144	0.000000	0.000000	0.223566	0.223566	60.000000
22.595000	44.654724	0.000000	0.000000	0.178654	0.178654	60.000000
22.497000	44.672232	0.000000	0.000000	0.102768	0.102768	60.000000
22.395000	44.682714	0.000000	0.000000	0.181130	0.181130	60.000000
22.298000	44.700284	0.000000	0.000000	0.127602	0.127602	60.000000
22.206000	44.712023	0.000000	0.000000	0.210672	0.210672	60.000000
22.098000	44.734776	0.000000	0.000000	0.170936	0.170936	60.000000
21.998000	44.751869	0.000000	0.000000	0.191943	0.191943	60.000000
21.898000	44.771064	0.000000	0.000000	0.237145	0.237145	60.000000
21.799000	44.794541	0.000000	0.000000	0.275166	0.275166	60.000000
21.696000	44.822883	0.000000	0.000000	0.309955	0.309955	60.000000
21.595000	44.854189	0.000000	0.000000	0.326211	0.326211	60.000000
21.495000	44.886810	0.000000	0.000000	0.244410	0.244410	60.000000
21.397000	44.910762	0.000000	0.000000	0.152987	0.152987	60.000000
21.299000	44.925755	0.000000	0.000000	0.171599	0.171599	60.000000
21.198000	44.943086	0.000000	0.000000	0.152224	0.152224	60.000000
21.094000	44.958917	0.000000	0.000000	0.184248	0.184248	60.000000
20.996000	44.976974	0.000000	0.000000	0.284129	0.284129	60.000000
20.896000	45.005387	0.000000	0.000000	0.268590	0.268590	60.000000
20.797000	45.031977	0.000000	0.000000	0.158042	0.158042	60.000000
20.696000	45.047939	0.000000	0.000000	0.190039	0.190039	60.000000
20.601000	45.065993	0.000000	0.000000	0.166688	0.166688	60.000000
20.497000	45.083329	0.000000	0.000000	0.188479	0.188479	60.000000
20.398000	45.101988	0.000000	0.000000	0.159542	0.159542	60.000000
20.298000	45.117942	0.000000	0.000000	0.233915	0.233915	60.000000
20.201000	45.140632	0.000000	0.000000	0.260923	0.260923	60.000000
20.097000	45.167768	0.000000	0.000000	0.206146	0.206146	60.000000
19.998000	45.188176	0.000000	0.000000	0.160902	0.160902	60.000000
19.897000	45.204428	0.000000	0.000000	0.217952	0.217952	60.000000
19.794000	45.226877	0.000000	0.000000	0.245136	0.245136	60.000000
19.697000	45.250655	0.000000	0.000000	0.243756	0.243756	60.000000
19.596000	45.275274	0.000000	0.000000	0.282913	0.282913	60.000000
19.496000	45.303566	0.000000	0.000000	0.231267	0.231267	60.000000
19.400000	45.325767	0.000000	0.000000	0.244799	0.244799	60.000000
19.296000	45.351226	0.000000	0.000000	0.237229	0.237229	60.000000
19.195000	45.375186	0.000000	0.000000	0.246851	0.246851	60.000000
19.097000	45.399378	0.000000	0.000000	0.224003	0.224003	60.000000
18.996000	45.422002	0.000000	0.000000	0.266677	0.266677	60.000000
18.898000	45.448136	0.000000	0.000000	0.188258	0.188258	60.000000
18.796000	45.467339	0.000000	0.000000	0.188282	0.188282	60.000000
18.695000	45.486355	0.000000	0.000000	0.188346	0.188346	60.000000
18.595000	45.505190	0.000000	0.000000	0.215264	0.215264	60.000000
18.496000	45.526501	0.000000	0.000000	0.159687	0.159687	60.000000
18.398000	45.542150	0.000000	0.000000	0.162838	0.162838	60.000000
18.296000	45.558760	0.000000	0.000000	0.176099	0.176099	60.000000
18.202000	45.575313	0.000000	0.000000	0.277105	0.277105	60.000000
18.096000	45.604686	0.000000	0.000000	0.238420	0.238420	60.000000
17.995000	45.628767	0.000000	0.000000	0.157584	0.157584	60.000000
17.898000	45.644052	0.000000	0.000000	0.143584	0.143584	60.000000
17.797000	45.658554	0.000000	0.000000	0.221704	0.221704	60.000000
17.699000	45.680281	0.000000	0.000000	0.328157	0.328157	60.000000
17.595000	45.714409	0.000000	0.000000	0.336603	0.336603	60.000000
17.502000	45.745713	0.000000	0.000000	0.180523	0.180523	60.000000
17.394000	45.765210	0.000000	0.000000	0.248086	0.248086	60.000000
17.295000	45.789770	0.000000	0.000000	0.260521	0.260521	60.000000
17.198000	45.815041	0.000000	0.000000	0.202828	0.202828	60.000000
17.098000	45.835324	0.000000	0.000000	0.209201	0.209201	60.000000
16.995000	45.856872	0.000000	0.000000	0.197298	0.197298	60.000000
16.894000	45.876799	0.000000	0.000000	0.233498	0.233498	60.000000
16.795000	45.899915	0.000000	0.000000	0.237091	0.237091	60.000000
16.696000	45.923387	0.000000	0.000000	0.246220	0.246220	60.000000
16.596000	45.948009	0.000000	0.000000	0.171946	0.171946	60.000000
16.497000	45.965032	0.000000	0.000000	0.238473	0.238473	60.000000
16.393000	45.989833	0.000000	0.000000	0.250631	0.250631	60.000000
16.295000	46.014395	0.000000	0.000000	0.294751	0.294751	60.000000
16.198000	46.042986	0.000000	0.000000	0.194809	0.194809	60.000000
16.097000	46.062661	0.000000	0.000000	0.197002	0.197002	60.000000
15.998000	46.082164	0.000000	0.000000	0.200846	0.200846	60.000000
15.897000	46.102450	0.000000	0.000000	0.208130	0.208130	60.000000
15.801000	46.122430	0.000000	0.000000	0.261778	0.261778	60.000000
15.695000	46.150179	0.000000	0.000000	0.222973	0.222973	60.000000
15.597000	46.172030	0.000000	0.000000	0.173905	0.173905	60.000000
15.498000	46.189247	0.000000	0.000000	0.210570	0.210570	60.000000
15.396000	46.210725	0.000000	0.000000	0.224757	0.224757	60.000000
15.295000	46.233425	0.000000	0.000000	0.183726	0.183726	60.000000
15.199000	46.251063	0.000000	0.000000	0.174110	0.174110	60.000000
15.096000	46.268996	0.000000	0.000000	0.187359	0.187359	60.000000
14.998000	46.287358	0.000000	0.000000	0.210557	0.210557	60.000000
14.896000	46.308835	0.000000	0.000000	0.264609	0.264609	60.000000
14.795000	46.335560	0.000000	0.000000	0.256075	0.256075	60.000000
14.697000	46.360655	0.000000	0.000000	0.301633	0.301633	60.000000
14.602000	46.389310	0.000000	0.000000	0.286497	0.286497	60.000000
14.498000	46.419106	0.000000	0.000000	0.353368	0.353368	60.000000
14.397000	46.454796	0.000000	0.000000	0.243133	0.243133	60.000000
14.296000	46.479353	0.000000	0.000000	0.268077	0.268077	60.000000
14.197000	46.505892	0.000000	0.000000	0.195800	0.195800	60.000000
14.098000	46.525276	0.000000	0.000000	0.221116	0.221116	60.000000
13.997000	46.547609	0.000000	0.000000	0.188334	0.188334	60.000000
13.896000	46.566631	0.000000	0.000000	0.172099	0.172099	60.000000
13.796000	46.583841	0.000000	0.000000	0.135433	0.135433	60.000000
13.696000	46.597384	0.000000	0.000000	0.248148	0.248148	60.000000
13.598000	46.621703	0.000000	0.000000	0.224848	0.224848	60.000000
13.496000	46.644637	0.000000	0.000000	0.302115	0.302115	60.000000
13.397000	46.674546	0.000000	0.000000	0.295456	0.295456	60.000000
13.298000	46.703796	0.000000	0.000000	0.300340	0.300340	60.000000
13.200000	46.733230	0.000000	0.000000	0.247330	0.247330	60.000000
13.099000	46.758210	0.000000	0.000000	0.230682	0.230682	60.000000
12.997000	46.781740	0.000000	0.000000	0.204212	0.204212	60.000000
12.895000	46.802569	0.000000	0.000000	0.235853	0.235853	60.000000
12.797000	46.825683	0.000000	0.000000	0.239548	0.239548	60.000000
12.697000	46.849638	0.000000	0.000000	0.142284	0.142284	60.000000
12.598000	46.863724	0.000000	0.000000	0.194544	0.194544	60.000000
12.495000	46.883762	0.000000	0.000000	0.259971	0.259971	60.000000
12.398000	46.908979	0.000000	0.000000	0.262391	0.262391	60.000000
12.295000	46.936005	0.000000	0.000000	0.249814	0.249814	60.000000
12.202000	46.959238	0.000000	0.000000	0.189312	0.189312	60.000000
12.099000	46.978737	0.000000	0.000000	0.189279	0.189279	60.000000
11.995000	46.998422	0.000000	0.000000	0.198067	0.198067	60.000000
11.895000	47.018229	0.000000	0.000000	0.286632	0.286632	60.000000
11.798000	47.046032	0.000000	0.000000	0.295441	0.295441	60.000000
11.700000	47.074985	0.000000	0.000000	0.272043	0.272043	60.000000
11.598000	47.102734	0.000000	0.000000	0.310705	0.310705	60.000000
11.499000	47.133494	0.000000	0.000000	0.233592	0.233592	60.000000
11.397000	47.157320	0.000000	0.000000	0.235388	0.235388	60.000000
11.297000	47.180859	0.000000	0.000000	0.202581	0.202581	60.000000
11.196000	47.201320	0.000000	0.000000	0.300954	0.300954	60.000000
11.098000	47.230813	0.000000	0.000000	0.327459	0.327459	60.000000
10.996000	47.264214	0.000000	0.000000	0.268791	0.268791	60.000000
10.895000	47.291362	0.000000	0.000000	0.233444	0.233444	60.000000
10.796000	47.314473	0.000000	0.000000	0.214034	0.214034	60.000000
10.697000	47.335662	0.000000	0.000000	0.221322	0.221322	60.000000
10.595000	47.358237	0.000000	0.000000	0.190580	0.190580	60.000000
10.499000	47.376533	0.000000	0.000000	0.185781	0.185781	60.000000
10.396000	47.395668	0.000000	0.000000	0.173904	0.173904	60.000000
10.296000	47.413058	0.000000	0.000000	0.211391	0.211391	60.000000
10.200000	47.433352	0.000000	0.000000	0.231034	0.231034	60.000000
10.094000	47.457842	0.000000	0.000000	0.290673	0.290673	60.000000
9.995000	47.486618	0.000000	0.000000	0.260375	0.260375	60.000000
9.897000	47.512135	0.000000	0.000000	0.238334	0.238334	60.000000
9.798000	47.535730	0.000000	0.000000	0.177014	0.177014	60.000000
9.697000	47.553608	0.000000	0.000000	0.293872	0.293872	60.000000
9.595000	47.583583	0.000000	0.000000	0.279612	0.279612	60.000000
9.496000	47.611265	0.000000	0.000000	0.261615	0.261615	60.000000
9.395000	47.637688	0.000000	0.000000	0.212865	0.212865	60.000000
9.298000	47.658336	0.000000	0.000000	0.302195	0.302195	60.000000
9.200000	47.687951	0.000000	0.000000	0.271983	0.271983	60.000000
9.094000	47.716781	0.000000	0.000000	0.223003	0.223003	60.000000
8.999000	47.737967	0.000000	0.000000	0.258289	0.258289	60.000000
8.896000	47.764570	0.000000	0.000000	0.287446	0.287446	60.000000
8.798000	47.792740	0.000000	0.000000	0.325714	0.325714	60.000000
8.696000	47.825963	0.000000	0.000000	0.256284	0.256284	60.000000
8.603000	47.849797	0.000000	0.000000	0.268830	0.268830	60.000000
8.498000	47.878024	0.000000	0.000000	0.163855	0.163855	60.000000
8.397000	47.894574	0.000000	0.000000	0.226785	0.226785	60.000000
8.298000	47.917026	0.000000	0.000000	0.214889	0.214889	60.000000
8.198000	47.938514	0.000000	0.000000	0.267601	0.267601	60.000000
8.097000	47.965542	0.000000	0.000000	0.276071	0.276071	60.000000
8.000000	47.992321	0.000000	0.000000	0.229676	0.229676	60.000000
7.897000	48.015978	0.000000	0.000000	0.239563	0.239563	60.000000
7.798000	48.039694	0.000000	0.000000	0.224677	0.224677	60.000000
7.697000	48.062387	0.000000	0.000000	0.247452	0.247452	60.000000
7.599000	48.086637	0.000000	0.000000	0.246586	0.246586	60.000000
7.495000	48.112282	0.000000	0.000000	0.275271	0.275271	60.000000
7.399000	48.138708	0.000000	0.000000	0.255934	0.255934	60.000000
7.300000	48.164045	0.000000	0.000000	0.215250	0.215250	60.000000
7.201000	48.185355	0.000000	0.000000	0.223012	0.223012	60.000000
7.099000	48.208102	0.000000	0.000000	0.221458	0.221458	60.000000
6.996000	48.230912	0.000000	0.000000	0.342134	0.342134	60.000000
6.898000	48.264442	0.000000	0.000000	0.328606	0.328606	60.000000
6.798000	48.297302	0.000000	0.000000	0.329253	0.329253	60.000000
6.700000	48.329569	0.000000	0.000000	0.350842	0.350842	60.000000
6.600000	48.364653	0.000000	0.000000	0.246967	0.246967	60.000000
6.494000	48.390832	0.000000	0.000000	0.288782	0.288782	60.000000
6.396000	48.419133	0.000000	0.000000	0.237656	0.237656	60.000000
6.298000	48.442423	0.000000	0.000000	0.207198	0.207198	60.000000
6.201000	48.462521	0.000000	0.000000	0.255711	0.255711	60.000000
6.100000	48.488348	0.000000	0.000000	0.210306	0.210306	60.000000
5.997000	48.510009	0.000000	0.000000	0.233627	0.233627	60.000000
5.896000	48.533606	0.000000	0.000000	0.222264	0.222264	60.000000
5.798000	48.555387	0.000000	0.000000	0.260107	0.260107	60.000000
5.701000	48.580618	0.000000	0.000000	0.276609	0.276609	60.000000
5.597000	48.609385	0.000000	0.000000	0.305224	0.305224	60.000000
5.499000	48.639297	0.000000	0.000000	0.277956	0.277956	60.000000
5.397000	48.667649	0.000000	0.000000	0.269954	0.269954	60.000000
5.298000	48.694374	0.000000	0.000000	0.255878	0.255878	60.000000
5.199000	48.719706	0.000000	0.000000	0.260074	0.260074	60.000000
5.099000	48.745714	0.000000	0.000000	0.242464	0.242464	60.000000
4.996000	48.770687	0.000000	0.000000	0.261683	0.261683	60.000000
4.898000	48.796332	0.000000	0.000000	0.279905	0.279905	60.000000
4.798000	48.824323	0.000000	0.000000	0.255780	0.255780	60.000000
4.698000	48.849901	0.000000	0.000000	0.270261	0.270261	60.000000
4.596000	48.877467	0.000000	0.000000	0.251905	0.251905	60.000000
4.499000	48.901902	0.000000	0.000000	0.263195	0.263195	60.000000
4.397000	48.928748	0.000000	0.000000	0.257585	0.257585	60.000000
4.297000	48.954507	0.000000	0.000000	0.264685	0.264685	60.000000
4.199000	48.980446	0.000000	0.000000	0.227300	0.227300	60.000000
4.096000	49.003858	0.000000	0.000000	0.302791	0.302791	60.000000
3.995000	49.034440	0.000000	0.000000	0.287737	0.287737	60.000000
3.899000	49.062062	0.000000	0.000000	0.295496	0.295496	60.000000
3.801000	49.091021	0.000000	0.000000	0.284982	0.284982	60.000000
3.699000	49.120089	0.000000	0.000000	0.259818	0.259818	60.000000
3.595000	49.147110	0.000000	0.000000	0.287014	0.287014	60.000000
3.496000	49.175524	0.000000	0.000000	0.259718	0.259718	60.000000
3.398000	49.200977	0.000000	0.000000	0.226567	0.226567	60.000000
3.301000	49.222954	0.000000	0.000000	0.235884	0.235884	60.000000
3.201000	49.246542	0.000000	0.000000	0.272881	0.272881	60.000000
3.098000	49.274649	0.000000	0.000000	0.297483	0.297483	60.000000
2.997000	49.304695	0.000000	0.000000	0.354374	0.354374	60.000000
2.898000	49.339778	0.000000	0.000000	0.381394	0.381394	60.000000
2.797000	49.378299	0.000000	0.000000	0.388807	0.388807	60.000000
2.697000	49.417179	0.000000	0.000000	0.458826	0.458826	60.000000
2.599000	49.462144	0.000000	0.000000	0.310298	0.310298	60.000000
2.496000	49.494105	0.000000	0.000000	0.393685	0.393685	60.000000
2.398000	49.532686	0.000000	0.000000	0.422531	0.422531	60.000000
2.298000	49.574939	0.000000	0.000000	0.527259	0.527259	60.000000
2.198000	49.627665	0.000000	0.000000	0.580844	0.580844	60.000000
2.095000	49.687492	0.000000	0.000000	0.563210	0.563210	60.000000
1.997000	49.742687	0.000000	0.000000	0.494227	0.494227	60.000000
1.898000	49.791615	0.000000	0.000000	0.494051	0.494051	60.000000
1.797000	49.841514	0.000000	0.000000	0.473078	0.473078	60.000000
1.697000	49.888822	0.000000	0.000000	0.000000	0.000000	60.000000
1.599000	49.933544	0.000000	0.000000	0.000000	0.000000	60.000000
1.499000	49.978031	0.000000	0.000000	0.000000	0.000000	60.000000
1.402000	50.026310	0.000000	0.000000	0.000000	0.000000	60.000000
1.300000	50.068622	0.000000	0.000000	0.000000	0.000000	60.000000
1.196000	50.114985	0.000000	0.000000	0.000000	0.000000	60.000000
1.097000	50.161933	0.000000	0.000000	0.000000	0.000000	60.000000
0.998000	50.211138	0.000000	0.000000	0.000000	0.000000	60.000000
0.897000	50.260758	0.000000	0.000000	0.000000	0.000000	60.000000
0.797000	50.296247	0.000000	0.000000	0.000000	0.000000	60.000000
0.699000	50.336927	0.000000	0.000000	0.000000	0.000000	60.000000
0.600000	50.380999	0.000000	0.000000	0.000000	0.000000	60.000000
0.495000	50.427530	0.000000	0.000000	0.000000	0.000000	60.000000
0.397000	50.475580	0.000000	0.000000	0.000000	0.000000	60.000000
0.296000	50.524174	0.000000	0.000000	0.000000	0.000000	60.000000
0.194000	50.570350	0.000000	0.000000	0.000000	0.000000	60.000000
0.100000	50.620384	0.000000	0.000000	0.000000	0.000000	60.000000
