Zeit (s)	Istwert	P	I	D	Regelausgang	Sollwert
78.195917	39.766351	0.373838	0.000000	-0.001705	0.372133	40.000000
78.091907	39.766174	0.374121	0.000000	0.038825	0.412946	40.000000
77.989897	39.770135	0.367785	0.000000	0.060539	0.428324	40.000000
77.891887	39.776068	0.358291	0.000000	0.030591	0.388882	40.000000
77.791877	39.779127	0.353396	0.000000	0.013506	0.366902	40.000000
77.693867	39.780451	0.351278	0.000000	-0.001904	0.349374	40.000000
77.595857	39.780265	0.351577	0.000000	-0.016563	0.335014	40.000000
77.494847	39.778592	0.354254	0.000000	-0.011621	0.342632	40.000000
77.391837	39.777394	0.356169	0.000000	-0.020048	0.336121	40.000000
77.292827	39.775410	0.359345	0.000000	-0.020394	0.338951	40.000000
77.192817	39.773370	0.362608	0.000000	-0.016222	0.346386	40.000000
77.092807	39.771748	0.365204	0.000000	-0.027237	0.337966	40.000000
76.993797	39.769051	0.369519	0.000000	-0.014105	0.355414	40.000000
76.895787	39.767668	0.371730	0.000000	-0.014675	0.357055	40.000000
76.793777	39.766171	0.374126	0.000000	0.008272	0.382398	40.000000
76.691767	39.767015	0.372776	0.000000	0.011548	0.384323	40.000000
76.593757	39.768147	0.370965	0.000000	-0.037218	0.333746	40.000000
76.490746	39.764313	0.377099	0.000000	-0.020613	0.356486	40.000000
76.391737	39.762272	0.380364	0.000000	0.024326	0.404690	40.000000
76.295727	39.764608	0.376628	0.000000	-0.010559	0.366069	40.000000
76.193717	39.763531	0.378351	0.000000	0.027857	0.406208	40.000000
76.094707	39.766289	0.373938	0.000000	0.029468	0.403406	40.000000
75.992697	39.769295	0.369128	0.000000	-2.692778E-5	0.369101	40.000000
75.893687	39.769292	0.369133	0.000000	0.021934	0.391067	40.000000
75.792677	39.771508	0.365588	0.000000	-0.011103	0.354485	40.000000
75.695667	39.770431	0.367311	0.000000	0.033082	0.400393	40.000000
75.590657	39.773905	0.361753	0.000000	-0.021771	0.339982	40.000000
75.494647	39.771814	0.365097	0.000000	0.021383	0.386480	40.000000
75.399638	39.773846	0.361847	0.000000	0.016009	0.377856	40.000000
75.305628	39.775351	0.359439	0.000000	0.028486	0.387925	40.000000
75.208619	39.778114	0.355017	0.000000	0.066229	0.421246	40.000000
75.093607	39.785731	0.342830	0.000000	0.035633	0.378462	40.000000
74.992597	39.789331	0.337071	0.000000	0.008301	0.345372	40.000000
74.891587	39.790169	0.335729	0.000000	0.004199	0.339928	40.000000
74.791577	39.790589	0.335057	0.000000	0.013577	0.348634	40.000000
74.694567	39.791906	0.332950	0.000000	0.001281	0.334231	40.000000
74.592557	39.792037	0.332741	0.000000	0.031449	0.364190	40.000000
74.491547	39.795213	0.327658	0.000000	-0.005507	0.322152	40.000000
74.392537	39.794668	0.328531	0.000000	0.018021	0.346552	40.000000
74.292527	39.796471	0.325647	0.000000	0.008442	0.334089	40.000000
74.193517	39.797306	0.324310	0.000000	-0.013249	0.311061	40.000000
74.094507	39.795995	0.326409	0.000000	0.001152	0.327560	40.000000
73.991497	39.796113	0.326219	0.000000	-0.014382	0.311836	40.000000
73.891487	39.794675	0.328520	0.000000	-0.028196	0.300325	40.000000
73.793477	39.791911	0.332942	0.000000	-0.024482	0.308459	40.000000
73.695467	39.789512	0.336781	0.000000	0.014572	0.351352	40.000000
73.592457	39.791013	0.334379	0.000000	-0.009866	0.324513	40.000000
73.495447	39.790056	0.335911	0.000000	-0.003581	0.332330	40.000000
73.393437	39.789691	0.336495	0.000000	-0.007386	0.329110	40.000000
73.295427	39.788967	0.337653	0.000000	0.019045	0.356699	40.000000
73.191417	39.790948	0.334484	0.000000	-0.035962	0.298521	40.000000
73.091407	39.787351	0.340238	0.000000	-0.003679	0.336559	40.000000
72.991397	39.786983	0.340827	0.000000	0.006202	0.347029	40.000000
72.893387	39.787591	0.339854	0.000000	-0.033351	0.306504	40.000000
72.796377	39.784356	0.345031	0.000000	-0.004049	0.340982	40.000000
72.690367	39.783926	0.345718	0.000000	-0.040580	0.305138	40.000000
72.591357	39.779909	0.352146	0.000000	-0.023643	0.328504	40.000000
72.492347	39.777568	0.355892	0.000000	-0.024195	0.331697	40.000000
72.393337	39.775172	0.359724	0.000000	-0.036629	0.323096	40.000000
72.293327	39.771509	0.365586	0.000000	0.007070	0.372655	40.000000
72.191317	39.772230	0.364432	0.000000	-0.006032	0.358400	40.000000
72.092307	39.771633	0.365387	0.000000	0.024006	0.389393	40.000000
71.992297	39.774034	0.361546	0.000000	-0.024579	0.336967	40.000000
71.892287	39.771576	0.365479	0.000000	-0.019901	0.345578	40.000000
71.792277	39.769585	0.368663	0.000000	-0.027370	0.341293	40.000000
71.689267	39.766766	0.373174	0.000000	0.002516	0.375691	40.000000
71.591257	39.767013	0.372780	0.000000	-0.035540	0.337240	40.000000
71.493247	39.763529	0.378353	0.000000	0.011297	0.389650	40.000000
71.392237	39.764670	0.376527	0.000000	0.034915	0.411442	40.000000
71.294227	39.768092	0.371052	0.000000	0.015263	0.386316	40.000000
71.192217	39.769649	0.368561	0.000000	0.021567	0.390128	40.000000
71.092207	39.771806	0.365110	0.000000	0.003022	0.368132	40.000000
70.991197	39.772112	0.364622	0.000000	-0.043134	0.321488	40.000000
70.891187	39.767798	0.371524	0.000000	0.008455	0.379979	40.000000
70.792177	39.768635	0.370184	0.000000	0.011317	0.381501	40.000000
70.692167	39.769767	0.368373	0.000000	-0.046955	0.321419	40.000000
70.595157	39.765212	0.375661	0.000000	-0.039439	0.336222	40.000000
70.493147	39.761188	0.382098	0.000000	0.001278	0.383376	40.000000
70.396137	39.761312	0.381900	0.000000	0.018675	0.400575	40.000000
70.303128	39.763049	0.379121	0.000000	-0.014968	0.364153	40.000000
70.207119	39.761612	0.381420	0.000000	-0.007533	0.373887	40.000000
70.095107	39.760769	0.382770	0.000000	-0.007744	0.375026	40.000000
69.995097	39.759994	0.384010	0.000000	0.061742	0.445751	40.000000
69.892087	39.766354	0.373834	0.000000	0.040304	0.414138	40.000000
69.791077	39.770425	0.367320	0.000000	0.013687	0.381006	40.000000
69.694067	39.771753	0.365195	0.000000	-0.002415	0.362780	40.000000
69.593057	39.771509	0.365586	0.000000	0.023629	0.389215	40.000000
69.494047	39.773849	0.361842	0.000000	-0.017490	0.344353	40.000000
69.395037	39.772117	0.364613	0.000000	0.022241	0.386854	40.000000
69.290027	39.774452	0.360876	0.000000	0.050288	0.411164	40.000000
69.191017	39.779431	0.352910	0.000000	0.052324	0.405234	40.000000
69.097007	39.784350	0.345039	0.000000	0.017188	0.362228	40.000000
68.991997	39.786155	0.342151	0.000000	0.018742	0.360893	40.000000
68.892987	39.788011	0.339182	0.000000	0.023884	0.363066	40.000000
68.794977	39.790352	0.335437	0.000000	-0.004646	0.330791	40.000000
68.691967	39.789873	0.336203	0.000000	-0.054127	0.282076	40.000000
68.589957	39.784352	0.345037	0.000000	0.020036	0.365073	40.000000
68.493947	39.786275	0.341960	0.000000	0.005345	0.347305	40.000000
68.393937	39.786810	0.341104	0.000000	-0.062344	0.278760	40.000000
68.292927	39.780512	0.351180	0.000000	-0.063627	0.287553	40.000000
68.194917	39.774276	0.361158	0.000000	-0.043419	0.317739	40.000000
68.093907	39.769891	0.368175	0.000000	-0.029403	0.338772	40.000000
67.991897	39.766891	0.372974	0.000000	2.748303E-5	0.373001	40.000000
67.894887	39.766894	0.372970	0.000000	-0.056169	0.316800	40.000000
67.801878	39.761670	0.381329	0.000000	-0.011667	0.369662	40.000000
67.708869	39.760585	0.383065	0.000000	-0.013434	0.369631	40.000000
67.619860	39.759389	0.384978	0.000000	-0.002637	0.382341	40.000000
67.527851	39.759146	0.385366	0.000000	0.033946	0.419312	40.000000
67.435841	39.762270	0.380369	0.000000	0.047068	0.427437	40.000000
67.342832	39.766647	0.373364	0.000000	0.029353	0.402718	40.000000
67.250823	39.769348	0.369043	0.000000	0.009960	0.379003	40.000000
67.159814	39.770255	0.367593	0.000000	-0.029125	0.338468	40.000000
66.992797	39.765390	0.375376	0.000000	-0.013729	0.361646	40.000000
66.892787	39.764017	0.377572	0.000000	-0.009677	0.367895	40.000000
66.792777	39.763049	0.379121	0.000000	-0.027618	0.351503	40.000000
66.692767	39.760287	0.383540	0.000000	0.029773	0.413313	40.000000
66.591757	39.763295	0.378729	0.000000	0.019348	0.398076	40.000000
66.492747	39.765210	0.375664	0.000000	-0.035976	0.339688	40.000000
66.392737	39.761612	0.381420	0.000000	-0.017960	0.363460	40.000000
66.295727	39.759870	0.384208	0.000000	0.024469	0.408677	40.000000
66.197718	39.762268	0.380371	0.000000	-0.023150	0.357221	40.000000
66.091707	39.759814	0.384297	0.000000	0.065518	0.449815	40.000000
65.993697	39.766235	0.374023	0.000000	0.049226	0.423249	40.000000
65.892687	39.771208	0.366068	0.000000	0.049006	0.415073	40.000000
65.794677	39.776011	0.358383	0.000000	-0.008220	0.350163	40.000000
65.692667	39.775172	0.359724	0.000000	-0.025339	0.334385	40.000000
65.595657	39.772714	0.363657	0.000000	0.000549	0.364206	40.000000
65.493647	39.772770	0.363568	0.000000	-0.014195	0.349373	40.000000
65.396637	39.771393	0.365771	0.000000	-0.024037	0.341734	40.000000
65.306628	39.769229	0.369233	0.000000	0.011968	0.381201	40.000000
65.211619	39.770367	0.367413	0.000000	0.061046	0.428459	40.000000
65.092607	39.777632	0.355789	0.000000	0.023484	0.379273	40.000000
64.995597	39.779910	0.352144	0.000000	0.043807	0.395951	40.000000
64.891587	39.784466	0.344854	0.000000	0.029709	0.374563	40.000000
64.794577	39.787348	0.340243	0.000000	0.014192	0.354434	40.000000
64.692567	39.788796	0.337926	0.000000	-0.013223	0.324704	40.000000
64.592557	39.787474	0.340042	0.000000	0.028476	0.368518	40.000000
64.493547	39.790293	0.335531	0.000000	-0.017314	0.318217	40.000000
64.396537	39.788613	0.338218	0.000000	0.020333	0.358552	40.000000
64.290527	39.790769	0.334770	0.000000	-0.025999	0.308771	40.000000
64.191517	39.788195	0.338888	0.000000	-0.025501	0.313388	40.000000
64.092507	39.785670	0.342928	0.000000	-0.059955	0.282972	40.000000
63.991497	39.779614	0.352618	0.000000	-0.066040	0.286577	40.000000
63.892487	39.773075	0.363079	0.000000	-0.036594	0.326486	40.000000
63.795477	39.769525	0.368759	0.000000	-0.037437	0.331322	40.000000
63.691467	39.765632	0.374990	0.000000	-0.033956	0.341034	40.000000
63.592457	39.762270	0.380369	0.000000	-0.002959	0.377410	40.000000
63.492447	39.761974	0.380842	0.000000	0.009610	0.390453	40.000000
63.392437	39.762935	0.379304	0.000000	0.019114	0.398418	40.000000
63.289427	39.764904	0.376154	0.000000	0.005675	0.381829	40.000000
63.192417	39.765454	0.375273	0.000000	0.008095	0.383368	40.000000
63.096407	39.766231	0.374030	0.000000	0.016149	0.390179	40.000000
62.992397	39.767911	0.371342	0.000000	-0.012609	0.358733	40.000000
62.892387	39.766650	0.373360	0.000000	-0.005481	0.367879	40.000000
62.794377	39.766113	0.374220	0.000000	-0.028004	0.346215	40.000000
62.691367	39.763228	0.378835	0.000000	-0.026562	0.352273	40.000000
62.594357	39.760651	0.382958	0.000000	-0.027912	0.355046	40.000000
62.493347	39.757832	0.387469	0.000000	-0.009734	0.377735	40.000000
62.394337	39.756868	0.389011	0.000000	0.012963	0.401975	40.000000
62.292327	39.758190	0.386895	0.000000	-0.006093	0.380802	40.000000
62.194317	39.757593	0.387851	0.000000	0.072237	0.460087	40.000000
62.091307	39.765034	0.375945	0.000000	-0.015847	0.360098	40.000000
61.992297	39.763465	0.378455	0.000000	0.011683	0.390139	40.000000
61.894287	39.764610	0.376623	0.000000	0.012112	0.388735	40.000000
61.790277	39.765870	0.374608	0.000000	0.043031	0.417639	40.000000
61.691267	39.770131	0.367791	0.000000	0.063096	0.430887	40.000000
61.593257	39.776315	0.357897	0.000000	0.027816	0.385713	40.000000
61.494247	39.779069	0.353490	0.000000	0.009971	0.363461	40.000000
61.392237	39.780086	0.351863	0.000000	0.016953	0.368815	40.000000
61.289227	39.781832	0.349068	0.000000	-0.026546	0.322522	40.000000
61.194217	39.779310	0.353104	0.000000	0.011774	0.364878	40.000000
61.092207	39.780511	0.351182	0.000000	-0.006197	0.344985	40.000000
60.995197	39.779910	0.352144	0.000000	-0.012976	0.339168	40.000000
60.893187	39.778586	0.354262	0.000000	0.001214	0.355476	40.000000
60.792177	39.778709	0.354066	0.000000	0.001803	0.355869	40.000000
60.690167	39.778893	0.353771	0.000000	-4.080376E-5	0.353731	40.000000
60.592157	39.778889	0.353778	0.000000	0.022567	0.376345	40.000000
60.491147	39.781168	0.350131	0.000000	0.065435	0.415565	40.000000
60.392137	39.787647	0.339765	0.000000	0.040043	0.379808	40.000000
60.296127	39.791492	0.333613	0.000000	0.013886	0.347499	40.000000
60.205118	39.792755	0.331592	0.000000	-0.022860	0.308731	40.000000
60.092107	39.790172	0.335725	0.000000	-0.033065	0.302660	40.000000
59.994097	39.786931	0.340910	0.000000	-0.025888	0.315023	40.000000
59.892087	39.784290	0.345135	0.000000	-0.011257	0.333878	40.000000
59.791077	39.783153	0.346955	0.000000	0.001823	0.348777	40.000000
59.693067	39.783332	0.346669	0.000000	0.019141	0.365810	40.000000
59.593057	39.785246	0.343606	0.000000	0.001858	0.345464	40.000000
59.494047	39.785430	0.343312	0.000000	0.014077	0.357389	40.000000
59.396038	39.786810	0.341104	0.000000	0.005371	0.346476	40.000000
59.295027	39.787352	0.340236	0.000000	0.032343	0.372579	40.000000
59.193017	39.790652	0.334957	0.000000	0.039409	0.374366	40.000000
59.094007	39.794554	0.328714	0.000000	0.023135	0.351849	40.000000
58.992997	39.796890	0.324975	0.000000	-0.039803	0.285172	40.000000
58.891987	39.792870	0.331408	0.000000	-0.029640	0.301768	40.000000
58.794977	39.789995	0.336009	0.000000	-0.010224	0.325785	40.000000
58.694967	39.788972	0.337645	0.000000	0.002373	0.340017	40.000000
58.594957	39.789209	0.337265	0.000000	0.046464	0.383729	40.000000
58.488946	39.794135	0.329384	0.000000	0.007434	0.336818	40.000000
58.391937	39.794856	0.328230	0.000000	0.002956	0.331186	40.000000
58.290927	39.795155	0.327752	0.000000	-0.049005	0.278747	40.000000
58.192917	39.790352	0.335437	0.000000	-0.054069	0.281368	40.000000
58.091907	39.784890	0.344176	0.000000	-0.012190	0.331985	40.000000
57.988897	39.783635	0.346185	0.000000	-0.044150	0.302035	40.000000
57.890887	39.779307	0.353108	0.000000	-0.043107	0.310001	40.000000
57.790877	39.774996	0.360006	0.000000	-0.010487	0.349519	40.000000
57.692867	39.773968	0.361650	0.000000	-0.019194	0.342456	40.000000
57.592857	39.772049	0.364722	0.000000	0.013169	0.377891	40.000000
57.492847	39.773366	0.362614	0.000000	-0.016498	0.346116	40.000000
57.394837	39.771749	0.365202	0.000000	0.005216	0.370418	40.000000
57.290827	39.772292	0.364334	0.000000	0.026093	0.390427	40.000000
57.191817	39.774875	0.360200	0.000000	0.029055	0.389255	40.000000
57.092807	39.777752	0.355597	0.000000	-0.016248	0.339349	40.000000
56.992797	39.776127	0.358197	0.000000	-0.011163	0.347034	40.000000
56.896788	39.775055	0.359912	0.000000	-0.002044	0.357868	40.000000
56.806778	39.774871	0.360206	0.000000	-0.033139	0.327067	40.000000
56.719770	39.771988	0.364820	0.000000	-0.005598	0.359222	40.000000
56.624760	39.771456	0.365671	0.000000	0.019009	0.384680	40.000000
56.536751	39.773129	0.362994	0.000000	-0.017508	0.345486	40.000000
56.447742	39.771570	0.365487	0.000000	0.016849	0.382336	40.000000
56.358734	39.773070	0.363088	0.000000	-0.018152	0.344936	40.000000
56.193717	39.770075	0.367881	0.000000	-0.036222	0.331659	40.000000
56.090707	39.766343	0.373851	0.000000	-0.002283	0.371567	40.000000
55.989697	39.766113	0.374220	0.000000	-0.054527	0.319692	40.000000
55.891687	39.760769	0.382770	0.000000	-0.009667	0.373103	40.000000
55.792677	39.759811	0.384302	0.000000	0.010313	0.394615	40.000000
55.693667	39.760833	0.382668	0.000000	-0.007536	0.375132	40.000000
55.589657	39.760049	0.383922	0.000000	-0.027278	0.356644	40.000000
55.490647	39.757348	0.388243	0.000000	-0.009140	0.379103	40.000000
55.392637	39.756452	0.389677	0.000000	-0.012986	0.376691	40.000000
55.295627	39.755192	0.391692	0.000000	-0.043945	0.347747	40.000000
55.198617	39.750929	0.398513	0.000000	0.021648	0.420161	40.000000
55.090607	39.753267	0.394772	0.000000	0.021647	0.416419	40.000000
54.990597	39.755432	0.391308	0.000000	0.021192	0.412500	40.000000
54.891587	39.757531	0.387951	0.000000	-0.006598	0.381353	40.000000
54.791577	39.756871	0.389007	0.000000	-0.008109	0.380898	40.000000
54.695567	39.756092	0.390253	0.000000	-0.017642	0.372611	40.000000
54.593557	39.754293	0.393132	0.000000	0.015141	0.408273	40.000000
54.490547	39.755852	0.390636	0.000000	0.013935	0.404572	40.000000
54.391537	39.757232	0.388429	0.000000	0.017395	0.405824	40.000000
54.291527	39.758972	0.385645	0.000000	-0.043483	0.342162	40.000000
54.193517	39.754710	0.392464	0.000000	0.017183	0.409647	40.000000
54.092507	39.756445	0.389687	0.000000	-0.007127	0.382561	40.000000
53.991497	39.755726	0.390839	0.000000	0.002373	0.393212	40.000000
53.891487	39.755963	0.390459	0.000000	0.014730	0.405190	40.000000
53.793477	39.757407	0.388150	0.000000	0.030591	0.418740	40.000000
53.693467	39.760466	0.383255	0.000000	0.032362	0.415616	40.000000
53.589457	39.763832	0.377869	0.000000	-0.024144	0.353725	40.000000
53.492447	39.761490	0.381616	0.000000	0.047399	0.429015	40.000000
53.392437	39.766230	0.374032	0.000000	0.043380	0.417411	40.000000
53.291427	39.770612	0.367021	0.000000	-0.003019	0.364002	40.000000
53.193417	39.770316	0.367495	0.000000	0.010096	0.377590	40.000000
53.092407	39.771336	0.365863	0.000000	0.015672	0.381534	40.000000
52.989397	39.772950	0.363280	0.000000	0.008011	0.371291	40.000000
52.891387	39.773735	0.362024	0.000000	-0.008740	0.353284	40.000000
52.794377	39.772887	0.363380	0.000000	-0.011871	0.351510	40.000000
52.688367	39.771629	0.365394	0.000000	0.006787	0.372181	40.000000
52.590357	39.772294	0.364329	0.000000	0.012958	0.377288	40.000000
52.493347	39.773551	0.362318	0.000000	0.020796	0.383114	40.000000
52.395338	39.775589	0.359057	0.000000	0.050133	0.409190	40.000000
52.292327	39.780754	0.350794	0.000000	0.034094	0.384888	40.000000
52.190317	39.784232	0.345229	0.000000	0.013836	0.359065	40.000000
52.090307	39.785615	0.343015	0.000000	0.000567	0.343583	40.000000
51.989297	39.785673	0.342924	0.000000	-0.033677	0.309247	40.000000
51.891287	39.782372	0.348205	0.000000	0.062479	0.410684	40.000000
51.796278	39.788308	0.338707	0.000000	-0.000682	0.338025	40.000000
51.710269	39.788250	0.338801	0.000000	0.002696	0.341497	40.000000
51.621260	39.788490	0.338417	0.000000	-0.010239	0.328177	40.000000
51.533251	39.787588	0.339859	0.000000	-0.053658	0.286201	40.000000
51.447243	39.782973	0.347243	0.000000	-0.004119	0.343124	40.000000
51.358233	39.782607	0.347829	0.000000	-0.007335	0.340494	40.000000
51.195217	39.781411	0.349742	0.000000	-0.030908	0.318834	40.000000
51.094207	39.778289	0.354738	0.000000	-0.012799	0.341939	40.000000
50.991197	39.776971	0.356847	0.000000	-0.063024	0.293823	40.000000
50.892187	39.770730	0.366831	0.000000	0.039615	0.406446	40.000000
50.792177	39.774692	0.360492	0.000000	0.039409	0.399901	40.000000
50.693167	39.778594	0.354249	0.000000	0.036820	0.391070	40.000000
50.592157	39.782313	0.348298	0.000000	0.023326	0.371625	40.000000
50.492147	39.784646	0.344566	0.000000	0.020033	0.364599	40.000000
50.390137	39.786690	0.341296	0.000000	0.019613	0.360909	40.000000
50.292127	39.788612	0.338221	0.000000	-0.021025	0.317196	40.000000
50.195117	39.786573	0.341484	0.000000	-0.008488	0.332996	40.000000
50.089107	39.785673	0.342924	0.000000	-0.009372	0.333551	40.000000
49.993097	39.784773	0.344363	0.000000	-0.004312	0.340052	40.000000
49.895087	39.784350	0.345039	0.000000	-0.005867	0.339172	40.000000
49.793077	39.783752	0.345997	0.000000	-0.009051	0.336947	40.000000
49.693067	39.782847	0.347445	0.000000	-0.001733	0.345713	40.000000
49.593057	39.782673	0.347723	0.000000	-0.016668	0.331054	40.000000
49.492047	39.780990	0.350416	0.000000	-0.087906	0.262510	40.000000
49.393037	39.772286	0.364342	0.000000	-0.037609	0.326733	40.000000
49.291027	39.768450	0.370481	0.000000	-0.022507	0.347974	40.000000
49.195017	39.766289	0.373938	0.000000	0.025928	0.399866	40.000000
49.091007	39.768986	0.369623	0.000000	-0.001212	0.368411	40.000000
48.991997	39.768866	0.369815	0.000000	0.029136	0.398951	40.000000
48.892987	39.771750	0.365200	0.000000	0.043379	0.408579	40.000000
48.791977	39.776132	0.358189	0.000000	0.058732	0.416921	40.000000
48.695968	39.781771	0.349167	0.000000	-0.005091	0.344076	40.000000
48.590957	39.781236	0.350022	0.000000	0.006638	0.356660	40.000000
48.491947	39.781894	0.348970	0.000000	-0.014951	0.334020	40.000000
48.394938	39.780443	0.351291	0.000000	-0.035706	0.315585	40.000000
48.295928	39.776908	0.356947	0.000000	-0.008742	0.348205	40.000000
48.193917	39.776016	0.358374	0.000000	-0.009262	0.349112	40.000000
48.095908	39.775108	0.359827	0.000000	-0.005052	0.354774	40.000000
47.990897	39.774578	0.360676	0.000000	-0.004282	0.356394	40.000000
47.891887	39.774154	0.361354	0.000000	0.001759	0.363113	40.000000
47.791877	39.774330	0.361072	0.000000	-0.055099	0.305974	40.000000
47.693867	39.768930	0.369713	0.000000	-0.005841	0.363871	40.000000
47.591857	39.768334	0.370666	0.000000	-0.025832	0.344834	40.000000
47.491847	39.765750	0.374800	0.000000	0.000592	0.375392	40.000000
47.392837	39.765809	0.374706	0.000000	0.015780	0.390486	40.000000
47.293827	39.767371	0.372206	0.000000	0.045148	0.417354	40.000000
47.192817	39.771932	0.364909	0.000000	0.044523	0.409432	40.000000
47.095808	39.776251	0.357999	0.000000	0.050374	0.408373	40.000000
46.989797	39.781591	0.349455	0.000000	0.005522	0.354977	40.000000
46.891787	39.782132	0.348589	0.000000	0.023433	0.372021	40.000000
46.791777	39.784476	0.344839	0.000000	0.013886	0.358725	40.000000
46.688767	39.785906	0.342550	0.000000	0.064960	0.407510	40.000000
46.590757	39.792273	0.332364	0.000000	0.046847	0.379210	40.000000
46.494747	39.796770	0.325167	0.000000	-0.023044	0.302123	40.000000
46.390737	39.794374	0.329002	0.000000	0.000544	0.329546	40.000000
46.292727	39.794427	0.328917	0.000000	-0.038322	0.290595	40.000000
46.192717	39.790594	0.335049	0.000000	-0.066450	0.268599	40.000000
46.090707	39.783816	0.345895	0.000000	-0.037175	0.308719	40.000000
45.990697	39.780098	0.351843	0.000000	-0.007539	0.344304	40.000000
45.894687	39.779374	0.353002	0.000000	-0.014345	0.338656	40.000000
45.793677	39.777925	0.355320	0.000000	0.004652	0.359972	40.000000
45.689667	39.778409	0.354546	0.000000	0.040621	0.395166	40.000000
45.590657	39.782431	0.348111	0.000000	-0.053207	0.294904	40.000000
45.493647	39.777269	0.356369	0.000000	-0.012950	0.343419	40.000000
45.391637	39.775948	0.358483	0.000000	-0.027556	0.330927	40.000000
45.293627	39.773247	0.362804	0.000000	0.016167	0.378971	40.000000
45.200618	39.774751	0.360398	0.000000	0.012131	0.372529	40.000000
45.091607	39.776073	0.358283	0.000000	-0.011397	0.346886	40.000000
44.991597	39.774934	0.360106	0.000000	-0.039811	0.320295	40.000000
44.893587	39.771032	0.366349	0.000000	-0.031170	0.335179	40.000000
44.789577	39.767790	0.371536	0.000000	-0.036931	0.334605	40.000000
44.690567	39.764133	0.377387	0.000000	0.027870	0.405257	40.000000
44.591557	39.766893	0.372972	0.000000	0.026012	0.398984	40.000000
44.492547	39.769468	0.368851	0.000000	0.031532	0.400383	40.000000
44.393537	39.772590	0.363856	0.000000	0.015904	0.379760	40.000000
44.291527	39.774212	0.361260	0.000000	0.013686	0.374946	40.000000
44.190517	39.775595	0.359048	0.000000	-0.028209	0.330839	40.000000
44.092507	39.772830	0.363472	0.000000	-0.038602	0.324870	40.000000
43.991497	39.768931	0.369711	0.000000	-0.030327	0.339383	40.000000
43.890487	39.765867	0.374612	0.000000	-0.030514	0.344098	40.000000
43.788477	39.762755	0.379592	0.000000	-0.028214	0.351379	40.000000
43.692467	39.760046	0.383926	0.000000	0.012131	0.396057	40.000000
43.593457	39.761247	0.382005	0.000000	-0.057002	0.325002	40.000000
43.491447	39.755432	0.391308	0.000000	0.001213	0.392521	40.000000
43.391437	39.755554	0.391114	0.000000	0.007304	0.398418	40.000000
43.293427	39.756269	0.389969	0.000000	0.033207	0.423175	40.000000
43.190417	39.759690	0.384496	0.000000	0.062457	0.446953	40.000000
43.092407	39.765812	0.374702	0.000000	0.021216	0.395917	40.000000
42.996397	39.767848	0.371443	0.000000	0.006419	0.377861	40.000000
42.893387	39.768510	0.370385	0.000000	-0.043677	0.326708	40.000000
42.794377	39.764185	0.377304	0.000000	-0.035174	0.342130	40.000000
42.709369	39.761195	0.382088	0.000000	-0.023640	0.358448	40.000000
42.592357	39.758429	0.386514	0.000000	-0.044986	0.341527	40.000000
42.492347	39.753930	0.393712	0.000000	0.039422	0.433134	40.000000
42.393337	39.757833	0.387467	0.000000	0.043377	0.430844	40.000000
42.288327	39.762388	0.380179	0.000000	0.058799	0.438977	40.000000
42.190317	39.768151	0.370958	0.000000	0.028800	0.399758	40.000000
42.096308	39.770858	0.366626	0.000000	0.054777	0.421403	40.000000
41.991297	39.776611	0.357423	0.000000	0.057582	0.415005	40.000000
41.891287	39.782369	0.348209	0.000000	0.055823	0.404032	40.000000
41.791277	39.787952	0.339276	0.000000	0.042786	0.382062	40.000000
41.690267	39.792274	0.332361	0.000000	0.001836	0.334198	40.000000
41.592257	39.792454	0.332074	0.000000	-0.034901	0.297173	40.000000
41.494247	39.789033	0.337547	0.000000	5.176420E-5	0.337598	40.000000
41.391237	39.789039	0.337538	0.000000	-0.014449	0.323089	40.000000
41.291227	39.787594	0.339850	0.000000	-0.044310	0.295540	40.000000
41.192217	39.783207	0.346869	0.000000	-0.002932	0.343937	40.000000
41.092207	39.782913	0.347339	0.000000	-0.028231	0.319107	40.000000
40.992197	39.780090	0.351856	0.000000	-0.007257	0.344599	40.000000
40.893187	39.779371	0.353006	0.000000	-0.005254	0.347752	40.000000
40.790177	39.778830	0.353872	0.000000	0.046033	0.399905	40.000000
40.691167	39.783388	0.346579	0.000000	0.037202	0.383781	40.000000
40.591157	39.787108	0.340626	0.000000	0.006651	0.347278	40.000000
40.492147	39.787767	0.339573	0.000000	-0.030516	0.309056	40.000000
40.388137	39.784593	0.344651	0.000000	-0.033065	0.311587	40.000000
40.290127	39.781352	0.349836	0.000000	-0.027753	0.322083	40.000000
40.195117	39.778716	0.354055	0.000000	-0.021929	0.332126	40.000000
40.091107	39.776435	0.357705	0.000000	-0.010976	0.346728	40.000000
39.993097	39.775359	0.359426	0.000000	-0.040828	0.318598	40.000000
39.893087	39.771276	0.365959	0.000000	-0.002989	0.362969	40.000000
39.790077	39.770968	0.366452	0.000000	-0.013895	0.352557	40.000000
39.691067	39.769592	0.368653	0.000000	0.024552	0.393205	40.000000
39.591057	39.772048	0.364724	0.000000	0.041715	0.406439	40.000000
39.493047	39.776136	0.358182	0.000000	-0.064071	0.294111	40.000000
39.390037	39.769536	0.368742	0.000000	-0.013013	0.355729	40.000000
39.293027	39.768274	0.370762	0.000000	-0.022820	0.347942	40.000000
39.193017	39.765991	0.374414	0.000000	-0.013105	0.361309	40.000000
39.092007	39.764668	0.376532	0.000000	0.003666	0.380197	40.000000
38.992000	39.765034	0.375945	0.000000	-0.011157	0.364788	40.000000
38.900000	39.764008	0.377587	0.000000	0.014315	0.391903	40.000000
38.812000	39.765268	0.375572	0.000000	-0.019453	0.356118	40.000000
38.726000	39.763595	0.378249	0.000000	0.023471	0.401720	40.000000
38.642000	39.765566	0.375094	0.000000	-0.020388	0.354706	40.000000
38.557000	39.763833	0.377867	0.000000	-0.027510	0.350357	40.000000
38.389000	39.759212	0.385262	0.000000	-0.004420	0.380841	40.000000
38.294000	39.758792	0.385933	0.000000	0.013920	0.399853	40.000000
38.208000	39.759989	0.384018	0.000000	-0.016113	0.367905	40.000000
38.093000	39.758136	0.386983	0.000000	0.014128	0.401110	40.000000
37.996000	39.759506	0.384790	0.000000	0.067382	0.452173	40.000000
37.890000	39.766649	0.373362	0.000000	0.027321	0.400683	40.000000
37.791000	39.769353	0.369034	0.000000	0.041991	0.411026	40.000000
37.691000	39.773553	0.362316	0.000000	0.047106	0.409422	40.000000
37.593000	39.778169	0.354930	0.000000	-0.011710	0.343220	40.000000
37.491000	39.776975	0.356841	0.000000	0.043560	0.400401	40.000000
37.392000	39.781287	0.349941	0.000000	-0.013184	0.336757	40.000000
37.292000	39.779969	0.352050	0.000000	0.013713	0.365764	40.000000
37.191000	39.781354	0.349834	0.000000	0.040427	0.390261	40.000000
37.093000	39.785316	0.343495	0.000000	0.007434	0.350930	40.000000
36.989000	39.786089	0.342258	0.000000	-0.011486	0.330772	40.000000
36.890000	39.784952	0.344077	0.000000	-0.056266	0.287811	40.000000
36.794000	39.779550	0.352720	0.000000	-0.012298	0.340422	40.000000
36.692000	39.778296	0.354727	0.000000	-0.014997	0.339730	40.000000
36.588000	39.776736	0.357223	0.000000	-0.013164	0.344059	40.000000
36.492000	39.775472	0.359244	0.000000	-0.029407	0.329837	40.000000
36.392000	39.772531	0.363950	0.000000	-0.026727	0.337222	40.000000
36.291000	39.769832	0.368269	0.000000	-0.038514	0.329755	40.000000
36.199000	39.766289	0.373938	0.000000	0.018848	0.392786	40.000000
36.091000	39.768324	0.370681	0.000000	-0.011826	0.358855	40.000000
35.990000	39.767130	0.372592	0.000000	0.011540	0.384132	40.000000
35.891000	39.768272	0.370764	0.000000	-0.006304	0.364460	40.000000
35.795000	39.767667	0.371733	0.000000	0.010918	0.382651	40.000000
35.690000	39.768814	0.369898	0.000000	0.009035	0.378933	40.000000
35.591000	39.769708	0.368467	0.000000	-0.038012	0.330455	40.000000
35.490000	39.765869	0.374610	0.000000	0.001872	0.376482	40.000000
35.391000	39.766054	0.374313	0.000000	-0.004826	0.369488	40.000000
35.291000	39.765572	0.375086	0.000000	0.008631	0.383716	40.000000
35.194000	39.766409	0.373746	0.000000	0.019304	0.393050	40.000000
35.088000	39.768455	0.370472	0.000000	-0.036142	0.334330	40.000000
34.990000	39.764913	0.376139	0.000000	0.044247	0.420386	40.000000
34.891000	39.769293	0.369130	0.000000	0.018165	0.387295	40.000000
34.792000	39.771092	0.366253	0.000000	0.021963	0.388216	40.000000
34.691000	39.773310	0.362704	0.000000	0.003599	0.366303	40.000000
34.591000	39.773670	0.362128	0.000000	0.009529	0.371658	40.000000
34.490000	39.774632	0.360588	0.000000	0.004799	0.365387	40.000000
34.390000	39.775112	0.359820	0.000000	0.039016	0.398836	40.000000
34.293000	39.778897	0.353765	0.000000	-0.014596	0.339169	40.000000
34.194000	39.777452	0.356077	0.000000	-0.030855	0.325223	40.000000
34.091000	39.774274	0.361162	0.000000	-0.047840	0.313321	40.000000
33.993000	39.769585	0.368663	0.000000	-0.019309	0.349354	40.000000
33.894000	39.767674	0.371722	0.000000	0.002875	0.374597	40.000000
33.792000	39.767967	0.371253	0.000000	0.003124	0.374377	40.000000
33.693000	39.768276	0.370758	0.000000	0.008995	0.379753	40.000000
33.594000	39.769167	0.369333	0.000000	0.041405	0.410738	40.000000
33.494000	39.773307	0.362708	0.000000	0.011828	0.374536	40.000000
33.392000	39.774514	0.360778	0.000000	-0.012651	0.348127	40.000000
33.292000	39.773249	0.362802	0.000000	-0.032680	0.330122	40.000000
33.193000	39.770013	0.367979	0.000000	-0.002941	0.365038	40.000000
33.091000	39.769713	0.368459	0.000000	0.014801	0.383260	40.000000
32.994000	39.771149	0.366161	0.000000	0.012350	0.378512	40.000000
32.892000	39.772409	0.364146	0.000000	-0.031455	0.332691	40.000000
32.793000	39.769295	0.369128	0.000000	0.032993	0.402122	40.000000
32.693000	39.772594	0.363849	0.000000	0.015148	0.378998	40.000000
32.594000	39.774094	0.361450	0.000000	0.022570	0.384020	40.000000
32.493000	39.776373	0.357803	0.000000	-0.020758	0.337045	40.000000
32.395000	39.774339	0.361057	0.000000	0.045511	0.406568	40.000000
32.295000	39.778890	0.353776	0.000000	0.017554	0.371330	40.000000
32.206000	39.780452	0.351276	0.000000	-0.011397	0.339879	40.000000
32.095000	39.779187	0.353300	0.000000	0.004089	0.357389	40.000000
31.991000	39.779613	0.352620	0.000000	-0.015216	0.337404	40.000000
31.892000	39.778106	0.355030	0.000000	0.030048	0.385078	40.000000
31.794000	39.781051	0.350318	0.000000	0.014344	0.364662	40.000000
31.694000	39.782485	0.348023	0.000000	0.040070	0.388094	40.000000
31.592000	39.786573	0.341484	0.000000	0.003586	0.345070	40.000000
31.492000	39.786931	0.340910	0.000000	-0.003550	0.337360	40.000000
31.391000	39.786573	0.341484	0.000000	0.029368	0.370852	40.000000
31.293000	39.789451	0.336879	0.000000	-0.000599	0.336280	40.000000
31.195000	39.789392	0.336973	0.000000	-0.007421	0.329552	40.000000
31.098000	39.788672	0.338125	0.000000	-0.008307	0.329818	40.000000
30.990000	39.787775	0.339560	0.000000	-0.006719	0.332841	40.000000
30.891000	39.787110	0.340624	0.000000	-0.014210	0.326414	40.000000
30.794000	39.785731	0.342830	0.000000	0.000575	0.343405	40.000000
30.692000	39.785790	0.342736	0.000000	0.020241	0.362977	40.000000
30.594000	39.787774	0.339562	0.000000	-0.027360	0.312202	40.000000
30.491000	39.784956	0.344071	0.000000	0.011499	0.355570	40.000000
30.392000	39.786094	0.342250	0.000000	-0.004268	0.337981	40.000000
30.293000	39.785671	0.342926	0.000000	-0.014026	0.328900	40.000000
30.199000	39.784353	0.345035	0.000000	0.010349	0.355385	40.000000
30.089000	39.785491	0.343214	0.000000	0.006129	0.349343	40.000000
29.992000	39.786086	0.342262	0.000000	0.005494	0.347756	40.000000
29.893000	39.786630	0.341392	0.000000	-0.005926	0.335466	40.000000
29.792000	39.786031	0.342350	0.000000	0.009876	0.352225	40.000000
29.694000	39.786999	0.340801	0.000000	0.005794	0.346596	40.000000
29.593000	39.787584	0.339865	0.000000	0.007865	0.347730	40.000000
29.493000	39.788371	0.338607	0.000000	-0.019006	0.319601	40.000000
29.392000	39.786451	0.341678	0.000000	-0.006032	0.335646	40.000000
29.293000	39.785854	0.342634	0.000000	0.008207	0.350841	40.000000
29.191000	39.786691	0.341294	0.000000	0.003581	0.344875	40.000000
29.089000	39.787056	0.340710	0.000000	0.033795	0.374504	40.000000
28.995000	39.790233	0.335627	0.000000	0.004172	0.339799	40.000000
28.895000	39.790650	0.334959	0.000000	-0.009901	0.325058	40.000000
28.792000	39.789631	0.336591	0.000000	0.009103	0.345694	40.000000
28.693000	39.790532	0.335149	0.000000	-0.061162	0.273987	40.000000
28.592000	39.784354	0.345033	0.000000	-0.005966	0.339067	40.000000
28.491000	39.783752	0.345997	0.000000	-0.009143	0.336854	40.000000
28.399000	39.782911	0.347343	0.000000	-0.031785	0.315558	40.000000
28.316000	39.780273	0.351564	0.000000	0.020301	0.371865	40.000000
28.233000	39.781958	0.348868	0.000000	-0.010571	0.338296	40.000000
28.147000	39.781048	0.350323	0.000000	-0.017881	0.332441	40.000000
28.060000	39.779493	0.352812	0.000000	-0.032001	0.320810	40.000000
27.893000	39.774148	0.361362	0.000000	0.012978	0.374340	40.000000
27.791000	39.775472	0.359244	0.000000	0.010980	0.370224	40.000000
27.698000	39.776493	0.357611	0.000000	-0.006250	0.351360	40.000000
27.592000	39.775831	0.358671	0.000000	0.011879	0.370550	40.000000
27.491000	39.777031	0.356751	0.000000	0.030351	0.387102	40.000000
27.392000	39.780035	0.351944	0.000000	-0.024594	0.327350	40.000000
27.294000	39.777625	0.355800	0.000000	-0.011337	0.344463	40.000000
27.189000	39.776435	0.357705	0.000000	-0.021424	0.336280	40.000000
27.091000	39.774335	0.361064	0.000000	0.038934	0.399997	40.000000
26.994000	39.778112	0.355021	0.000000	0.013553	0.368574	40.000000
26.892000	39.779494	0.352810	0.000000	-0.031245	0.321564	40.000000
26.794000	39.776432	0.357709	0.000000	-0.055249	0.302460	40.000000
26.693000	39.770852	0.366637	0.000000	-0.010110	0.356527	40.000000
26.592000	39.769831	0.368271	0.000000	0.019236	0.387507	40.000000
26.492000	39.771754	0.365193	0.000000	0.021609	0.386802	40.000000
26.392000	39.773915	0.361736	0.000000	-0.032747	0.328988	40.000000
26.293000	39.770673	0.366923	0.000000	-0.035702	0.331221	40.000000
26.192000	39.767067	0.372692	0.000000	0.001908	0.374601	40.000000
26.097000	39.767249	0.372402	0.000000	-0.021151	0.351251	40.000000
25.992000	39.765028	0.375956	0.000000	0.014477	0.390433	40.000000
25.892000	39.766475	0.373639	0.000000	0.023859	0.397499	40.000000
25.794000	39.768814	0.369898	0.000000	0.018425	0.388324	40.000000
25.693000	39.770675	0.366921	0.000000	0.037248	0.404169	40.000000
25.590000	39.774511	0.360782	0.000000	-0.008804	0.351979	40.000000
25.494000	39.773666	0.362135	0.000000	-0.025029	0.337106	40.000000
25.396000	39.771213	0.366059	0.000000	0.000577	0.366636	40.000000
25.292000	39.771273	0.365963	0.000000	-0.029718	0.336245	40.000000
25.193000	39.768331	0.370670	0.000000	-0.015442	0.355228	40.000000
25.092000	39.766771	0.373166	0.000000	-0.030337	0.342829	40.000000
24.993000	39.763768	0.377971	0.000000	-0.011472	0.366499	40.000000
24.894000	39.762632	0.379789	0.000000	-0.000523	0.379266	40.000000
24.792000	39.762579	0.379874	0.000000	0.018127	0.398001	40.000000
24.690000	39.764428	0.376916	0.000000	0.024485	0.401400	40.000000
24.592000	39.766827	0.373076	0.000000	0.005638	0.378714	40.000000
24.496000	39.767369	0.372210	0.000000	0.027474	0.399684	40.000000
24.391000	39.770253	0.367595	0.000000	0.041837	0.409431	40.000000
24.292000	39.774395	0.360968	0.000000	0.071833	0.432801	40.000000
24.196000	39.781291	0.349934	0.000000	0.035087	0.385022	40.000000
24.090000	39.785010	0.343984	0.000000	0.046521	0.390505	40.000000
23.992000	39.789569	0.336689	0.000000	0.041837	0.378526	40.000000
23.893000	39.793711	0.330062	0.000000	-0.025302	0.304760	40.000000
23.791000	39.791130	0.334192	0.000000	-0.037806	0.296386	40.000000
23.691000	39.787350	0.340240	0.000000	-0.022036	0.318204	40.000000
23.593000	39.785190	0.343696	0.000000	-0.052243	0.291453	40.000000
23.493000	39.779966	0.352055	0.000000	-0.007005	0.345049	40.000000
23.391000	39.779251	0.353198	0.000000	-0.022703	0.330495	40.000000
23.293000	39.777027	0.356758	0.000000	-0.014782	0.341975	40.000000
23.192000	39.775534	0.359146	0.000000	-0.012132	0.347014	40.000000
23.093000	39.774332	0.361068	0.000000	0.011984	0.373052	40.000000
22.993000	39.775531	0.359151	0.000000	-0.029447	0.329703	40.000000
22.893000	39.772586	0.363862	0.000000	0.015343	0.379205	40.000000
22.791000	39.774151	0.361358	0.000000	-0.075082	0.286276	40.000000
22.692000	39.766718	0.373251	0.000000	-0.099691	0.273560	40.000000
22.595000	39.757048	0.388723	0.000000	-0.070025	0.318698	40.000000
22.493000	39.749905	0.400151	0.000000	0.001320	0.401471	40.000000
22.394000	39.750036	0.399942	0.000000	0.042880	0.442822	40.000000
22.292000	39.754410	0.392944	0.000000	0.034124	0.427068	40.000000
22.190000	39.757890	0.387375	0.000000	-0.018948	0.368427	40.000000
22.092000	39.756034	0.390346	0.000000	-0.019982	0.370365	40.000000
21.999000	39.754175	0.393320	0.000000	-0.023806	0.369513	40.000000
21.893000	39.751652	0.397357	0.000000	-0.001821	0.395536	40.000000
21.792000	39.751468	0.397652	0.000000	-0.025947	0.371705	40.000000
21.695000	39.748951	0.401678	0.000000	-0.073553	0.328125	40.000000
21.593000	39.741449	0.413682	0.000000	-0.053428	0.360254	40.000000
21.492000	39.736052	0.422316	0.000000	-0.023797	0.398519	40.000000
21.391000	39.733649	0.426162	0.000000	-0.057638	0.368524	40.000000
21.290000	39.727827	0.435476	0.000000	-0.077112	0.358364	40.000000
21.199000	39.720810	0.446704	0.000000	-0.046036	0.400668	40.000000
21.096000	39.716068	0.454291	0.000000	-0.103535	0.350756	40.000000
20.994000	39.705508	0.471187	0.000000	-0.046592	0.424595	40.000000
20.891000	39.700709	0.478866	0.000000	-0.010185	0.468681	40.000000
20.791000	39.699690	0.480495	0.000000	-0.005480	0.475015	40.000000
20.692000	39.699148	0.481363	0.000000	0.005985	0.487349	40.000000
20.592000	39.699746	0.480406	0.000000	0.004411	0.484817	40.000000
20.495000	39.700174	0.479721	0.000000	-0.013030	0.466691	40.000000
20.393000	39.698845	0.481848	0.000000	0.016467	0.498315	40.000000
20.291000	39.700525	0.479160	0.000000	0.001831	0.480991	40.000000
20.192000	39.700706	0.478870	0.000000	0.029994	0.508864	40.000000
20.092000	39.703706	0.474071	0.000000	-0.009780	0.464291	40.000000
19.994000	39.702747	0.475605	0.000000	0.004791	0.480396	40.000000
19.893000	39.703231	0.474830	0.000000	0.006094	0.480924	40.000000
19.795000	39.703828	0.473875	0.000000	-0.002304	0.471571	40.000000
19.692000	39.703591	0.474254	0.000000	0.022742	0.496997	40.000000
19.592000	39.705865	0.470616	0.000000	0.027927	0.498543	40.000000
19.493000	39.708630	0.466192	0.000000	0.023840	0.490032	40.000000
19.390000	39.711085	0.462263	0.000000	0.001212	0.463475	40.000000
19.291000	39.711205	0.462071	0.000000	0.058881	0.520953	40.000000
19.191000	39.717094	0.452650	0.000000	0.114492	0.567142	40.000000
19.103000	39.727169	0.436530	0.000000	0.119442	0.555972	40.000000
19.003000	39.739113	0.417419	0.000000	0.129537	0.546957	40.000000
18.922000	39.749605	0.400631	0.000000	0.139842	0.540473	40.000000
18.840000	39.761072	0.382284	0.000000	0.134639	0.516923	40.000000
18.758000	39.772113	0.364619	0.000000	0.133633	0.498253	40.000000
18.591000	39.794430	0.328913	0.000000	0.168006	0.496918	40.000000
18.491000	39.811230	0.302032	0.000000	0.170458	0.472489	40.000000
18.391000	39.828276	0.274758	0.000000	0.222058	0.496817	40.000000
18.294000	39.849816	0.240295	0.000000	0.185628	0.425923	40.000000
18.198000	39.867636	0.211782	0.000000	0.212812	0.424594	40.000000
18.092000	39.890194	0.175690	0.000000	0.195731	0.371421	40.000000
17.993000	39.909571	0.144686	0.000000	0.241243	0.385929	40.000000
17.892000	39.933937	0.105701	0.000000	0.265226	0.370927	40.000000
17.792000	39.960460	0.063265	0.000000	0.205211	0.268476	40.000000
17.692000	39.980981	0.030431	0.000000	0.261038	0.291469	40.000000
17.594000	40.006562	-0.010500	0.000000	0.220485	0.209985	40.000000
17.490000	40.029493	-0.047189	0.000000	0.271143	0.223954	40.000000
17.391000	40.056336	-0.090138	0.000000	0.213359	0.123221	40.000000
17.292000	40.077459	-0.123934	0.000000	0.264497	0.140564	40.000000
17.198000	40.102321	-0.163714	0.000000	0.243041	0.079327	40.000000
17.093000	40.127841	-0.204545	0.000000	0.252418	0.047873	40.000000
16.995000	40.152578	-0.244124	0.000000	0.179406	-0.064718	40.000000
16.892000	40.171056	-0.273690	0.000000	0.227499	-0.046191	40.000000
16.792000	40.193806	-0.310090	0.000000	0.186048	-0.124043	40.000000
16.693000	40.212225	-0.339560	0.000000	0.213023	-0.126537	40.000000
16.591000	40.233953	-0.374325	0.000000	0.253883	-0.120442	40.000000
16.490000	40.259596	-0.415353	0.000000	0.218773	-0.196580	40.000000
16.394000	40.280598	-0.448957	0.000000	0.212805	-0.236151	40.000000
16.295000	40.301666	-0.482665	0.000000	0.247451	-0.235214	40.000000
16.195000	40.326411	-0.522257	0.000000	0.217978	-0.304279	40.000000
16.097000	40.347773	-0.556436	0.000000	0.208906	-0.347531	40.000000
15.995000	40.369081	-0.590530	0.000000	0.222097	-0.368432	40.000000
15.895000	40.391291	-0.626065	0.000000	0.204031	-0.422034	40.000000
15.795000	40.411694	-0.658710	0.000000	0.198204	-0.460506	40.000000
15.696000	40.431316	-0.690106	0.000000	0.190493	-0.499612	40.000000
15.593000	40.450937	-0.721499	0.000000	0.175080	-0.546419	40.000000
15.494000	40.468270	-0.749232	0.000000	0.185937	-0.563295	40.000000
15.392000	40.487235	-0.779577	0.000000	0.178090	-0.601487	40.000000
15.292000	40.505044	-0.808071	0.000000	0.170814	-0.637257	40.000000
15.200000	40.520759	-0.833215	0.000000	0.167007	-0.666207	40.000000
15.098000	40.537794	-0.860470	0.000000	0.169340	-0.691130	40.000000
14.996000	40.555067	-0.888107	0.000000	0.127334	-0.760773	40.000000
14.893000	40.568182	-0.909091	0.000000	0.160372	-0.748719	40.000000
14.792000	40.584380	-0.935007	0.000000	0.157818	-0.777189	40.000000
14.694000	40.599846	-0.959753	0.000000	0.166211	-0.793542	40.000000
14.593000	40.616633	-0.986613	0.000000	0.150236	-0.836377	40.000000
14.496000	40.631206	-1.009929	0.000000	0.158459	-0.851470	40.000000
14.398000	40.646735	-1.034776	0.000000	0.130542	-0.904234	40.000000
14.292000	40.660572	-1.056916	0.000000	0.100567	-0.956349	40.000000
14.195000	40.670327	-1.072524	0.000000	0.074333	-0.998191	40.000000
14.093000	40.677909	-1.084655	0.000000	0.150450	-0.934205	40.000000
13.995000	40.692653	-1.108245	0.000000	0.050059	-1.058186	40.000000
13.894000	40.697709	-1.116335	0.000000	0.084886	-1.031449	40.000000
13.794000	40.706198	-1.129917	0.000000	0.106116	-1.023801	40.000000
13.693000	40.716916	-1.147065	0.000000	0.108152	-1.038913	40.000000
13.594000	40.727623	-1.164196	0.000000	0.104032	-1.060164	40.000000
13.495000	40.737922	-1.180675	0.000000	0.095773	-1.084902	40.000000
13.392000	40.747786	-1.196458	0.000000	0.082907	-1.113551	40.000000
13.294000	40.755911	-1.209458	0.000000	0.062685	-1.146773	40.000000
13.196000	40.762054	-1.219287	0.000000	0.054993	-1.164294	40.000000
13.092000	40.767774	-1.228438	0.000000	0.037698	-1.190739	40.000000
12.993000	40.771506	-1.234409	0.000000	0.014908	-1.219501	40.000000
12.892000	40.773011	-1.236818	0.000000	-0.002456	-1.239274	40.000000
12.794000	40.772771	-1.236433	0.000000	-0.006593	-1.243027	40.000000
12.693000	40.772105	-1.235368	0.000000	-0.001861	-1.237229	40.000000
12.596000	40.771924	-1.235079	0.000000	0.022995	-1.212084	40.000000
12.494000	40.774270	-1.238832	0.000000	-0.055442	-1.294273	40.000000
12.392000	40.768615	-1.229784	0.000000	-0.057757	-1.287540	40.000000
12.293000	40.762897	-1.220635	0.000000	-0.039328	-1.259963	40.000000
12.198000	40.759161	-1.214657	0.000000	-0.090567	-1.305224	40.000000
12.095000	40.749832	-1.199732	0.000000	-0.078842	-1.278574	40.000000
11.995000	40.741948	-1.187117	0.000000	-0.087513	-1.274630	40.000000
11.896000	40.733284	-1.173255	0.000000	-0.109407	-1.282662	40.000000
11.792000	40.721906	-1.155050	0.000000	-0.181698	-1.336748	40.000000
11.693000	40.703918	-1.126269	0.000000	-0.184316	-1.310585	40.000000
11.595000	40.685855	-1.097368	0.000000	-0.227923	-1.325291	40.000000
11.492000	40.662379	-1.059806	0.000000	-0.213658	-1.273465	40.000000
11.392000	40.641013	-1.025621	0.000000	-0.244937	-1.270557	40.000000
11.292000	40.616519	-0.986431	0.000000	-0.251452	-1.237883	40.000000
11.196000	40.592380	-0.947808	0.000000	-0.269040	-1.216849	40.000000
11.094000	40.564938	-0.903901	0.000000	-0.303846	-1.207746	40.000000
10.991000	40.533642	-0.853827	0.000000	-0.319017	-1.172844	40.000000
10.891000	40.501740	-0.802784	0.000000	-0.379796	-1.182580	40.000000
10.794000	40.464900	-0.743840	0.000000	-0.418821	-1.162661	40.000000
10.697000	40.424274	-0.678839	0.000000	-0.400100	-1.078938	40.000000
10.595000	40.383464	-0.613542	0.000000	-0.512821	-1.126363	40.000000
10.493000	40.331156	-0.529850	0.000000	-0.545308	-1.075158	40.000000
10.395000	40.277716	-0.444346	0.000000	-0.535599	-0.979945	40.000000
10.296000	40.224692	-0.359507	0.000000	-0.587807	-0.947314	40.000000
10.194000	40.164735	-0.263577	0.000000	-0.647571	-0.911148	40.000000
10.090000	40.097388	-0.155821	0.000000	-0.665234	-0.821055	40.000000
9.992000	40.032195	-0.051513	0.000000	-0.744254	-0.795767	40.000000
9.894000	39.959258	0.065186	0.000000	-0.761444	-0.696258	40.000000
9.794000	39.883114	0.187017	0.000000	-0.832276	-0.645258	40.000000
9.693000	39.799054	0.321514	0.000000	-0.893023	-0.571510	40.000000
9.590000	39.707073	0.468683	0.000000	-0.961870	-0.493187	40.000000
9.492000	39.612810	0.619505	0.000000	-0.963060	-0.343555	40.000000
9.391000	39.515540	0.775136	0.000000	-1.085596	-0.310460	40.000000
9.294000	39.410238	0.943620	0.000000	-1.115186	-0.171566	40.000000
9.200000	39.305410	1.111344	0.000000	-1.180621	-0.069277	40.000000
9.095000	39.181445	1.309688	0.000000	-1.234661	0.075027	40.000000
8.991000	39.053040	1.515135	0.000000	-1.266240	0.248895	40.000000
8.894000	38.930215	1.711656	0.000000	-1.270099	0.441558	40.000000
8.793000	38.801935	1.916905	0.000000	-1.328509	0.588396	40.000000
8.694000	38.670412	2.127340	0.000000	-1.365755	0.761585	40.000000
8.593000	38.532471	2.348046	0.000000	-1.294119	1.053927	40.000000
8.494000	38.404354	2.553034	0.000000	-1.292759	1.260276	40.000000
8.395000	38.276370	2.757807	0.000000	-1.335305	1.422503	40.000000
8.293000	38.140169	2.975729	0.000000	-1.306595	1.669135	40.000000
8.195000	38.012123	3.180603	0.000000	-1.318315	1.862288	40.000000
8.093000	37.877655	3.395752	0.000000	-1.245969	2.149783	40.000000
7.991000	37.750566	3.599094	0.000000	-1.353108	2.245985	40.000000
7.895000	37.620668	3.806932	0.000000	-1.249049	2.557883	40.000000
7.797000	37.498261	4.002783	0.000000	-1.234756	2.768027	40.000000
7.695000	37.372316	4.204294	0.000000	-1.240645	2.963650	40.000000
7.593000	37.245770	4.406768	0.000000	-1.252211	3.154557	40.000000
7.493000	37.120549	4.607122	0.000000	-1.187544	3.419578	40.000000
7.393000	37.001795	4.797129	0.000000	-1.224299	3.572829	40.000000
7.292000	36.878140	4.994976	0.000000	-1.222884	3.772092	40.000000
7.192000	36.755852	5.190637	0.000000	-1.164260	4.026377	40.000000
7.093000	36.640590	5.375056	0.000000	-1.150983	4.224073	40.000000
6.994000	36.526643	5.557371	0.000000	-1.088980	4.468392	40.000000
6.893000	36.416656	5.733350	0.000000	-1.116850	4.616500	40.000000
6.792000	36.303854	5.913834	0.000000	-1.128161	4.785673	40.000000
6.696000	36.195551	6.087119	0.000000	-1.130563	4.956555	40.000000
6.595000	36.081364	6.269818	0.000000	-1.039683	5.230136	40.000000
6.494000	35.976356	6.437831	0.000000	-1.084815	5.353016	40.000000
6.395000	35.868959	6.609665	0.000000	-1.055205	5.554461	40.000000
6.296000	35.764494	6.776810	0.000000	-1.030734	5.746076	40.000000
6.195000	35.660390	6.943376	0.000000	-0.973915	5.969461	40.000000
6.091000	35.559103	7.105436	0.000000	-1.015026	6.090410	40.000000
5.995000	35.461660	7.261344	0.000000	-0.881207	6.380137	40.000000
5.893000	35.371777	7.405157	0.000000	-0.977173	6.427983	40.000000
5.795000	35.276014	7.558377	0.000000	-0.885175	6.673202	40.000000
5.694000	35.186611	7.701422	0.000000	-0.828428	6.872994	40.000000
5.596000	35.105425	7.831320	0.000000	-0.818226	7.013094	40.000000
5.494000	35.021966	7.964854	0.000000	-0.827471	7.137383	40.000000
5.394000	34.939219	8.097249	0.000000	-0.790922	7.306327	40.000000
5.295000	34.860918	8.222531	0.000000	-0.740038	7.482493	40.000000
5.190000	34.783214	8.346858	0.000000	-0.692778	7.654080	40.000000
5.093000	34.716014	8.454377	0.000000	-0.658751	7.795626	40.000000
4.996000	34.652116	8.556615	0.000000	-0.575360	7.981255	40.000000
4.894000	34.593429	8.650514	0.000000	-0.557663	8.092850	40.000000
4.795000	34.538220	8.738848	0.000000	-0.472935	8.265913	40.000000
4.693000	34.489981	8.816031	0.000000	-0.456097	8.359934	40.000000
4.595000	34.445283	8.887547	0.000000	-0.363596	8.523951	40.000000
4.494000	34.408560	8.946304	0.000000	-0.282974	8.663330	40.000000
4.399000	34.381678	8.989316	0.000000	-0.226949	8.762366	40.000000
4.298000	34.358756	9.025991	0.000000	-0.202815	8.823175	40.000000
4.193000	34.337460	9.060064	0.000000	-0.106341	8.953722	40.000000
4.092000	34.326720	9.077249	0.000000	-0.047923	9.029326	40.000000
3.993000	34.321975	9.084840	0.000000	0.022902	9.107742	40.000000
3.893000	34.324265	9.081175	0.000000	0.058736	9.139911	40.000000
3.795000	34.330022	9.071965	0.000000	0.138167	9.210132	40.000000
3.696000	34.343700	9.050080	0.000000	0.170696	9.220776	40.000000
3.593000	34.361282	9.021949	0.000000	0.151498	9.173447	40.000000
3.494000	34.376280	8.997952	0.000000	0.161206	9.159158	40.000000
3.395000	34.392240	0.000000	0.000000	0.000000	0.000000	40.000000
3.291000	34.408080	0.000000	0.000000	0.000000	0.000000	40.000000
3.197000	34.427760	0.000000	0.000000	0.000000	0.000000	40.000000
3.098000	34.442765	0.000000	0.000000	0.000000	0.000000	40.000000
2.993000	34.455726	0.000000	0.000000	0.000000	0.000000	40.000000
2.894000	34.465383	0.000000	0.000000	0.000000	0.000000	40.000000
2.792000	34.481348	0.000000	0.000000	0.000000	0.000000	40.000000
2.692000	34.500604	0.000000	0.000000	0.000000	0.000000	40.000000
2.596000	34.516747	0.000000	0.000000	0.000000	0.000000	40.000000
2.496000	34.529406	0.000000	0.000000	0.000000	0.000000	40.000000
2.395000	34.548370	0.000000	0.000000	0.000000	0.000000	40.000000
2.293000	34.565707	0.000000	0.000000	0.000000	0.000000	40.000000
2.195000	34.579085	0.000000	0.000000	0.000000	0.000000	40.000000
2.095000	34.596606	0.000000	0.000000	0.000000	0.000000	40.000000
1.994000	34.609091	0.000000	0.000000	0.000000	0.000000	40.000000
1.896000	34.623069	0.000000	0.000000	0.000000	0.000000	40.000000
1.792000	34.635430	0.000000	0.000000	0.000000	0.000000	40.000000
1.692000	34.648756	0.000000	0.000000	0.000000	0.000000	40.000000
1.594000	34.662909	0.000000	0.000000	0.000000	0.000000	40.000000
1.494000	34.678994	0.000000	0.000000	0.000000	0.000000	40.000000
1.395000	34.694417	0.000000	0.000000	0.000000	0.000000	40.000000
1.293000	34.710433	0.000000	0.000000	0.000000	0.000000	40.000000
1.191000	34.728676	0.000000	0.000000	0.000000	0.000000	40.000000
1.093000	34.740371	0.000000	0.000000	0.000000	0.000000	40.000000
0.993000	34.755793	0.000000	0.000000	0.000000	0.000000	40.000000
0.895000	34.766059	0.000000	0.000000	0.000000	0.000000	40.000000
0.792000	34.779671	0.000000	0.000000	0.000000	0.000000	40.000000
0.694000	34.788501	0.000000	0.000000	0.000000	0.000000	40.000000
0.594000	34.803864	0.000000	0.000000	0.000000	0.000000	40.000000
0.493000	34.813157	0.000000	0.000000	0.000000	0.000000	40.000000
0.392000	34.824791	0.000000	0.000000	0.000000	0.000000	40.000000
0.295000	34.833141	0.000000	0.000000	0.000000	0.000000	40.000000
0.195000	34.844901	0.000000	0.000000	0.000000	0.000000	40.000000
0.092000	34.862719	0.000000	0.000000	0.000000	0.000000	40.000000
