Zeit (s)	Istwert	P	I	D	Regelausgang	Sollwert
126.994813	39.793417	0.330534	0.000000	-0.000000	0.330534	40.000000
126.892813	39.788671	0.338127	0.000000	-0.000000	0.338127	40.000000
126.791813	39.787830	0.339473	0.000000	-0.000000	0.339473	40.000000
126.692813	39.786987	0.340821	0.000000	-0.000000	0.340821	40.000000
126.591813	39.785070	0.343888	0.000000	-0.000000	0.343888	40.000000
126.491813	39.783271	0.346767	0.000000	-0.000000	0.346767	40.000000
126.391813	39.776252	0.357997	0.000000	-0.000000	0.357997	40.000000
126.291813	39.770551	0.367119	0.000000	-0.000000	0.367119	40.000000
126.195813	39.764612	0.376621	0.000000	-0.000000	0.376621	40.000000
126.092813	39.763047	0.379125	0.000000	-0.000000	0.379125	40.000000
125.995813	39.762991	0.379215	0.000000	0.000000	0.379215	40.000000
125.893813	39.766285	0.373944	0.000000	0.000000	0.373944	40.000000
125.791813	39.767427	0.372117	0.000000	-0.000000	0.372117	40.000000
125.694813	39.765931	0.374510	0.000000	0.000000	0.374510	40.000000
125.592813	39.766111	0.374222	0.000000	0.000000	0.374222	40.000000
125.492813	39.768450	0.370481	0.000000	0.000000	0.370481	40.000000
125.392813	39.768515	0.370376	0.000000	0.000000	0.370376	40.000000
125.295813	39.769708	0.368467	0.000000	0.000000	0.368467	40.000000
125.192813	39.773369	0.362610	0.000000	-0.000000	0.362610	40.000000
125.092813	39.768210	0.370865	0.000000	-0.000000	0.370865	40.000000
124.994813	39.757832	0.387469	0.000000	-0.000000	0.387469	40.000000
124.891813	39.751354	0.397833	0.000000	-0.000000	0.397833	40.000000
124.791813	39.749669	0.400529	0.000000	0.000000	0.400529	40.000000
124.695813	39.754651	0.392558	0.000000	0.000000	0.392558	40.000000
124.592813	39.755484	0.391225	0.000000	0.000000	0.391225	40.000000
124.495813	39.756627	0.389397	0.000000	0.000000	0.389397	40.000000
124.392813	39.764189	0.377297	0.000000	0.000000	0.377297	40.000000
124.291813	39.764726	0.376438	0.000000	-0.000000	0.376438	40.000000
124.192813	39.763948	0.377683	0.000000	-0.000000	0.377683	40.000000
124.095813	39.760711	0.382862	0.000000	-0.000000	0.382862	40.000000
123.992813	39.758969	0.385650	0.000000	-0.000000	0.385650	40.000000
123.891813	39.758249	0.386802	0.000000	-0.000000	0.386802	40.000000
123.792813	39.750572	0.399085	0.000000	-0.000000	0.399085	40.000000
123.693813	39.746790	0.405136	0.000000	0.000000	0.405136	40.000000
123.593813	39.746853	0.405036	0.000000	0.000000	0.405036	40.000000
123.494813	39.749972	0.400045	0.000000	0.000000	0.400045	40.000000
123.391813	39.755372	0.391404	0.000000	-0.000000	0.391404	40.000000
123.292813	39.752369	0.396210	0.000000	-0.000000	0.396210	40.000000
123.193813	39.748412	0.402540	0.000000	-0.000000	0.402540	40.000000
123.094813	39.747518	0.403971	0.000000	-0.000000	0.403971	40.000000
122.993813	39.743188	0.410899	0.000000	0.000000	0.410899	40.000000
122.891813	39.746065	0.406296	0.000000	-0.000000	0.406296	40.000000
122.793813	39.745290	0.407535	0.000000	-0.000000	0.407535	40.000000
122.692813	39.742410	0.412145	0.000000	0.000000	0.412145	40.000000
122.594813	39.748407	0.402549	0.000000	-0.000000	0.402549	40.000000
122.497813	39.747687	0.403700	0.000000	0.000000	0.403700	40.000000
122.394813	39.751474	0.397641	0.000000	0.000000	0.397641	40.000000
122.293813	39.753213	0.394860	0.000000	0.000000	0.394860	40.000000
122.193813	39.758488	0.386420	0.000000	0.000000	0.386420	40.000000
122.094813	39.761370	0.381808	0.000000	0.000000	0.381808	40.000000
121.993813	39.764914	0.376137	0.000000	0.000000	0.376137	40.000000
121.896813	39.766351	0.373838	0.000000	0.000000	0.373838	40.000000
121.792813	39.768214	0.370858	0.000000	0.000000	0.370858	40.000000
121.693813	39.770551	0.367119	0.000000	0.000000	0.367119	40.000000
121.594813	39.771032	0.366349	0.000000	0.000000	0.366349	40.000000
121.492813	39.773246	0.362806	0.000000	-0.000000	0.362806	40.000000
121.392813	39.772289	0.364338	0.000000	0.000000	0.364338	40.000000
121.294813	39.773249	0.362802	0.000000	0.000000	0.362802	40.000000
121.195813	39.776672	0.357325	0.000000	0.000000	0.357325	40.000000
121.093813	39.781950	0.348881	0.000000	0.000000	0.348881	40.000000
120.993813	39.785731	0.342830	0.000000	-0.000000	0.342830	40.000000
120.894813	39.781832	0.349068	0.000000	0.000000	0.349068	40.000000
120.793813	39.782371	0.348207	0.000000	0.000000	0.348207	40.000000
120.697813	39.782729	0.347633	0.000000	-0.000000	0.347633	40.000000
120.593813	39.779190	0.353296	0.000000	0.000000	0.353296	40.000000
120.500813	39.783037	0.347140	0.000000	-0.000000	0.347140	40.000000
120.403813	39.781652	0.349356	0.000000	-0.000000	0.349356	40.000000
120.305813	39.777033	0.356747	0.000000	0.000000	0.356747	40.000000
120.208813	39.777392	0.356173	0.000000	0.000000	0.356173	40.000000
120.092813	39.780810	0.350704	0.000000	-0.000000	0.350704	40.000000
119.995813	39.779246	0.353206	0.000000	0.000000	0.353206	40.000000
119.895813	39.780091	0.351854	0.000000	0.000000	0.351854	40.000000
119.799813	39.781112	0.350220	0.000000	0.000000	0.350220	40.000000
119.704813	39.781351	0.349838	0.000000	-0.000000	0.349838	40.000000
119.606813	39.780031	0.351950	0.000000	0.000000	0.351950	40.000000
119.509813	39.780511	0.351182	0.000000	0.000000	0.351182	40.000000
119.413813	39.781415	0.349736	0.000000	-0.000000	0.349736	40.000000
119.316813	39.777392	0.356173	0.000000	-0.000000	0.356173	40.000000
119.222813	39.776197	0.358084	0.000000	-0.000000	0.358084	40.000000
119.127813	39.771213	0.366059	0.000000	0.000000	0.366059	40.000000
119.032813	39.773311	0.362702	0.000000	-0.000000	0.362702	40.000000
118.941813	39.771390	0.365775	0.000000	0.000000	0.365775	40.000000
118.847813	39.773193	0.362892	0.000000	0.000000	0.362892	40.000000
118.752813	39.774028	0.361554	0.000000	-0.000000	0.361554	40.000000
118.656813	39.772709	0.363666	0.000000	0.000000	0.363666	40.000000
118.560813	39.780213	0.351660	0.000000	-0.000000	0.351660	40.000000
118.392813	39.776733	0.357227	0.000000	-0.000000	0.357227	40.000000
118.292813	39.771216	0.366055	0.000000	-0.000000	0.366055	40.000000
118.193813	39.768454	0.370474	0.000000	-0.000000	0.370474	40.000000
118.093813	39.766890	0.372976	0.000000	-0.000000	0.372976	40.000000
117.994813	39.765150	0.375760	0.000000	-0.000000	0.375760	40.000000
117.892813	39.760897	0.382566	0.000000	-0.000000	0.382566	40.000000
117.799813	39.758070	0.387087	0.000000	-0.000000	0.387087	40.000000
117.693813	39.754828	0.392275	0.000000	-0.000000	0.392275	40.000000
117.593813	39.747329	0.404274	0.000000	-0.000000	0.404274	40.000000
117.494813	39.741030	0.414352	0.000000	-0.000000	0.414352	40.000000
117.393813	39.737731	0.419631	0.000000	-0.000000	0.419631	40.000000
117.294813	39.729334	0.433066	0.000000	-0.000000	0.433066	40.000000
117.194813	39.729090	0.433456	0.000000	0.000000	0.433456	40.000000
117.095813	39.732449	0.428082	0.000000	0.000000	0.428082	40.000000
116.993813	39.733955	0.425671	0.000000	-0.000000	0.425671	40.000000
116.896813	39.730469	0.431249	0.000000	-0.000000	0.431249	40.000000
116.793813	39.726153	0.438155	0.000000	0.000000	0.438155	40.000000
116.693813	39.731487	0.429622	0.000000	0.000000	0.429622	40.000000
116.594813	39.739649	0.416562	0.000000	0.000000	0.416562	40.000000
116.494813	39.742112	0.412620	0.000000	0.000000	0.412620	40.000000
116.393813	39.746610	0.405424	0.000000	-0.000000	0.405424	40.000000
116.296813	39.746369	0.405810	0.000000	-0.000000	0.405810	40.000000
116.194813	39.745233	0.407627	0.000000	-0.000000	0.407627	40.000000
116.090813	39.742590	0.411857	0.000000	-0.000000	0.411857	40.000000
115.993813	39.742288	0.412339	0.000000	0.000000	0.412339	40.000000
115.895813	39.743672	0.410125	0.000000	0.000000	0.410125	40.000000
115.793813	39.744689	0.408497	0.000000	0.000000	0.408497	40.000000
115.695813	39.750809	0.398705	0.000000	0.000000	0.398705	40.000000
115.592813	39.754834	0.392266	0.000000	-0.000000	0.392266	40.000000
115.492813	39.751586	0.397462	0.000000	0.000000	0.397462	40.000000
115.394813	39.752490	0.396016	0.000000	0.000000	0.396016	40.000000
115.296813	39.760889	0.382578	0.000000	0.000000	0.382578	40.000000
115.192813	39.774448	0.360883	0.000000	-0.000000	0.360883	40.000000
115.092813	39.774331	0.361070	0.000000	0.000000	0.361070	40.000000
114.993813	39.775947	0.358485	0.000000	0.000000	0.358485	40.000000
114.894813	39.780994	0.350410	0.000000	0.000000	0.350410	40.000000
114.794813	39.782729	0.347633	0.000000	0.000000	0.347633	40.000000
114.694813	39.783990	0.345615	0.000000	0.000000	0.345615	40.000000
114.591813	39.784409	0.344946	0.000000	-0.000000	0.344946	40.000000
114.492813	39.781592	0.349452	0.000000	0.000000	0.349452	40.000000
114.394813	39.783391	0.346575	0.000000	0.000000	0.346575	40.000000
114.293813	39.783573	0.346283	0.000000	0.000000	0.346283	40.000000
114.194813	39.783695	0.346089	0.000000	0.000000	0.346089	40.000000
114.097813	39.785312	0.343502	0.000000	-0.000000	0.343502	40.000000
113.999813	39.783448	0.346483	0.000000	0.000000	0.346483	40.000000
113.894813	39.787590	0.339856	0.000000	0.000000	0.339856	40.000000
113.794813	39.792987	0.331220	0.000000	-0.000000	0.331220	40.000000
113.695813	39.790234	0.335625	0.000000	-0.000000	0.335625	40.000000
113.592813	39.788976	0.337638	0.000000	-0.000000	0.337638	40.000000
113.495813	39.788016	0.339174	0.000000	0.000000	0.339174	40.000000
113.394813	39.792093	0.332652	0.000000	-0.000000	0.332652	40.000000
113.293813	39.791128	0.334196	0.000000	0.000000	0.334196	40.000000
113.195813	39.791910	0.332944	0.000000	-0.000000	0.332944	40.000000
113.093813	39.789565	0.336696	0.000000	-0.000000	0.336696	40.000000
112.994813	39.788076	0.339078	0.000000	0.000000	0.339078	40.000000
112.892813	39.789809	0.336305	0.000000	0.000000	0.336305	40.000000
112.796813	39.790653	0.334955	0.000000	0.000000	0.334955	40.000000
112.694813	39.792989	0.331218	0.000000	-0.000000	0.331218	40.000000
112.592813	39.789869	0.336209	0.000000	0.000000	0.336209	40.000000
112.494813	39.790466	0.335254	0.000000	0.000000	0.335254	40.000000
112.392813	39.790834	0.334665	0.000000	-0.000000	0.334665	40.000000
112.293813	39.789457	0.336868	0.000000	-0.000000	0.336868	40.000000
112.191813	39.786693	0.341292	0.000000	-0.000000	0.341292	40.000000
112.092813	39.781827	0.349077	0.000000	-0.000000	0.349077	40.000000
111.993813	39.774150	0.361360	0.000000	-0.000000	0.361360	40.000000
111.896813	39.762090	0.380657	0.000000	-0.000000	0.380657	40.000000
111.792813	39.755198	0.391684	0.000000	0.000000	0.391684	40.000000
111.692813	39.755731	0.390831	0.000000	0.000000	0.390831	40.000000
111.592813	39.758129	0.386993	0.000000	-0.000000	0.386993	40.000000
111.494813	39.756271	0.389967	0.000000	0.000000	0.389967	40.000000
111.393813	39.756389	0.389777	0.000000	-0.000000	0.389777	40.000000
111.295813	39.752370	0.396208	0.000000	-0.000000	0.396208	40.000000
111.195813	39.748171	0.402926	0.000000	-0.000000	0.402926	40.000000
111.092813	39.746546	0.405526	0.000000	-0.000000	0.405526	40.000000
110.994813	39.744985	0.408024	0.000000	-0.000000	0.408024	40.000000
110.893813	39.742584	0.411865	0.000000	-0.000000	0.411865	40.000000
110.795813	39.741455	0.413672	0.000000	0.000000	0.413672	40.000000
110.694813	39.742654	0.411754	0.000000	-0.000000	0.411754	40.000000
110.595813	39.738630	0.418191	0.000000	0.000000	0.418191	40.000000
110.494813	39.738744	0.418010	0.000000	-0.000000	0.418010	40.000000
110.394813	39.735207	0.423669	0.000000	0.000000	0.423669	40.000000
110.299813	39.738033	0.419147	0.000000	0.000000	0.419147	40.000000
110.206813	39.739288	0.417140	0.000000	-0.000000	0.417140	40.000000
110.094813	39.737484	0.420026	0.000000	0.000000	0.420026	40.000000
109.994813	39.740250	0.415600	0.000000	-0.000000	0.415600	40.000000
109.893813	39.736833	0.421066	0.000000	-0.000000	0.421066	40.000000
109.795813	39.736227	0.422037	0.000000	-0.000000	0.422037	40.000000
109.692813	39.733292	0.426734	0.000000	0.000000	0.426734	40.000000
109.593813	39.733887	0.425780	0.000000	-0.000000	0.425780	40.000000
109.492813	39.733409	0.426546	0.000000	0.000000	0.426546	40.000000
109.395813	39.735987	0.422421	0.000000	0.000000	0.422421	40.000000
109.293813	39.738988	0.417620	0.000000	0.000000	0.417620	40.000000
109.192813	39.744452	0.408877	0.000000	-0.000000	0.408877	40.000000
109.095813	39.741871	0.413006	0.000000	0.000000	0.413006	40.000000
108.997813	39.748408	0.402547	0.000000	-0.000000	0.402547	40.000000
108.894813	39.748055	0.403112	0.000000	0.000000	0.403112	40.000000
108.792813	39.750093	0.399851	0.000000	0.000000	0.399851	40.000000
108.692813	39.751288	0.397939	0.000000	0.000000	0.397939	40.000000
108.593813	39.751770	0.397167	0.000000	0.000000	0.397167	40.000000
108.494813	39.758313	0.386699	0.000000	0.000000	0.386699	40.000000
108.397813	39.763049	0.379121	0.000000	-0.000000	0.379121	40.000000
108.292813	39.758557	0.386309	0.000000	0.000000	0.386309	40.000000
108.192813	39.761251	0.381998	0.000000	0.000000	0.381998	40.000000
108.093813	39.766054	0.374313	0.000000	0.000000	0.374313	40.000000
107.992813	39.769829	0.368273	0.000000	0.000000	0.368273	40.000000
107.895813	39.770373	0.367403	0.000000	0.000000	0.367403	40.000000
107.794813	39.772707	0.363668	0.000000	0.000000	0.363668	40.000000
107.691813	39.779197	0.353285	0.000000	0.000000	0.353285	40.000000
107.594813	39.783568	0.346291	0.000000	-0.000000	0.346291	40.000000
107.494813	39.779074	0.353481	0.000000	-0.000000	0.353481	40.000000
107.394813	39.777693	0.355691	0.000000	-0.000000	0.355691	40.000000
107.292813	39.777449	0.356081	0.000000	0.000000	0.356081	40.000000
107.196813	39.780387	0.351381	0.000000	0.000000	0.351381	40.000000
107.093813	39.780393	0.351372	0.000000	-0.000000	0.351372	40.000000
106.993813	39.780210	0.351664	0.000000	-0.000000	0.351664	40.000000
106.894813	39.777273	0.356363	0.000000	-0.000000	0.356363	40.000000
106.793813	39.771686	0.365302	0.000000	0.000000	0.365302	40.000000
106.693813	39.774027	0.361557	0.000000	0.000000	0.361557	40.000000
106.596813	39.775653	0.358954	0.000000	0.000000	0.358954	40.000000
106.494813	39.776551	0.357519	0.000000	0.000000	0.357519	40.000000
106.392813	39.778766	0.353974	0.000000	0.000000	0.353974	40.000000
106.292813	39.780630	0.350992	0.000000	-0.000000	0.350992	40.000000
106.196813	39.777933	0.355307	0.000000	0.000000	0.355307	40.000000
106.092813	39.781590	0.349457	0.000000	-0.000000	0.349457	40.000000
105.993813	39.780394	0.351370	0.000000	-0.000000	0.351370	40.000000
105.892813	39.775952	0.358477	0.000000	0.000000	0.358477	40.000000
105.792813	39.776849	0.357041	0.000000	-0.000000	0.357041	40.000000
105.694813	39.771573	0.365483	0.000000	-0.000000	0.365483	40.000000
105.594813	39.764492	0.376813	0.000000	-0.000000	0.376813	40.000000
105.495813	39.761912	0.380940	0.000000	-0.000000	0.380940	40.000000
105.393813	39.756272	0.389965	0.000000	-0.000000	0.389965	40.000000
105.291813	39.755251	0.391598	0.000000	-0.000000	0.391598	40.000000
105.194813	39.750215	0.399656	0.000000	0.000000	0.399656	40.000000
105.093813	39.751888	0.396980	0.000000	0.000000	0.396980	40.000000
104.996813	39.761604	0.381433	0.000000	0.000000	0.381433	40.000000
104.898813	39.765332	0.375469	0.000000	-0.000000	0.375469	40.000000
104.794813	39.762094	0.380650	0.000000	0.000000	0.380650	40.000000
104.693813	39.762984	0.379225	0.000000	-0.000000	0.379225	40.000000
104.592813	39.761790	0.381137	0.000000	-0.000000	0.381137	40.000000
104.495813	39.757055	0.388713	0.000000	0.000000	0.388713	40.000000
104.397813	39.757416	0.388135	0.000000	0.000000	0.388135	40.000000
104.297813	39.759148	0.385364	0.000000	0.000000	0.385364	40.000000
104.193813	39.760471	0.383246	0.000000	-0.000000	0.383246	40.000000
104.096813	39.759931	0.384110	0.000000	-0.000000	0.384110	40.000000
103.995813	39.759033	0.385547	0.000000	0.000000	0.385547	40.000000
103.897813	39.761371	0.381806	0.000000	0.000000	0.381806	40.000000
103.795813	39.762991	0.379215	0.000000	0.000000	0.379215	40.000000
103.696813	39.765809	0.374706	0.000000	-0.000000	0.374706	40.000000
103.594813	39.764428	0.376916	0.000000	0.000000	0.376916	40.000000
103.495813	39.766414	0.373738	0.000000	0.000000	0.373738	40.000000
103.396813	39.767914	0.371338	0.000000	-0.000000	0.371338	40.000000
103.294813	39.765096	0.375847	0.000000	0.000000	0.375847	40.000000
103.193813	39.770249	0.367601	0.000000	-0.000000	0.367601	40.000000
103.096813	39.767674	0.371722	0.000000	0.000000	0.371722	40.000000
102.997813	39.768151	0.370958	0.000000	0.000000	0.370958	40.000000
102.896813	39.769111	0.369423	0.000000	0.000000	0.369423	40.000000
102.794813	39.770914	0.366537	0.000000	-0.000000	0.366537	40.000000
102.693813	39.770015	0.367977	0.000000	0.000000	0.367977	40.000000
102.592813	39.773851	0.361838	0.000000	-0.000000	0.361838	40.000000
102.502813	39.769167	0.369333	0.000000	-0.000000	0.369333	40.000000
102.409813	39.768151	0.370958	0.000000	-0.000000	0.370958	40.000000
102.313813	39.763709	0.378065	0.000000	-0.000000	0.378065	40.000000
102.219813	39.762812	0.379501	0.000000	-0.000000	0.379501	40.000000
102.120813	39.761787	0.381141	0.000000	-0.000000	0.381141	40.000000
102.025813	39.759870	0.384208	0.000000	-0.000000	0.384208	40.000000
101.932813	39.756443	0.389692	0.000000	-0.000000	0.389692	40.000000
101.841813	39.750744	0.398810	0.000000	-0.000000	0.398810	40.000000
101.748813	39.744631	0.408591	0.000000	-0.000000	0.408591	40.000000
101.652813	39.741570	0.413488	0.000000	0.000000	0.413488	40.000000
101.558813	39.742470	0.412049	0.000000	0.000000	0.412049	40.000000
101.460813	39.748887	0.401781	0.000000	-0.000000	0.401781	40.000000
101.294813	39.742530	0.411953	0.000000	0.000000	0.411953	40.000000
101.195813	39.746308	0.405908	0.000000	0.000000	0.405908	40.000000
101.094813	39.757289	0.388337	0.000000	0.000000	0.388337	40.000000
100.996813	39.758974	0.385641	0.000000	-0.000000	0.385641	40.000000
100.897813	39.750871	0.398607	0.000000	-0.000000	0.398607	40.000000
100.793813	39.749551	0.400719	0.000000	0.000000	0.400719	40.000000
100.694813	39.752014	0.396777	0.000000	-0.000000	0.396777	40.000000
100.595813	39.751768	0.397172	0.000000	0.000000	0.397172	40.000000
100.497813	39.757169	0.388529	0.000000	0.000000	0.388529	40.000000
100.391813	39.759990	0.384016	0.000000	-0.000000	0.384016	40.000000
100.295813	39.756871	0.389007	0.000000	-0.000000	0.389007	40.000000
100.203813	39.755732	0.390828	0.000000	-0.000000	0.390828	40.000000
100.095813	39.755251	0.391598	0.000000	-0.000000	0.391598	40.000000
99.996813	39.752004	0.396794	0.000000	-0.000000	0.396794	40.000000
99.896813	39.751706	0.397270	0.000000	-0.000000	0.397270	40.000000
99.793813	39.750989	0.398417	0.000000	-0.000000	0.398417	40.000000
99.695813	39.749913	0.400139	0.000000	-0.000000	0.400139	40.000000
99.598813	39.744508	0.408787	0.000000	0.000000	0.408787	40.000000
99.496813	39.752377	0.396197	0.000000	0.000000	0.396197	40.000000
99.394813	39.755068	0.391891	0.000000	-0.000000	0.391891	40.000000
99.297813	39.752553	0.395915	0.000000	0.000000	0.395915	40.000000
99.203813	39.754654	0.392554	0.000000	0.000000	0.392554	40.000000
99.113813	39.761607	0.381429	0.000000	0.000000	0.381429	40.000000
99.018813	39.764187	0.377302	0.000000	-0.000000	0.377302	40.000000
98.921813	39.757837	0.387461	0.000000	-0.000000	0.387461	40.000000
98.824813	39.756867	0.389013	0.000000	0.000000	0.389013	40.000000
98.728813	39.760946	0.382487	0.000000	-0.000000	0.382487	40.000000
98.634813	39.760827	0.382676	0.000000	-0.000000	0.382676	40.000000
98.537813	39.758493	0.386411	0.000000	-0.000000	0.386411	40.000000
98.439813	39.750815	0.398697	0.000000	-0.000000	0.398697	40.000000
98.341813	39.745048	0.407924	0.000000	-0.000000	0.407924	40.000000
98.245813	39.740243	0.415611	0.000000	0.000000	0.415611	40.000000
98.149813	39.743669	0.410129	0.000000	0.000000	0.410129	40.000000
98.056813	39.748050	0.403120	0.000000	0.000000	0.403120	40.000000
97.962813	39.754289	0.393138	0.000000	0.000000	0.393138	40.000000
97.865813	39.755670	0.390929	0.000000	0.000000	0.390929	40.000000
97.695813	39.757353	0.388235	0.000000	0.000000	0.388235	40.000000
97.597813	39.766654	0.373354	0.000000	-0.000000	0.373354	40.000000
97.495813	39.766595	0.373447	0.000000	0.000000	0.373447	40.000000
97.395813	39.772294	0.364329	0.000000	0.000000	0.364329	40.000000
97.295813	39.775354	0.359434	0.000000	0.000000	0.359434	40.000000
97.194813	39.778714	0.354057	0.000000	0.000000	0.354057	40.000000
97.096813	39.781594	0.349450	0.000000	0.000000	0.349450	40.000000
96.994813	39.784346	0.345046	0.000000	-0.000000	0.345046	40.000000
96.893813	39.782911	0.347343	0.000000	-0.000000	0.347343	40.000000
96.799813	39.782727	0.347637	0.000000	-0.000000	0.347637	40.000000
96.694813	39.777632	0.355789	0.000000	-0.000000	0.355789	40.000000
96.592813	39.774806	0.360311	0.000000	-0.000000	0.360311	40.000000
96.493813	39.774098	0.361444	0.000000	-0.000000	0.361444	40.000000
96.395813	39.772655	0.363751	0.000000	-0.000000	0.363751	40.000000
96.294813	39.772109	0.364626	0.000000	0.000000	0.364626	40.000000
96.197813	39.772945	0.363288	0.000000	0.000000	0.363288	40.000000
96.096813	39.773850	0.361840	0.000000	-0.000000	0.361840	40.000000
95.994813	39.772826	0.363478	0.000000	-0.000000	0.363478	40.000000
95.894813	39.772771	0.363566	0.000000	-0.000000	0.363566	40.000000
95.794813	39.771329	0.365874	0.000000	-0.000000	0.365874	40.000000
95.697813	39.768388	0.370579	0.000000	0.000000	0.370579	40.000000
95.595813	39.771150	0.366159	0.000000	0.000000	0.366159	40.000000
95.493813	39.774331	0.361070	0.000000	-0.000000	0.361070	40.000000
95.393813	39.774094	0.361450	0.000000	0.000000	0.361450	40.000000
95.294813	39.777632	0.355789	0.000000	0.000000	0.355789	40.000000
95.195813	39.780331	0.351470	0.000000	-0.000000	0.351470	40.000000
95.094813	39.778945	0.353688	0.000000	0.000000	0.353688	40.000000
94.993813	39.780930	0.350512	0.000000	0.000000	0.350512	40.000000
94.895813	39.783337	0.346660	0.000000	-0.000000	0.346660	40.000000
94.794813	39.781048	0.350323	0.000000	-0.000000	0.350323	40.000000
94.695813	39.777270	0.356367	0.000000	-0.000000	0.356367	40.000000
94.595813	39.771569	0.365490	0.000000	0.000000	0.365490	40.000000
94.494813	39.771632	0.365389	0.000000	-0.000000	0.365389	40.000000
94.394813	39.767607	0.371829	0.000000	-0.000000	0.371829	40.000000
94.294813	39.766230	0.374032	0.000000	-0.000000	0.374032	40.000000
94.197813	39.761311	0.381902	0.000000	-0.000000	0.381902	40.000000
94.094813	39.756751	0.389199	0.000000	-0.000000	0.389199	40.000000
93.996813	39.753387	0.394580	0.000000	-0.000000	0.394580	40.000000
93.898813	39.750505	0.399192	0.000000	-0.000000	0.399192	40.000000
93.794813	39.749735	0.400424	0.000000	-0.000000	0.400424	40.000000
93.698813	39.744746	0.408406	0.000000	0.000000	0.408406	40.000000
93.594813	39.746491	0.405614	0.000000	-0.000000	0.405614	40.000000
93.493813	39.743004	0.411193	0.000000	-0.000000	0.411193	40.000000
93.395813	39.739530	0.416752	0.000000	-0.000000	0.416752	40.000000
93.297813	39.737073	0.420683	0.000000	0.000000	0.420683	40.000000
93.196813	39.739887	0.416180	0.000000	0.000000	0.416180	40.000000
93.093813	39.743071	0.411087	0.000000	0.000000	0.411087	40.000000
92.995813	39.746850	0.405040	0.000000	0.000000	0.405040	40.000000
92.894813	39.752670	0.395728	0.000000	0.000000	0.395728	40.000000
92.794813	39.756273	0.389962	0.000000	0.000000	0.389962	40.000000
92.695813	39.758189	0.386897	0.000000	0.000000	0.386897	40.000000
92.593813	39.758966	0.385654	0.000000	0.000000	0.385654	40.000000
92.494813	39.760833	0.382668	0.000000	0.000000	0.382668	40.000000
92.394813	39.761611	0.381422	0.000000	0.000000	0.381422	40.000000
92.296813	39.763775	0.377961	0.000000	0.000000	0.377961	40.000000
92.193813	39.767011	0.372782	0.000000	-0.000000	0.372782	40.000000
92.096813	39.765752	0.374798	0.000000	-0.000000	0.374798	40.000000
91.995813	39.765696	0.374887	0.000000	0.000000	0.374887	40.000000
91.894813	39.768692	0.370092	0.000000	-0.000000	0.370092	40.000000
91.796813	39.764969	0.376050	0.000000	-0.000000	0.376050	40.000000
91.694813	39.758968	0.385652	0.000000	0.000000	0.385652	40.000000
91.593813	39.767189	0.372498	0.000000	0.000000	0.372498	40.000000
91.496813	39.769775	0.368360	0.000000	0.000000	0.368360	40.000000
91.398813	39.777214	0.356457	0.000000	0.000000	0.356457	40.000000
91.296813	39.783031	0.347151	0.000000	0.000000	0.347151	40.000000
91.194813	39.786450	0.341680	0.000000	-0.000000	0.341680	40.000000
91.096813	39.785555	0.343111	0.000000	-0.000000	0.343111	40.000000
90.995813	39.785190	0.343696	0.000000	0.000000	0.343696	40.000000
90.896813	39.787708	0.339667	0.000000	0.000000	0.339667	40.000000
90.800813	39.788733	0.338026	0.000000	0.000000	0.338026	40.000000
90.694813	39.793531	0.330350	0.000000	0.000000	0.330350	40.000000
90.595813	39.794736	0.328422	0.000000	-0.000000	0.328422	40.000000
90.498813	39.793831	0.329870	0.000000	0.000000	0.329870	40.000000
90.393813	39.796717	0.325253	0.000000	-0.000000	0.325253	40.000000
90.300813	39.792751	0.331598	0.000000	-0.000000	0.331598	40.000000
90.204813	39.790236	0.335623	0.000000	-0.000000	0.335623	40.000000
90.092813	39.784589	0.344658	0.000000	-0.000000	0.344658	40.000000
89.993813	39.781950	0.348881	0.000000	-0.000000	0.348881	40.000000
89.897813	39.776791	0.357135	0.000000	0.000000	0.357135	40.000000
89.793813	39.777388	0.356180	0.000000	-0.000000	0.356180	40.000000
89.694813	39.774994	0.360010	0.000000	-0.000000	0.360010	40.000000
89.593813	39.771814	0.365097	0.000000	0.000000	0.365097	40.000000
89.494813	39.772349	0.364242	0.000000	-0.000000	0.364242	40.000000
89.396813	39.770551	0.367119	0.000000	-0.000000	0.367119	40.000000
89.295813	39.768575	0.370280	0.000000	-0.000000	0.370280	40.000000
89.197813	39.765390	0.375376	0.000000	-0.000000	0.375376	40.000000
89.094813	39.765278	0.375555	0.000000	-0.000000	0.375555	40.000000
88.994813	39.761788	0.381139	0.000000	-0.000000	0.381139	40.000000
88.896813	39.759387	0.384980	0.000000	-0.000000	0.384980	40.000000
88.791813	39.756209	0.390065	0.000000	-0.000000	0.390065	40.000000
88.695813	39.755250	0.391601	0.000000	-0.000000	0.391601	40.000000
88.597813	39.751770	0.397167	0.000000	-0.000000	0.397167	40.000000
88.494813	39.751594	0.397449	0.000000	-0.000000	0.397449	40.000000
88.396813	39.750871	0.398607	0.000000	0.000000	0.398607	40.000000
88.296813	39.753207	0.394868	0.000000	0.000000	0.394868	40.000000
88.193813	39.757293	0.388331	0.000000	-0.000000	0.388331	40.000000
88.095813	39.757051	0.388719	0.000000	-0.000000	0.388719	40.000000
87.995813	39.756568	0.389491	0.000000	-0.000000	0.389491	40.000000
87.897813	39.752070	0.396687	0.000000	-0.000000	0.396687	40.000000
87.794813	39.744866	0.408214	0.000000	0.000000	0.408214	40.000000
87.694813	39.745050	0.407919	0.000000	0.000000	0.407919	40.000000
87.595813	39.750447	0.399285	0.000000	0.000000	0.399285	40.000000
87.496813	39.753275	0.394759	0.000000	-0.000000	0.394759	40.000000
87.397813	39.750752	0.398797	0.000000	-0.000000	0.398797	40.000000
87.297813	39.744331	0.409071	0.000000	0.000000	0.409071	40.000000
87.196813	39.745772	0.406765	0.000000	-0.000000	0.406765	40.000000
87.096813	39.743612	0.410221	0.000000	-0.000000	0.410221	40.000000
86.997813	39.743431	0.410511	0.000000	-0.000000	0.410511	40.000000
86.896813	39.742587	0.411861	0.000000	0.000000	0.411861	40.000000
86.797813	39.743843	0.409852	0.000000	0.000000	0.409852	40.000000
86.697813	39.747087	0.404660	0.000000	0.000000	0.404660	40.000000
86.595813	39.752376	0.396199	0.000000	0.000000	0.396199	40.000000
86.495813	39.752670	0.395728	0.000000	0.000000	0.395728	40.000000
86.400813	39.753390	0.394576	0.000000	-0.000000	0.394576	40.000000
86.296813	39.752436	0.396103	0.000000	0.000000	0.396103	40.000000
86.195813	39.756092	0.390253	0.000000	0.000000	0.390253	40.000000
86.094813	39.757772	0.387565	0.000000	0.000000	0.387565	40.000000
85.995813	39.760949	0.382482	0.000000	0.000000	0.382482	40.000000
85.895813	39.768334	0.370666	0.000000	0.000000	0.370666	40.000000
85.802813	39.770311	0.367503	0.000000	-0.000000	0.367503	40.000000
85.693813	39.770184	0.367706	0.000000	0.000000	0.367706	40.000000
85.594813	39.770611	0.367023	0.000000	-0.000000	0.367023	40.000000
85.497813	39.767612	0.371820	0.000000	0.000000	0.371820	40.000000
85.396813	39.768994	0.369610	0.000000	0.000000	0.369610	40.000000
85.297813	39.769528	0.368755	0.000000	0.000000	0.368755	40.000000
85.205813	39.770730	0.366831	0.000000	0.000000	0.366831	40.000000
85.096813	39.771210	0.366063	0.000000	-0.000000	0.366063	40.000000
84.993813	39.770549	0.367121	0.000000	-0.000000	0.367121	40.000000
84.897813	39.770312	0.367501	0.000000	0.000000	0.367501	40.000000
84.797813	39.771326	0.365878	0.000000	0.000000	0.365878	40.000000
84.694813	39.773727	0.362036	0.000000	0.000000	0.362036	40.000000
84.596813	39.774154	0.361354	0.000000	-0.000000	0.361354	40.000000
84.499813	39.772705	0.363672	0.000000	0.000000	0.363672	40.000000
84.396813	39.775354	0.359434	0.000000	-0.000000	0.359434	40.000000
84.295813	39.775110	0.359825	0.000000	-0.000000	0.359825	40.000000
84.196813	39.771569	0.365490	0.000000	-0.000000	0.365490	40.000000
84.093813	39.767374	0.372202	0.000000	-0.000000	0.372202	40.000000
83.996813	39.765871	0.374606	0.000000	-0.000000	0.374606	40.000000
83.899813	39.763711	0.378063	0.000000	-0.000000	0.378063	40.000000
83.793813	39.760110	0.383824	0.000000	-0.000000	0.383824	40.000000
83.694813	39.758485	0.386424	0.000000	-0.000000	0.386424	40.000000
83.595813	39.757651	0.387759	0.000000	0.000000	0.387759	40.000000
83.495813	39.763297	0.378724	0.000000	0.000000	0.378724	40.000000
83.396813	39.769169	0.369329	0.000000	-0.000000	0.369329	40.000000
83.293813	39.769112	0.369421	0.000000	-0.000000	0.369421	40.000000
83.194813	39.766353	0.373836	0.000000	-0.000000	0.373836	40.000000
83.095813	39.760594	0.383050	0.000000	0.000000	0.383050	40.000000
82.999813	39.761970	0.380849	0.000000	-0.000000	0.380849	40.000000
82.898813	39.760225	0.383641	0.000000	0.000000	0.383641	40.000000
82.794813	39.760771	0.382766	0.000000	0.000000	0.382766	40.000000
82.694813	39.767250	0.372400	0.000000	0.000000	0.372400	40.000000
82.596813	39.768392	0.370572	0.000000	-0.000000	0.370572	40.000000
82.495813	39.762087	0.380661	0.000000	0.000000	0.380661	40.000000
82.398813	39.762933	0.379307	0.000000	-0.000000	0.379307	40.000000
82.297813	39.760293	0.383532	0.000000	0.000000	0.383532	40.000000
82.194813	39.765334	0.375465	0.000000	-0.000000	0.375465	40.000000
82.096813	39.762753	0.379594	0.000000	-0.000000	0.379594	40.000000
81.996813	39.759385	0.384984	0.000000	0.000000	0.384984	40.000000
81.896813	39.763043	0.379132	0.000000	-0.000000	0.379132	40.000000
81.795813	39.761552	0.381516	0.000000	0.000000	0.381516	40.000000
81.698813	39.764733	0.376427	0.000000	0.000000	0.376427	40.000000
81.594813	39.766466	0.373654	0.000000	0.000000	0.373654	40.000000
81.496813	39.771869	0.365010	0.000000	0.000000	0.365010	40.000000
81.397813	39.775835	0.358664	0.000000	-0.000000	0.358664	40.000000
81.293813	39.774751	0.360398	0.000000	0.000000	0.360398	40.000000
81.196813	39.776556	0.357510	0.000000	-0.000000	0.357510	40.000000
81.094813	39.776007	0.358389	0.000000	0.000000	0.358389	40.000000
80.994813	39.776373	0.357803	0.000000	-0.000000	0.357803	40.000000
80.893813	39.775775	0.358760	0.000000	0.000000	0.358760	40.000000
80.798813	39.778705	0.354072	0.000000	-0.000000	0.354072	40.000000
80.693813	39.775111	0.359823	0.000000	-0.000000	0.359823	40.000000
80.595813	39.772294	0.364329	0.000000	-0.000000	0.364329	40.000000
80.497813	39.769893	0.368171	0.000000	-0.000000	0.368171	40.000000
80.400813	39.767129	0.372594	0.000000	0.000000	0.372594	40.000000
80.306813	39.767254	0.372394	0.000000	-0.000000	0.372394	40.000000
80.214813	39.764079	0.377474	0.000000	-0.000000	0.377474	40.000000
80.096813	39.761788	0.381139	0.000000	-0.000000	0.381139	40.000000
79.996813	39.760770	0.382768	0.000000	0.000000	0.382768	40.000000
79.894813	39.762328	0.380275	0.000000	0.000000	0.380275	40.000000
79.794813	39.763285	0.378743	0.000000	0.000000	0.378743	40.000000
79.696813	39.766473	0.373644	0.000000	-0.000000	0.373644	40.000000
79.598813	39.763112	0.379021	0.000000	-0.000000	0.379021	40.000000
79.499813	39.760354	0.383434	0.000000	0.000000	0.383434	40.000000
79.400813	39.761612	0.381420	0.000000	0.000000	0.381420	40.000000
79.311813	39.764308	0.377108	0.000000	0.000000	0.377108	40.000000
79.215813	39.764730	0.376431	0.000000	0.000000	0.376431	40.000000
79.118813	39.770665	0.366936	0.000000	0.000000	0.366936	40.000000
79.024813	39.774574	0.360682	0.000000	0.000000	0.360682	40.000000
78.932813	39.777332	0.356269	0.000000	-0.000000	0.356269	40.000000
78.839813	39.775949	0.358481	0.000000	0.000000	0.358481	40.000000
78.744813	39.776969	0.356849	0.000000	0.000000	0.356849	40.000000
78.650813	39.778955	0.353671	0.000000	0.000000	0.353671	40.000000
78.561813	39.779431	0.352910	0.000000	-0.000000	0.352910	40.000000
78.394813	39.778350	0.354640	0.000000	0.000000	0.354640	40.000000
78.295813	39.779673	0.352524	0.000000	-0.000000	0.352524	40.000000
78.195813	39.779313	0.353100	0.000000	-0.000000	0.353100	40.000000
78.097813	39.771925	0.364920	0.000000	-0.000000	0.364920	40.000000
77.996813	39.770435	0.367305	0.000000	0.000000	0.367305	40.000000
77.900813	39.770972	0.366445	0.000000	-0.000000	0.366445	40.000000
77.796813	39.770312	0.367501	0.000000	-0.000000	0.367501	40.000000
77.696813	39.769951	0.368079	0.000000	0.000000	0.368079	40.000000
77.595813	39.771390	0.365775	0.000000	-0.000000	0.365775	40.000000
77.493813	39.767488	0.372018	0.000000	0.000000	0.372018	40.000000
77.396813	39.767904	0.371353	0.000000	0.000000	0.371353	40.000000
77.298813	39.768394	0.370570	0.000000	-0.000000	0.370570	40.000000
77.194813	39.766709	0.373266	0.000000	-0.000000	0.373266	40.000000
77.095813	39.764252	0.377197	0.000000	-0.000000	0.377197	40.000000
76.999813	39.760409	0.383346	0.000000	-0.000000	0.383346	40.000000
76.894813	39.758305	0.386712	0.000000	-0.000000	0.386712	40.000000
76.794813	39.756149	0.390161	0.000000	0.000000	0.390161	40.000000
76.697813	39.757709	0.387665	0.000000	-0.000000	0.387665	40.000000
76.594813	39.756989	0.388817	0.000000	-0.000000	0.388817	40.000000
76.495813	39.753631	0.394190	0.000000	-0.000000	0.394190	40.000000
76.398813	39.752308	0.396308	0.000000	-0.000000	0.396308	40.000000
76.296813	39.744993	0.408011	0.000000	-0.000000	0.408011	40.000000
76.195813	39.743307	0.410709	0.000000	-0.000000	0.410709	40.000000
76.097813	39.742292	0.412332	0.000000	0.000000	0.412332	40.000000
75.995813	39.742834	0.411466	0.000000	0.000000	0.411466	40.000000
75.894813	39.746250	0.406000	0.000000	0.000000	0.406000	40.000000
75.796813	39.751653	0.397355	0.000000	0.000000	0.397355	40.000000
75.696813	39.756329	0.389873	0.000000	0.000000	0.389873	40.000000
75.597813	39.763231	0.378831	0.000000	-0.000000	0.378831	40.000000
75.495813	39.762208	0.380467	0.000000	0.000000	0.380467	40.000000
75.396813	39.764433	0.376907	0.000000	0.000000	0.376907	40.000000
75.299813	39.767494	0.372010	0.000000	0.000000	0.372010	40.000000
75.204813	39.767858	0.371428	0.000000	-0.000000	0.371428	40.000000
75.094813	39.762691	0.379695	0.000000	0.000000	0.379695	40.000000
74.994813	39.768092	0.371052	0.000000	-0.000000	0.371052	40.000000
74.895813	39.767851	0.371438	0.000000	0.000000	0.371438	40.000000
74.795813	39.770913	0.366539	0.000000	0.000000	0.366539	40.000000
74.695813	39.772709	0.363666	0.000000	0.000000	0.363666	40.000000
74.595813	39.774871	0.360206	0.000000	0.000000	0.360206	40.000000
74.495813	39.777027	0.356758	0.000000	0.000000	0.356758	40.000000
74.393813	39.777157	0.356549	0.000000	-0.000000	0.356549	40.000000
74.296813	39.773791	0.361934	0.000000	-0.000000	0.361934	40.000000
74.196813	39.772469	0.364050	0.000000	0.000000	0.364050	40.000000
74.093813	39.775649	0.358961	0.000000	-0.000000	0.358961	40.000000
73.995813	39.774987	0.360021	0.000000	-0.000000	0.360021	40.000000
73.896813	39.773251	0.362798	0.000000	-0.000000	0.362798	40.000000
73.796813	39.773133	0.362988	0.000000	0.000000	0.362988	40.000000
73.695813	39.775235	0.359624	0.000000	0.000000	0.359624	40.000000
73.594813	39.778052	0.355117	0.000000	0.000000	0.355117	40.000000
73.493813	39.778649	0.354162	0.000000	-0.000000	0.354162	40.000000
73.396813	39.775592	0.359053	0.000000	0.000000	0.359053	40.000000
73.294813	39.776609	0.357425	0.000000	-0.000000	0.357425	40.000000
73.195813	39.775656	0.358950	0.000000	-0.000000	0.358950	40.000000
73.094813	39.773617	0.362213	0.000000	-0.000000	0.362213	40.000000
72.997813	39.771086	0.366262	0.000000	-0.000000	0.366262	40.000000
72.897813	39.770367	0.367413	0.000000	0.000000	0.367413	40.000000
72.794813	39.770972	0.366445	0.000000	-0.000000	0.366445	40.000000
72.698813	39.769649	0.368561	0.000000	-0.000000	0.368561	40.000000
72.593813	39.767787	0.371541	0.000000	0.000000	0.371541	40.000000
72.493813	39.768758	0.369988	0.000000	-0.000000	0.369988	40.000000
72.399813	39.766890	0.372976	0.000000	-0.000000	0.372976	40.000000
72.297813	39.764545	0.376728	0.000000	-0.000000	0.376728	40.000000
72.194813	39.755794	0.390730	0.000000	-0.000000	0.390730	40.000000
72.094813	39.754289	0.393138	0.000000	-0.000000	0.393138	40.000000
71.995813	39.750751	0.398799	0.000000	0.000000	0.398799	40.000000
71.895813	39.756927	0.388917	0.000000	0.000000	0.388917	40.000000
71.796813	39.758017	0.387173	0.000000	0.000000	0.387173	40.000000
71.696813	39.762691	0.379695	0.000000	0.000000	0.379695	40.000000
71.594813	39.765029	0.375954	0.000000	0.000000	0.375954	40.000000
71.496813	39.772166	0.364534	0.000000	0.000000	0.364534	40.000000
71.395813	39.777272	0.356365	0.000000	0.000000	0.356365	40.000000
71.294813	39.780868	0.350611	0.000000	0.000000	0.350611	40.000000
71.195813	39.780872	0.350604	0.000000	0.000000	0.350604	40.000000
71.094813	39.784285	0.345144	0.000000	0.000000	0.345144	40.000000
70.996813	39.784286	0.345142	0.000000	0.000000	0.345142	40.000000
70.895813	39.784413	0.344939	0.000000	-0.000000	0.344939	40.000000
70.799813	39.783929	0.345713	0.000000	-0.000000	0.345713	40.000000
70.693813	39.780691	0.350894	0.000000	-0.000000	0.350894	40.000000
70.595813	39.779489	0.352818	0.000000	-0.000000	0.352818	40.000000
70.496813	39.775707	0.358869	0.000000	0.000000	0.358869	40.000000
70.396813	39.776369	0.357809	0.000000	-0.000000	0.357809	40.000000
70.297813	39.776251	0.357999	0.000000	-0.000000	0.357999	40.000000
70.204813	39.775888	0.358579	0.000000	-0.000000	0.358579	40.000000
70.100813	39.775292	0.359532	0.000000	-0.000000	0.359532	40.000000
69.997813	39.773851	0.361838	0.000000	0.000000	0.361838	40.000000
69.896813	39.774635	0.360584	0.000000	0.000000	0.360584	40.000000
69.796813	39.775290	0.359537	0.000000	0.000000	0.359537	40.000000
69.698813	39.775292	0.359532	0.000000	0.000000	0.359532	40.000000
69.597813	39.776071	0.358287	0.000000	-0.000000	0.358287	40.000000
69.499813	39.776004	0.358393	0.000000	0.000000	0.358393	40.000000
69.395813	39.777325	0.356280	0.000000	-0.000000	0.356280	40.000000
69.296813	39.776728	0.357235	0.000000	-0.000000	0.357235	40.000000
69.197813	39.775047	0.359925	0.000000	0.000000	0.359925	40.000000
69.093813	39.777877	0.355397	0.000000	-0.000000	0.355397	40.000000
68.994813	39.776612	0.357421	0.000000	0.000000	0.357421	40.000000
68.898813	39.777750	0.355599	0.000000	0.000000	0.355599	40.000000
68.796813	39.779010	0.353584	0.000000	-0.000000	0.353584	40.000000
68.697813	39.776313	0.357899	0.000000	0.000000	0.357899	40.000000
68.596813	39.776432	0.357709	0.000000	0.000000	0.357709	40.000000
68.495813	39.776911	0.356943	0.000000	-0.000000	0.356943	40.000000
68.394813	39.775707	0.358869	0.000000	-0.000000	0.358869	40.000000
68.299813	39.775593	0.359050	0.000000	-0.000000	0.359050	40.000000
68.203813	39.771509	0.365586	0.000000	-0.000000	0.365586	40.000000
68.095813	39.767255	0.372392	0.000000	-0.000000	0.372392	40.000000
67.994813	39.766110	0.374224	0.000000	-0.000000	0.374224	40.000000
67.898813	39.763296	0.378726	0.000000	-0.000000	0.378726	40.000000
67.796813	39.755190	0.391697	0.000000	-0.000000	0.391697	40.000000
67.700813	39.753693	0.394092	0.000000	0.000000	0.394092	40.000000
67.596813	39.755434	0.391306	0.000000	-0.000000	0.391306	40.000000
67.495813	39.752542	0.395932	0.000000	0.000000	0.395932	40.000000
67.396813	39.754346	0.393047	0.000000	0.000000	0.393047	40.000000
67.299813	39.761850	0.381041	0.000000	0.000000	0.381041	40.000000
67.197813	39.770368	0.367411	0.000000	0.000000	0.367411	40.000000
67.096813	39.775534	0.359146	0.000000	0.000000	0.359146	40.000000
66.996813	39.776913	0.356939	0.000000	0.000000	0.356939	40.000000
66.898813	39.778716	0.354055	0.000000	-0.000000	0.354055	40.000000
66.808813	39.775715	0.358856	0.000000	-0.000000	0.358856	40.000000
66.717813	39.774867	0.360213	0.000000	-0.000000	0.360213	40.000000
66.625813	39.769473	0.368843	0.000000	0.000000	0.368843	40.000000
66.535813	39.772773	0.363564	0.000000	0.000000	0.363564	40.000000
66.440813	39.774332	0.361068	0.000000	-0.000000	0.361068	40.000000
66.351813	39.773490	0.362416	0.000000	0.000000	0.362416	40.000000
66.262813	39.774514	0.360778	0.000000	-0.000000	0.360778	40.000000
66.100813	39.773433	0.362508	0.000000	-0.000000	0.362508	40.000000
65.996813	39.768686	0.370103	0.000000	-0.000000	0.370103	40.000000
65.897813	39.768147	0.370965	0.000000	-0.000000	0.370965	40.000000
65.799813	39.767310	0.372304	0.000000	0.000000	0.372304	40.000000
65.697813	39.767551	0.371918	0.000000	-0.000000	0.371918	40.000000
65.594813	39.766473	0.373644	0.000000	0.000000	0.373644	40.000000
65.498813	39.766647	0.373364	0.000000	-0.000000	0.373364	40.000000
65.396813	39.763653	0.378155	0.000000	-0.000000	0.378155	40.000000
65.307813	39.762989	0.379217	0.000000	-0.000000	0.379217	40.000000
65.214813	39.758496	0.386407	0.000000	-0.000000	0.386407	40.000000
65.099813	39.757413	0.388139	0.000000	-0.000000	0.388139	40.000000
64.997813	39.755544	0.391129	0.000000	-0.000000	0.391129	40.000000
64.896813	39.754411	0.392942	0.000000	-0.000000	0.392942	40.000000
64.797813	39.748291	0.402734	0.000000	0.000000	0.402734	40.000000
64.696813	39.750268	0.399571	0.000000	0.000000	0.399571	40.000000
64.598813	39.756988	0.388819	0.000000	-0.000000	0.388819	40.000000
64.500813	39.756452	0.389677	0.000000	-0.000000	0.389677	40.000000
64.399813	39.754291	0.393134	0.000000	-0.000000	0.393134	40.000000
64.294813	39.752012	0.396781	0.000000	0.000000	0.396781	40.000000
64.196813	39.755190	0.391697	0.000000	0.000000	0.391697	40.000000
64.094813	39.755311	0.391502	0.000000	0.000000	0.391502	40.000000
63.995813	39.756391	0.389775	0.000000	0.000000	0.389775	40.000000
63.899813	39.759991	0.384014	0.000000	0.000000	0.384014	40.000000
63.793813	39.762632	0.379789	0.000000	-0.000000	0.379789	40.000000
63.696813	39.761310	0.381904	0.000000	0.000000	0.381904	40.000000
63.597813	39.766717	0.373253	0.000000	0.000000	0.373253	40.000000
63.496813	39.771574	0.365481	0.000000	0.000000	0.365481	40.000000
63.397813	39.773497	0.362405	0.000000	0.000000	0.362405	40.000000
63.297813	39.774690	0.360497	0.000000	0.000000	0.360497	40.000000
63.195813	39.778234	0.354825	0.000000	-0.000000	0.354825	40.000000
63.095813	39.775593	0.359050	0.000000	-0.000000	0.359050	40.000000
62.997813	39.773850	0.361840	0.000000	-0.000000	0.361840	40.000000
62.898813	39.767430	0.372112	0.000000	0.000000	0.372112	40.000000
62.795813	39.772709	0.363666	0.000000	0.000000	0.363666	40.000000
62.700813	39.779609	0.352626	0.000000	0.000000	0.352626	40.000000
62.599813	39.783572	0.346285	0.000000	-0.000000	0.346285	40.000000
62.496813	39.780390	0.351376	0.000000	-0.000000	0.351376	40.000000
62.398813	39.775776	0.358758	0.000000	-0.000000	0.358758	40.000000
62.297813	39.774514	0.360778	0.000000	0.000000	0.360778	40.000000
62.195813	39.776612	0.357421	0.000000	0.000000	0.357421	40.000000
62.096813	39.779191	0.353294	0.000000	0.000000	0.353294	40.000000
61.997813	39.779253	0.353196	0.000000	0.000000	0.353196	40.000000
61.898813	39.781111	0.350222	0.000000	0.000000	0.350222	40.000000
61.794813	39.783636	0.346183	0.000000	0.000000	0.346183	40.000000
61.694813	39.784708	0.344468	0.000000	-0.000000	0.344468	40.000000
61.596813	39.782673	0.347723	0.000000	-0.000000	0.347723	40.000000
61.496813	39.775952	0.358477	0.000000	-0.000000	0.358477	40.000000
61.395813	39.772232	0.364430	0.000000	0.000000	0.364430	40.000000
61.295813	39.774687	0.360501	0.000000	-0.000000	0.360501	40.000000
61.197813	39.771388	0.365780	0.000000	-0.000000	0.365780	40.000000
61.099813	39.767373	0.372204	0.000000	-0.000000	0.372204	40.000000
60.999813	39.762991	0.379215	0.000000	-0.000000	0.379215	40.000000
60.893813	39.755307	0.391509	0.000000	0.000000	0.391509	40.000000
60.795813	39.760229	0.383634	0.000000	-0.000000	0.383634	40.000000
60.697813	39.758674	0.386121	0.000000	0.000000	0.386121	40.000000
60.596813	39.762208	0.380467	0.000000	0.000000	0.380467	40.000000
60.499813	39.762633	0.379786	0.000000	0.000000	0.379786	40.000000
60.397813	39.763648	0.378163	0.000000	0.000000	0.378163	40.000000
60.295813	39.764369	0.377009	0.000000	0.000000	0.377009	40.000000
60.206813	39.764672	0.376525	0.000000	-0.000000	0.376525	40.000000
60.097813	39.763348	0.378643	0.000000	-0.000000	0.378643	40.000000
59.996813	39.761248	0.382002	0.000000	-0.000000	0.382002	40.000000
59.895813	39.760954	0.382474	0.000000	-0.000000	0.382474	40.000000
59.804813	39.756087	0.390261	0.000000	-0.000000	0.390261	40.000000
59.694813	39.754952	0.392076	0.000000	-0.000000	0.392076	40.000000
59.596813	39.754350	0.393040	0.000000	-0.000000	0.393040	40.000000
59.497813	39.753091	0.395054	0.000000	0.000000	0.395054	40.000000
59.397813	39.755068	0.391891	0.000000	0.000000	0.391891	40.000000
59.295813	39.757467	0.388054	0.000000	-0.000000	0.388054	40.000000
59.196813	39.750689	0.398897	0.000000	-0.000000	0.398897	40.000000
59.097813	39.748708	0.402067	0.000000	-0.000000	0.402067	40.000000
58.998813	39.744212	0.409261	0.000000	0.000000	0.409261	40.000000
58.898813	39.748648	0.402163	0.000000	-0.000000	0.402163	40.000000
58.795813	39.746489	0.405618	0.000000	-0.000000	0.405618	40.000000
58.697813	39.744692	0.408493	0.000000	-0.000000	0.408493	40.000000
58.597813	39.742588	0.411859	0.000000	-0.000000	0.411859	40.000000
58.496813	39.740314	0.415497	0.000000	-0.000000	0.415497	40.000000
58.395813	39.737548	0.419923	0.000000	-0.000000	0.419923	40.000000
58.297813	39.733886	0.425782	0.000000	-0.000000	0.425782	40.000000
58.196813	39.732152	0.428557	0.000000	-0.000000	0.428557	40.000000
58.096813	39.729328	0.433075	0.000000	-0.000000	0.433075	40.000000
57.997813	39.727529	0.435954	0.000000	0.000000	0.435954	40.000000
57.898813	39.730409	0.431345	0.000000	-0.000000	0.431345	40.000000
57.796813	39.729512	0.432780	0.000000	-0.000000	0.432780	40.000000
57.697813	39.728734	0.434026	0.000000	-0.000000	0.434026	40.000000
57.599813	39.728730	0.434032	0.000000	-0.000000	0.434032	40.000000
57.496813	39.728550	0.434320	0.000000	0.000000	0.434320	40.000000
57.395813	39.730832	0.430669	0.000000	0.000000	0.430669	40.000000
57.298813	39.731371	0.429807	0.000000	-0.000000	0.429807	40.000000
57.196813	39.731368	0.429811	0.000000	0.000000	0.429811	40.000000
57.097813	39.733830	0.425872	0.000000	-0.000000	0.425872	40.000000
56.996813	39.732573	0.427883	0.000000	0.000000	0.427883	40.000000
56.895813	39.736652	0.421357	0.000000	0.000000	0.421357	40.000000
56.796813	39.738992	0.417613	0.000000	0.000000	0.417613	40.000000
56.697813	39.741210	0.414064	0.000000	0.000000	0.414064	40.000000
56.597813	39.744873	0.408203	0.000000	0.000000	0.408203	40.000000
56.495813	39.749312	0.401100	0.000000	0.000000	0.401100	40.000000
56.395813	39.753153	0.394956	0.000000	0.000000	0.394956	40.000000
56.295813	39.755670	0.390929	0.000000	0.000000	0.390929	40.000000
56.197813	39.757769	0.387569	0.000000	0.000000	0.387569	40.000000
56.099813	39.758852	0.385837	0.000000	0.000000	0.385837	40.000000
56.001813	39.763053	0.379115	0.000000	0.000000	0.379115	40.000000
55.895813	39.768924	0.369721	0.000000	0.000000	0.369721	40.000000
55.796813	39.773671	0.362126	0.000000	0.000000	0.362126	40.000000
55.697813	39.776848	0.357043	0.000000	0.000000	0.357043	40.000000
55.597813	39.778590	0.354256	0.000000	0.000000	0.354256	40.000000
55.497813	39.781230	0.350033	0.000000	0.000000	0.350033	40.000000
55.398813	39.784829	0.344274	0.000000	0.000000	0.344274	40.000000
55.296813	39.786274	0.341962	0.000000	0.000000	0.341962	40.000000
55.204813	39.791124	0.334202	0.000000	0.000000	0.334202	40.000000
55.100813	39.796233	0.326027	0.000000	0.000000	0.326027	40.000000
54.996813	39.800438	0.319300	0.000000	0.000000	0.319300	40.000000
54.894813	39.810814	0.302697	0.000000	0.000000	0.302697	40.000000
54.802813	39.811353	0.301835	0.000000	0.000000	0.301835	40.000000
54.695813	39.817714	0.291657	0.000000	0.000000	0.291657	40.000000
54.597813	39.828508	0.274387	0.000000	0.000000	0.274387	40.000000
54.495813	39.836496	0.261607	0.000000	0.000000	0.261607	40.000000
54.397813	39.837097	0.260645	0.000000	0.000000	0.260645	40.000000
54.296813	39.842618	0.251811	0.000000	0.000000	0.251811	40.000000
54.199813	39.847651	0.243759	0.000000	0.000000	0.243759	40.000000
54.094813	39.849516	0.240775	0.000000	0.000000	0.240775	40.000000
53.995813	39.853953	0.233675	0.000000	0.000000	0.233675	40.000000
53.898813	39.856116	0.230215	0.000000	0.000000	0.230215	40.000000
53.797813	39.861516	0.221575	0.000000	0.000000	0.221575	40.000000
53.697813	39.862658	0.219747	0.000000	0.000000	0.219747	40.000000
53.596813	39.863851	0.217838	0.000000	-0.000000	0.217838	40.000000
53.496813	39.862957	0.219269	0.000000	0.000000	0.219269	40.000000
53.395813	39.865954	0.214474	0.000000	-0.000000	0.214474	40.000000
53.300813	39.865115	0.215816	0.000000	0.000000	0.215816	40.000000
53.200813	39.866075	0.214280	0.000000	-0.000000	0.214280	40.000000
53.096813	39.863439	0.218497	0.000000	-0.000000	0.218497	40.000000
52.995813	39.860139	0.223778	0.000000	-0.000000	0.223778	40.000000
52.897813	39.857969	0.227250	0.000000	-0.000000	0.227250	40.000000
52.797813	39.849702	0.240476	0.000000	-0.000000	0.240476	40.000000
52.698813	39.839134	0.257386	0.000000	-0.000000	0.257386	40.000000
52.596813	39.828149	0.274961	0.000000	-0.000000	0.274961	40.000000
52.498813	39.820531	0.287150	0.000000	-0.000000	0.287150	40.000000
52.397813	39.811591	0.301454	0.000000	-0.000000	0.301454	40.000000
52.297813	39.799173	0.321324	0.000000	-0.000000	0.321324	40.000000
52.196813	39.788371	0.338607	0.000000	-0.000000	0.338607	40.000000
52.098813	39.781232	0.350028	0.000000	-0.000000	0.350028	40.000000
51.998813	39.774091	0.361454	0.000000	-0.000000	0.361454	40.000000
51.898813	39.761787	0.381141	0.000000	-0.000000	0.381141	40.000000
51.797813	39.747213	0.404460	0.000000	-0.000000	0.404460	40.000000
51.699813	39.733526	0.426358	0.000000	-0.000000	0.426358	40.000000
51.599813	39.719186	0.449302	0.000000	-0.000000	0.449302	40.000000
51.496813	39.705087	0.471861	0.000000	-0.000000	0.471861	40.000000
51.399813	39.694044	0.489530	0.000000	-0.000000	0.489530	40.000000
51.302813	39.681993	0.508812	0.000000	-0.000000	0.508812	40.000000
51.197813	39.668246	0.530806	0.000000	-0.000000	0.530806	40.000000
51.098813	39.657083	0.548667	0.000000	-0.000000	0.548667	40.000000
50.996813	39.648145	0.562968	0.000000	-0.000000	0.562968	40.000000
50.897813	39.635186	0.583702	0.000000	-0.000000	0.583702	40.000000
50.798813	39.619407	0.608949	0.000000	-0.000000	0.608949	40.000000
50.701813	39.608065	0.627096	0.000000	-0.000000	0.627096	40.000000
50.597813	39.593242	0.650813	0.000000	-0.000000	0.650813	40.000000
50.496813	39.589284	0.657146	0.000000	-0.000000	0.657146	40.000000
50.397813	39.585811	0.662702	0.000000	-0.000000	0.662702	40.000000
50.302813	39.578542	0.674333	0.000000	-0.000000	0.674333	40.000000
50.213813	39.573259	0.682786	0.000000	-0.000000	0.682786	40.000000
50.103813	39.566364	0.693817	0.000000	-0.000000	0.693817	40.000000
49.997813	39.565103	0.695835	0.000000	-0.000000	0.695835	40.000000
49.896813	39.559580	0.704671	0.000000	-0.000000	0.704671	40.000000
49.798813	39.553580	0.714271	0.000000	-0.000000	0.714271	40.000000
49.697813	39.548184	0.722905	0.000000	-0.000000	0.722905	40.000000
49.599813	39.543084	0.731066	0.000000	-0.000000	0.731066	40.000000
49.497813	39.539119	0.737409	0.000000	-0.000000	0.737409	40.000000
49.397813	39.539006	0.737590	0.000000	0.000000	0.737590	40.000000
49.297813	39.539239	0.737217	0.000000	0.000000	0.737217	40.000000
49.196813	39.540802	0.734717	0.000000	0.000000	0.734717	40.000000
49.098813	39.546804	0.725113	0.000000	0.000000	0.725113	40.000000
48.996813	39.555205	0.711671	0.000000	0.000000	0.711671	40.000000
48.895813	39.564807	0.696308	0.000000	0.000000	0.696308	40.000000
48.803813	39.583526	0.666358	0.000000	0.000000	0.666358	40.000000
48.698813	39.600019	0.639970	0.000000	0.000000	0.639970	40.000000
48.596813	39.618747	0.610005	0.000000	0.000000	0.610005	40.000000
48.497813	39.635424	0.583322	0.000000	0.000000	0.583322	40.000000
48.395813	39.653784	0.553946	0.000000	0.000000	0.553946	40.000000
48.297813	39.676594	0.517450	0.000000	0.000000	0.517450	40.000000
48.201813	39.695730	0.486832	0.000000	0.000000	0.486832	40.000000
48.095813	39.717869	0.451409	0.000000	0.000000	0.451409	40.000000
48.000813	39.742826	0.411479	0.000000	0.000000	0.411479	40.000000
47.897813	39.762268	0.380371	0.000000	0.000000	0.380371	40.000000
47.797813	39.784177	0.345317	0.000000	0.000000	0.345317	40.000000
47.698813	39.806371	0.309806	0.000000	0.000000	0.309806	40.000000
47.598813	39.828755	0.273993	0.000000	0.000000	0.273993	40.000000
47.496813	39.854976	0.232039	0.000000	0.000000	0.232039	40.000000
47.395813	39.878863	0.193819	0.000000	0.000000	0.193819	40.000000
47.298813	39.905860	0.150624	0.000000	0.000000	0.150624	40.000000
47.199813	39.932977	0.107236	0.000000	0.000000	0.107236	40.000000
47.094813	39.955896	0.070566	0.000000	0.000000	0.070566	40.000000
46.995813	39.978036	0.035142	0.000000	0.000000	0.035142	40.000000
46.898813	39.998080	0.003072	0.000000	0.000000	0.003072	40.000000
46.797813	40.022029	-0.035246	0.000000	0.000000	-0.035246	40.000000
46.698813	40.045323	-0.072516	0.000000	0.000000	-0.072516	40.000000
46.599813	40.071087	-0.113739	0.000000	0.000000	-0.113739	40.000000
46.495813	40.099190	-0.158703	0.000000	0.000000	-0.158703	40.000000
46.398813	40.124712	-0.199538	0.000000	0.000000	-0.199538	40.000000
46.298813	40.149633	-0.239413	0.000000	0.000000	-0.239413	40.000000
46.194813	40.172677	-0.276283	0.000000	0.000000	-0.276283	40.000000
46.097813	40.196397	-0.314235	0.000000	0.000000	-0.314235	40.000000
46.000813	40.219633	-0.351413	0.000000	0.000000	-0.351413	40.000000
45.898813	40.244544	-0.391271	0.000000	0.000000	-0.391271	40.000000
45.796813	40.272240	-0.435585	0.000000	0.000000	-0.435585	40.000000
45.695813	40.301432	-0.482291	0.000000	0.000000	-0.482291	40.000000
45.596813	40.327728	-0.524364	0.000000	0.000000	-0.524364	40.000000
45.498813	40.350539	-0.560863	0.000000	0.000000	-0.560863	40.000000
45.400813	40.374975	-0.599961	0.000000	0.000000	-0.599961	40.000000
45.301813	40.399599	-0.639358	0.000000	0.000000	-0.639358	40.000000
45.200813	40.424938	-0.679900	0.000000	0.000000	-0.679900	40.000000
45.095813	40.454003	-0.726405	0.000000	0.000000	-0.726405	40.000000
44.997813	40.482599	-0.772159	0.000000	0.000000	-0.772159	40.000000
44.897813	40.511067	-0.817707	0.000000	0.000000	-0.817707	40.000000
44.798813	40.538150	-0.861039	0.000000	0.000000	-0.861039	40.000000
44.698813	40.564933	-0.903892	0.000000	0.000000	-0.903892	40.000000
44.597813	40.593228	-0.949165	0.000000	0.000000	-0.949165	40.000000
44.497813	40.615673	-0.985077	0.000000	0.000000	-0.985077	40.000000
44.397813	40.639450	-1.023120	0.000000	0.000000	-1.023120	40.000000
44.298813	40.662383	-1.059813	0.000000	0.000000	-1.059813	40.000000
44.196813	40.683866	-1.094186	0.000000	0.000000	-1.094186	40.000000
44.099813	40.707946	-1.132713	0.000000	0.000000	-1.132713	40.000000
43.999813	40.729735	-1.167577	0.000000	0.000000	-1.167577	40.000000
43.899813	40.758623	-1.213797	0.000000	0.000000	-1.213797	40.000000
43.799813	40.781074	-1.249718	0.000000	0.000000	-1.249718	40.000000
43.695813	40.806234	-1.289975	0.000000	0.000000	-1.289975	40.000000
43.597813	40.833075	-1.332920	0.000000	0.000000	-1.332920	40.000000
43.500813	40.855827	-1.369324	0.000000	0.000000	-1.369324	40.000000
43.401813	40.878821	-1.406113	0.000000	0.000000	-1.406113	40.000000
43.298813	40.904345	-1.446953	0.000000	0.000000	-1.446953	40.000000
43.196813	40.927990	-1.484784	0.000000	0.000000	-1.484784	40.000000
43.100813	40.950809	-1.521295	0.000000	0.000000	-1.521295	40.000000
42.997813	40.975308	-1.560493	0.000000	0.000000	-1.560493	40.000000
42.896813	40.998298	-1.597276	0.000000	0.000000	-1.597276	40.000000
42.796813	41.022490	-1.635985	0.000000	0.000000	-1.635985	40.000000
42.696813	41.045426	-1.672682	0.000000	0.000000	-1.672682	40.000000
42.600813	41.069438	-1.711102	0.000000	0.000000	-1.711102	40.000000
42.500813	41.092557	-1.748092	0.000000	0.000000	-1.748092	40.000000
42.396813	41.113915	-1.782265	0.000000	0.000000	-1.782265	40.000000
42.296813	41.134740	-1.815584	0.000000	0.000000	-1.815584	40.000000
42.196813	41.158221	-1.853154	0.000000	0.000000	-1.853154	40.000000
42.097813	41.180785	-1.889256	0.000000	0.000000	-1.889256	40.000000
41.997813	41.203000	-1.924800	0.000000	0.000000	-1.924800	40.000000
41.900813	41.222925	-1.956679	0.000000	0.000000	-1.956679	40.000000
41.796813	41.246454	-1.994327	0.000000	0.000000	-1.994327	40.000000
41.696813	41.271559	-2.034494	0.000000	0.000000	-2.034494	40.000000
41.598813	41.289796	-2.063673	0.000000	0.000000	-2.063673	40.000000
41.497813	41.311517	-2.098428	0.000000	0.000000	-2.098428	40.000000
41.397813	41.330476	-2.128762	0.000000	0.000000	-2.128762	40.000000
41.299813	41.351244	-2.161991	0.000000	0.000000	-2.161991	40.000000
41.199813	41.372070	-2.195312	0.000000	0.000000	-2.195312	40.000000
41.099813	41.389642	-2.223428	0.000000	0.000000	-2.223428	40.000000
40.997813	41.406737	-2.250780	0.000000	0.000000	-2.250780	40.000000
40.899813	41.422808	-2.276492	0.000000	0.000000	-2.276492	40.000000
40.798813	41.439055	-2.302488	0.000000	0.000000	-2.302488	40.000000
40.698813	41.450440	-2.320704	0.000000	0.000000	-2.320704	40.000000
40.600813	41.462774	-2.340439	0.000000	0.000000	-2.340439	40.000000
40.497813	41.474991	-2.359986	0.000000	0.000000	-2.359986	40.000000
40.399813	41.491128	-2.385806	0.000000	0.000000	-2.385806	40.000000
40.296813	41.502378	-2.403805	0.000000	0.000000	-2.403805	40.000000
40.199813	41.518571	-2.429713	0.000000	0.000000	-2.429713	40.000000
40.105813	41.526820	-2.442912	0.000000	0.000000	-2.442912	40.000000
40.000813	41.540965	-2.465544	0.000000	0.000000	-2.465544	40.000000
39.898813	41.553902	-2.486244	0.000000	0.000000	-2.486244	40.000000
39.796813	41.566844	-2.506950	0.000000	0.000000	-2.506950	40.000000
39.697813	41.573285	-2.517256	0.000000	0.000000	-2.517256	40.000000
39.597813	41.577618	-2.524188	0.000000	0.000000	-2.524188	40.000000
39.498813	41.585078	-2.536125	0.000000	0.000000	-2.536125	40.000000
39.399813	41.590256	-2.544409	0.000000	0.000000	-2.544409	40.000000
39.296813	41.595974	-2.553558	0.000000	0.000000	-2.553558	40.000000
39.195813	41.600488	-2.560781	0.000000	0.000000	-2.560781	40.000000
39.097813	41.602475	-2.563960	0.000000	0.000000	-2.563960	40.000000
38.999813	41.606691	-2.570706	0.000000	-0.000000	-2.570706	40.000000
38.897813	41.605483	-2.568772	0.000000	-0.000000	-2.568772	40.000000
38.795813	41.605239	-2.568383	0.000000	-0.000000	-2.568383	40.000000
38.700813	41.604098	-2.566558	0.000000	-0.000000	-2.566558	40.000000
38.597813	41.600433	-2.560693	0.000000	-0.000000	-2.560693	40.000000
38.499813	41.595912	-2.553459	0.000000	-0.000000	-2.553459	40.000000
38.411813	41.590617	-2.544987	0.000000	-0.000000	-2.544987	40.000000
38.323813	41.585985	-2.537575	0.000000	-0.000000	-2.537575	40.000000
38.235813	41.578159	-2.525055	0.000000	-0.000000	-2.525055	40.000000
38.149813	41.568708	-2.509933	0.000000	-0.000000	-2.509933	40.000000
38.064813	41.555401	-2.488642	0.000000	-0.000000	-2.488642	40.000000
37.897813	41.531576	-2.450522	0.000000	-0.000000	-2.450522	40.000000
37.804813	41.512916	-2.420665	0.000000	-0.000000	-2.420665	40.000000
37.704813	41.494375	-2.391000	0.000000	-0.000000	-2.391000	40.000000
37.599813	41.471680	-2.354688	0.000000	-0.000000	-2.354688	40.000000
37.497813	41.447969	-2.316750	0.000000	-0.000000	-2.316750	40.000000
37.398813	41.419201	-2.270722	0.000000	-0.000000	-2.270722	40.000000
37.296813	41.391028	-2.225644	0.000000	-0.000000	-2.225644	40.000000
37.198813	41.358889	-2.174223	0.000000	-0.000000	-2.174223	40.000000
37.100813	41.325664	-2.121062	0.000000	-0.000000	-2.121062	40.000000
36.996813	41.283651	-2.053842	0.000000	-0.000000	-2.053842	40.000000
36.896813	41.244412	-1.991060	0.000000	-0.000000	-1.991060	40.000000
36.797813	41.198662	-1.917860	0.000000	-0.000000	-1.917860	40.000000
36.697813	41.151903	-1.843044	0.000000	-0.000000	-1.843044	40.000000
36.600813	41.100503	-1.760805	0.000000	-0.000000	-1.760805	40.000000
36.498813	41.041695	-1.666713	0.000000	-0.000000	-1.666713	40.000000
36.396813	40.981740	-1.570785	0.000000	-0.000000	-1.570785	40.000000
36.296813	40.918370	-1.469392	0.000000	-0.000000	-1.469392	40.000000
36.201813	40.852337	-1.363740	0.000000	-0.000000	-1.363740	40.000000
36.096813	40.775830	-1.241329	0.000000	-0.000000	-1.241329	40.000000
35.995813	40.695120	-1.112193	0.000000	-0.000000	-1.112193	40.000000
35.897813	40.609294	-0.974871	0.000000	-0.000000	-0.974871	40.000000
35.796813	40.515642	-0.825027	0.000000	-0.000000	-0.825027	40.000000
35.698813	40.413442	-0.661506	0.000000	-0.000000	-0.661506	40.000000
35.598813	40.306422	-0.490275	0.000000	-0.000000	-0.490275	40.000000
35.495813	40.192904	-0.308646	0.000000	-0.000000	-0.308646	40.000000
35.396813	40.077766	-0.124426	0.000000	-0.000000	-0.124426	40.000000
35.298813	39.955057	0.071909	0.000000	-0.000000	0.071909	40.000000
35.198813	39.830190	0.271696	0.000000	-0.000000	0.271696	40.000000
35.099813	39.697647	0.483765	0.000000	-0.000000	0.483765	40.000000
34.999813	39.567923	0.691324	0.000000	-0.000000	0.691324	40.000000
34.903813	39.439394	0.896969	0.000000	-0.000000	0.896969	40.000000
34.798813	39.297136	1.124583	0.000000	-0.000000	1.124583	40.000000
34.700813	39.162426	1.340118	0.000000	-0.000000	1.340118	40.000000
34.602813	39.034144	1.545369	0.000000	-0.000000	1.545369	40.000000
34.498813	38.896194	1.766090	0.000000	-0.000000	1.766090	40.000000
34.396813	38.761255	1.981992	0.000000	-0.000000	1.981992	40.000000
34.297813	38.626911	2.196943	0.000000	-0.000000	2.196943	40.000000
34.198813	38.500065	2.399897	0.000000	-0.000000	2.399897	40.000000
34.108813	38.386780	2.581152	0.000000	-0.000000	2.581152	40.000000
34.004813	38.243916	2.809735	0.000000	-0.000000	2.809735	40.000000
33.897813	38.111011	3.022382	0.000000	-0.000000	3.022382	40.000000
33.812813	38.000246	3.199607	0.000000	-0.000000	3.199607	40.000000
33.730813	37.893018	3.371170	0.000000	-0.000000	3.371170	40.000000
33.646813	37.785551	3.543118	0.000000	-0.000000	3.543118	40.000000
33.563813	37.673470	3.722448	0.000000	-0.000000	3.722448	40.000000
33.476813	37.561496	3.901607	0.000000	-0.000000	3.901607	40.000000
33.323813	37.367160	4.212544	0.000000	-0.000000	4.212544	40.000000
33.237813	37.263832	4.377869	0.000000	-0.000000	4.377869	40.000000
33.153813	37.160278	4.543555	0.000000	-0.000000	4.543555	40.000000
33.066813	37.057843	4.707451	0.000000	-0.000000	4.707451	40.000000
32.896813	36.854621	5.032607	0.000000	-0.000000	5.032607	40.000000
32.799813	36.737614	5.219817	0.000000	-0.000000	5.219817	40.000000
32.699813	36.625588	5.399059	0.000000	-0.000000	5.399059	40.000000
32.600813	36.508700	5.586080	0.000000	-0.000000	5.586080	40.000000
32.497813	36.390800	5.774720	0.000000	-0.000000	5.774720	40.000000
32.400813	36.281355	5.949833	0.000000	-0.000000	5.949833	40.000000
32.296813	36.169387	6.128981	0.000000	-0.000000	6.128981	40.000000
32.205813	36.069129	6.289394	0.000000	-0.000000	6.289394	40.000000
32.099813	35.955840	6.470656	0.000000	-0.000000	6.470656	40.000000
31.997813	35.850423	6.639323	0.000000	-0.000000	6.639323	40.000000
31.897813	35.749494	6.800809	0.000000	-0.000000	6.800809	40.000000
31.800813	35.651925	6.956920	0.000000	-0.000000	6.956920	40.000000
31.698813	35.554428	7.112916	0.000000	-0.000000	7.112916	40.000000
31.598813	35.460762	7.262781	0.000000	-0.000000	7.262781	40.000000
31.498813	35.364821	7.416286	0.000000	-0.000000	7.416286	40.000000
31.398813	35.276611	7.557422	0.000000	-0.000000	7.557422	40.000000
31.299813	35.192134	7.692586	0.000000	-0.000000	7.692586	40.000000
31.202813	35.107707	7.827668	0.000000	-0.000000	7.827668	40.000000
31.101813	35.036306	7.941910	0.000000	-0.000000	7.941910	40.000000
30.997813	34.957464	8.068058	0.000000	-0.000000	8.068058	40.000000
30.897813	34.887625	8.179801	0.000000	-0.000000	8.179801	40.000000
30.798813	34.820116	8.287815	0.000000	-0.000000	8.287815	40.000000
30.699813	34.757896	8.387366	0.000000	-0.000000	8.387366	40.000000
30.601813	34.700838	8.478660	0.000000	-0.000000	8.478660	40.000000
30.500813	34.651388	8.557780	0.000000	-0.000000	8.557780	40.000000
30.396813	34.606815	8.629095	0.000000	-0.000000	8.629095	40.000000
30.298813	34.567326	8.692278	0.000000	-0.000000	8.692278	40.000000
30.203813	34.532825	8.747479	0.000000	-0.000000	8.747479	40.000000
30.099813	34.500063	8.799900	0.000000	-0.000000	8.799900	40.000000
29.997813	34.471326	8.845878	0.000000	-0.000000	8.845878	40.000000
29.901813	34.453867	8.873813	0.000000	-0.000000	8.873813	40.000000
29.798813	34.444989	8.888018	0.000000	0.000000	8.888018	40.000000
29.699813	34.445402	8.887357	0.000000	0.000000	8.887357	40.000000
29.599813	34.448944	8.881690	0.000000	0.000000	8.881690	40.000000
29.497813	34.459562	8.864701	0.000000	0.000000	8.864701	40.000000
29.398813	34.479727	8.832437	0.000000	0.000000	8.832437	40.000000
29.306813	34.495266	8.807574	0.000000	0.000000	8.807574	40.000000
29.199813	34.510742	8.782813	0.000000	0.000000	8.782813	40.000000
29.097813	34.528266	0.000000	0.000000	0.000000	0.000000	40.000000
28.998813	34.544771	0.000000	0.000000	0.000000	0.000000	40.000000
28.901813	34.561085	0.000000	0.000000	0.000000	0.000000	40.000000
28.798813	34.574529	0.000000	0.000000	0.000000	0.000000	40.000000
28.700813	34.588927	0.000000	0.000000	0.000000	0.000000	40.000000
28.607813	34.602548	0.000000	0.000000	0.000000	0.000000	40.000000
28.521813	34.614671	0.000000	0.000000	0.000000	0.000000	40.000000
28.437813	34.625773	0.000000	0.000000	0.000000	0.000000	40.000000
28.356813	34.636391	0.000000	0.000000	0.000000	0.000000	40.000000
28.273813	34.651097	0.000000	0.000000	0.000000	0.000000	40.000000
28.167813	34.665434	0.000000	0.000000	0.000000	0.000000	40.000000
27.996813	34.692257	0.000000	0.000000	0.000000	0.000000	40.000000
27.897813	34.706651	0.000000	0.000000	0.000000	0.000000	40.000000
27.798813	34.723030	0.000000	0.000000	0.000000	0.000000	40.000000
27.700813	34.736954	0.000000	0.000000	0.000000	0.000000	40.000000
27.597813	34.755968	0.000000	0.000000	0.000000	0.000000	40.000000
27.497813	34.772593	0.000000	0.000000	0.000000	0.000000	40.000000
27.398813	34.785194	0.000000	0.000000	0.000000	0.000000	40.000000
27.297813	34.804342	0.000000	0.000000	0.000000	0.000000	40.000000
27.197813	34.820894	0.000000	0.000000	0.000000	0.000000	40.000000
27.100813	34.837577	0.000000	0.000000	0.000000	0.000000	40.000000
26.998813	34.850360	0.000000	0.000000	0.000000	0.000000	40.000000
26.898813	34.866257	0.000000	0.000000	0.000000	0.000000	40.000000
26.798813	34.883419	0.000000	0.000000	0.000000	0.000000	40.000000
26.695813	34.897220	0.000000	0.000000	0.000000	0.000000	40.000000
26.597813	34.909945	0.000000	0.000000	0.000000	0.000000	40.000000
26.499813	34.926863	0.000000	0.000000	0.000000	0.000000	40.000000
26.402813	34.938806	0.000000	0.000000	0.000000	0.000000	40.000000
26.298813	34.955968	0.000000	0.000000	0.000000	0.000000	40.000000
26.196813	34.971027	0.000000	0.000000	0.000000	0.000000	40.000000
26.097813	34.987888	0.000000	0.000000	0.000000	0.000000	40.000000
25.999813	35.006122	0.000000	0.000000	0.000000	0.000000	40.000000
25.898813	35.020889	0.000000	0.000000	0.000000	0.000000	40.000000
25.801813	35.038892	0.000000	0.000000	0.000000	0.000000	40.000000
25.697813	35.057187	0.000000	0.000000	0.000000	0.000000	40.000000
25.596813	35.073330	0.000000	0.000000	0.000000	0.000000	40.000000
25.499813	35.090130	0.000000	0.000000	0.000000	0.000000	40.000000
25.398813	35.109808	0.000000	0.000000	0.000000	0.000000	40.000000
25.309813	35.124269	0.000000	0.000000	0.000000	0.000000	40.000000
25.228813	35.135487	0.000000	0.000000	0.000000	0.000000	40.000000
25.145813	35.147792	0.000000	0.000000	0.000000	0.000000	40.000000
25.064813	35.158290	0.000000	0.000000	0.000000	0.000000	40.000000
24.898813	35.185167	0.000000	0.000000	0.000000	0.000000	40.000000
24.799813	35.200590	0.000000	0.000000	0.000000	0.000000	40.000000
24.697813	35.213671	0.000000	0.000000	0.000000	0.000000	40.000000
24.600813	35.230531	0.000000	0.000000	0.000000	0.000000	40.000000
24.501813	35.246372	0.000000	0.000000	0.000000	0.000000	40.000000
24.399813	35.266888	0.000000	0.000000	0.000000	0.000000	40.000000
24.296813	35.282557	0.000000	0.000000	0.000000	0.000000	40.000000
24.200813	35.302359	0.000000	0.000000	0.000000	0.000000	40.000000
24.096813	35.321141	0.000000	0.000000	0.000000	0.000000	40.000000
23.998813	35.336498	0.000000	0.000000	0.000000	0.000000	40.000000
23.904813	35.353596	0.000000	0.000000	0.000000	0.000000	40.000000
23.797813	35.370280	0.000000	0.000000	0.000000	0.000000	40.000000
23.698813	35.385169	0.000000	0.000000	0.000000	0.000000	40.000000
23.599813	35.404298	0.000000	0.000000	0.000000	0.000000	40.000000
23.500813	35.422424	0.000000	0.000000	0.000000	0.000000	40.000000
23.399813	35.437236	0.000000	0.000000	0.000000	0.000000	40.000000
23.299813	35.453562	0.000000	0.000000	0.000000	0.000000	40.000000
23.198813	35.468079	0.000000	0.000000	0.000000	0.000000	40.000000
23.099813	35.486626	0.000000	0.000000	0.000000	0.000000	40.000000
22.998813	35.499639	0.000000	0.000000	0.000000	0.000000	40.000000
22.899813	35.519147	0.000000	0.000000	0.000000	0.000000	40.000000
22.797813	35.538407	0.000000	0.000000	0.000000	0.000000	40.000000
22.698813	35.556703	0.000000	0.000000	0.000000	0.000000	40.000000
22.602813	35.572548	0.000000	0.000000	0.000000	0.000000	40.000000
22.499813	35.590552	0.000000	0.000000	0.000000	0.000000	40.000000
22.398813	35.609267	0.000000	0.000000	0.000000	0.000000	40.000000
22.300813	35.626789	0.000000	0.000000	0.000000	0.000000	40.000000
22.196813	35.643588	0.000000	0.000000	0.000000	0.000000	40.000000
22.099813	35.663265	0.000000	0.000000	0.000000	0.000000	40.000000
21.999813	35.681384	0.000000	0.000000	0.000000	0.000000	40.000000
21.895813	35.700774	0.000000	0.000000	0.000000	0.000000	40.000000
21.797813	35.718473	0.000000	0.000000	0.000000	0.000000	40.000000
21.700813	35.735159	0.000000	0.000000	0.000000	0.000000	40.000000
21.598813	35.750571	0.000000	0.000000	0.000000	0.000000	40.000000
21.500813	35.768694	0.000000	0.000000	0.000000	0.000000	40.000000
21.397813	35.787421	0.000000	0.000000	0.000000	0.000000	40.000000
21.297813	35.805779	0.000000	0.000000	0.000000	0.000000	40.000000
21.196813	35.824672	0.000000	0.000000	0.000000	0.000000	40.000000
21.101813	35.841421	0.000000	0.000000	0.000000	0.000000	40.000000
21.005813	35.859660	0.000000	0.000000	0.000000	0.000000	40.000000
20.895813	35.875563	0.000000	0.000000	0.000000	0.000000	40.000000
20.797813	35.896199	0.000000	0.000000	0.000000	0.000000	40.000000
20.699813	35.915095	0.000000	0.000000	0.000000	0.000000	40.000000
20.598813	35.933282	0.000000	0.000000	0.000000	0.000000	40.000000
20.501813	35.955427	0.000000	0.000000	0.000000	0.000000	40.000000
20.400813	35.972943	0.000000	0.000000	0.000000	0.000000	40.000000
20.298813	35.990106	0.000000	0.000000	0.000000	0.000000	40.000000
20.204813	36.006363	0.000000	0.000000	0.000000	0.000000	40.000000
20.100813	36.024843	0.000000	0.000000	0.000000	0.000000	40.000000
19.999813	36.042248	0.000000	0.000000	0.000000	0.000000	40.000000
19.898813	36.055871	0.000000	0.000000	0.000000	0.000000	40.000000
19.801813	36.076690	0.000000	0.000000	0.000000	0.000000	40.000000
19.698813	36.095405	0.000000	0.000000	0.000000	0.000000	40.000000
19.599813	36.114125	0.000000	0.000000	0.000000	0.000000	40.000000
19.499813	36.134773	0.000000	0.000000	0.000000	0.000000	40.000000
19.398813	36.160209	0.000000	0.000000	0.000000	0.000000	40.000000
19.296813	36.177073	0.000000	0.000000	0.000000	0.000000	40.000000
19.201813	36.196927	0.000000	0.000000	0.000000	0.000000	40.000000
19.098813	36.216606	0.000000	0.000000	0.000000	0.000000	40.000000
18.995813	36.234733	0.000000	0.000000	0.000000	0.000000	40.000000
18.898813	36.255135	0.000000	0.000000	0.000000	0.000000	40.000000
18.800813	36.275894	0.000000	0.000000	0.000000	0.000000	40.000000
18.698813	36.295636	0.000000	0.000000	0.000000	0.000000	40.000000
18.600813	36.315853	0.000000	0.000000	0.000000	0.000000	40.000000
18.498813	36.331520	0.000000	0.000000	0.000000	0.000000	40.000000
18.397813	36.348495	0.000000	0.000000	0.000000	0.000000	40.000000
18.299813	36.364947	0.000000	0.000000	0.000000	0.000000	40.000000
18.198813	36.380955	0.000000	0.000000	0.000000	0.000000	40.000000
18.098813	36.396674	0.000000	0.000000	0.000000	0.000000	40.000000
17.999813	36.414499	0.000000	0.000000	0.000000	0.000000	40.000000
17.897813	36.430281	0.000000	0.000000	0.000000	0.000000	40.000000
17.796813	36.449777	0.000000	0.000000	0.000000	0.000000	40.000000
17.699813	36.466943	0.000000	0.000000	0.000000	0.000000	40.000000
17.601813	36.485839	0.000000	0.000000	0.000000	0.000000	40.000000
17.499813	36.504447	0.000000	0.000000	0.000000	0.000000	40.000000
17.400813	36.530302	0.000000	0.000000	0.000000	0.000000	40.000000
17.299813	36.548844	0.000000	0.000000	0.000000	0.000000	40.000000
17.198813	36.567143	0.000000	0.000000	0.000000	0.000000	40.000000
17.098813	36.590307	0.000000	0.000000	0.000000	0.000000	40.000000
17.002813	36.607168	0.000000	0.000000	0.000000	0.000000	40.000000
16.904813	36.621930	0.000000	0.000000	0.000000	0.000000	40.000000
16.797813	36.639448	0.000000	0.000000	0.000000	0.000000	40.000000
16.698813	36.657031	0.000000	0.000000	0.000000	0.000000	40.000000
16.599813	36.676884	0.000000	0.000000	0.000000	0.000000	40.000000
16.500813	36.695848	0.000000	0.000000	0.000000	0.000000	40.000000
16.400813	36.715895	0.000000	0.000000	0.000000	0.000000	40.000000
16.302813	36.734675	0.000000	0.000000	0.000000	0.000000	40.000000
16.197813	36.755736	0.000000	0.000000	0.000000	0.000000	40.000000
16.101813	36.774813	0.000000	0.000000	0.000000	0.000000	40.000000
16.000813	36.795392	0.000000	0.000000	0.000000	0.000000	40.000000
15.898813	36.815136	0.000000	0.000000	0.000000	0.000000	40.000000
15.798813	36.838119	0.000000	0.000000	0.000000	0.000000	40.000000
15.703813	36.855639	0.000000	0.000000	0.000000	0.000000	40.000000
15.599813	36.877536	0.000000	0.000000	0.000000	0.000000	40.000000
15.498813	36.897275	0.000000	0.000000	0.000000	0.000000	40.000000
15.398813	36.917683	0.000000	0.000000	0.000000	0.000000	40.000000
15.298813	36.939459	0.000000	0.000000	0.000000	0.000000	40.000000
15.197813	36.965141	0.000000	0.000000	0.000000	0.000000	40.000000
15.106813	36.984404	0.000000	0.000000	0.000000	0.000000	40.000000
15.003813	37.007204	0.000000	0.000000	0.000000	0.000000	40.000000
14.898813	37.029278	0.000000	0.000000	0.000000	0.000000	40.000000
14.798813	37.050162	0.000000	0.000000	0.000000	0.000000	40.000000
14.700813	37.072424	0.000000	0.000000	0.000000	0.000000	40.000000
14.599813	37.092532	0.000000	0.000000	0.000000	0.000000	40.000000
14.501813	37.112863	0.000000	0.000000	0.000000	0.000000	40.000000
14.400813	37.132788	0.000000	0.000000	0.000000	0.000000	40.000000
14.298813	37.152949	0.000000	0.000000	0.000000	0.000000	40.000000
14.197813	37.174554	0.000000	0.000000	0.000000	0.000000	40.000000
14.099813	37.195307	0.000000	0.000000	0.000000	0.000000	40.000000
14.001813	37.214568	0.000000	0.000000	0.000000	0.000000	40.000000
13.899813	37.235152	0.000000	0.000000	0.000000	0.000000	40.000000
13.804813	37.254596	0.000000	0.000000	0.000000	0.000000	40.000000
13.700813	37.279787	0.000000	0.000000	0.000000	0.000000	40.000000
13.600813	37.298458	0.000000	0.000000	0.000000	0.000000	40.000000
13.500813	37.319635	0.000000	0.000000	0.000000	0.000000	40.000000
13.401813	37.339797	0.000000	0.000000	0.000000	0.000000	40.000000
13.300813	37.360740	0.000000	0.000000	0.000000	0.000000	40.000000
13.202813	37.377716	0.000000	0.000000	0.000000	0.000000	40.000000
13.102813	37.400814	0.000000	0.000000	0.000000	0.000000	40.000000
12.998813	37.428778	0.000000	0.000000	0.000000	0.000000	40.000000
12.897813	37.455658	0.000000	0.000000	0.000000	0.000000	40.000000
12.801813	37.478461	0.000000	0.000000	0.000000	0.000000	40.000000
12.699813	37.495085	0.000000	0.000000	0.000000	0.000000	40.000000
12.602813	37.513499	0.000000	0.000000	0.000000	0.000000	40.000000
12.501813	37.530062	0.000000	0.000000	0.000000	0.000000	40.000000
12.398813	37.550765	0.000000	0.000000	0.000000	0.000000	40.000000
12.298813	37.570863	0.000000	0.000000	0.000000	0.000000	40.000000
12.199813	37.595461	0.000000	0.000000	0.000000	0.000000	40.000000
12.100813	37.619293	0.000000	0.000000	0.000000	0.000000	40.000000
11.999813	37.639929	0.000000	0.000000	0.000000	0.000000	40.000000
11.899813	37.659304	0.000000	0.000000	0.000000	0.000000	40.000000
11.798813	37.687450	0.000000	0.000000	0.000000	0.000000	40.000000
11.698813	37.711032	0.000000	0.000000	0.000000	0.000000	40.000000
11.600813	37.731978	0.000000	0.000000	0.000000	0.000000	40.000000
11.498813	37.753392	0.000000	0.000000	0.000000	0.000000	40.000000
11.398813	37.770973	0.000000	0.000000	0.000000	0.000000	40.000000
11.302813	37.788429	0.000000	0.000000	0.000000	0.000000	40.000000
11.199813	37.805532	0.000000	0.000000	0.000000	0.000000	40.000000
11.101813	37.832651	0.000000	0.000000	0.000000	0.000000	40.000000
11.000813	37.853357	0.000000	0.000000	0.000000	0.000000	40.000000
10.902813	37.877239	0.000000	0.000000	0.000000	0.000000	40.000000
10.798813	37.901411	0.000000	0.000000	0.000000	0.000000	40.000000
10.699813	37.925778	0.000000	0.000000	0.000000	0.000000	40.000000
10.600813	37.947261	0.000000	0.000000	0.000000	0.000000	40.000000
10.498813	37.968560	0.000000	0.000000	0.000000	0.000000	40.000000
10.399813	37.991718	0.000000	0.000000	0.000000	0.000000	40.000000
10.301813	38.009968	0.000000	0.000000	0.000000	0.000000	40.000000
10.201813	38.027901	0.000000	0.000000	0.000000	0.000000	40.000000
10.098813	38.049922	0.000000	0.000000	0.000000	0.000000	40.000000
9.998813	38.075186	0.000000	0.000000	0.000000	0.000000	40.000000
9.897813	38.095886	0.000000	0.000000	0.000000	0.000000	40.000000
9.799813	38.116047	0.000000	0.000000	0.000000	0.000000	40.000000
9.701813	38.137647	0.000000	0.000000	0.000000	0.000000	40.000000
9.598813	38.157626	0.000000	0.000000	0.000000	0.000000	40.000000
9.497813	38.178151	0.000000	0.000000	0.000000	0.000000	40.000000
9.399813	38.196394	0.000000	0.000000	0.000000	0.000000	40.000000
9.298813	38.218172	0.000000	0.000000	0.000000	0.000000	40.000000
9.198813	38.241636	0.000000	0.000000	0.000000	0.000000	40.000000
9.100813	38.258613	0.000000	0.000000	0.000000	0.000000	40.000000
8.998813	38.276969	0.000000	0.000000	0.000000	0.000000	40.000000
8.899813	38.297970	0.000000	0.000000	0.000000	0.000000	40.000000
8.800813	38.323351	0.000000	0.000000	0.000000	0.000000	40.000000
8.699813	38.345616	0.000000	0.000000	0.000000	0.000000	40.000000
8.599813	38.370338	0.000000	0.000000	0.000000	0.000000	40.000000
8.502813	38.391636	0.000000	0.000000	0.000000	0.000000	40.000000
8.399813	38.416415	0.000000	0.000000	0.000000	0.000000	40.000000
8.299813	38.435314	0.000000	0.000000	0.000000	0.000000	40.000000
8.201813	38.451942	0.000000	0.000000	0.000000	0.000000	40.000000
8.101810	38.467842	0.000000	0.000000	0.000000	0.000000	40.000000
7.998800	38.495258	0.000000	0.000000	0.000000	0.000000	40.000000
7.899790	38.515117	0.000000	0.000000	0.000000	0.000000	40.000000
7.801780	38.536125	0.000000	0.000000	0.000000	0.000000	40.000000
7.699770	38.558450	0.000000	0.000000	0.000000	0.000000	40.000000
7.598760	38.581240	0.000000	0.000000	0.000000	0.000000	40.000000
7.498750	38.604287	0.000000	0.000000	0.000000	0.000000	40.000000
7.398740	38.628048	0.000000	0.000000	0.000000	0.000000	40.000000
7.300730	38.647304	0.000000	0.000000	0.000000	0.000000	40.000000
7.198720	38.669151	0.000000	0.000000	0.000000	0.000000	40.000000
7.097710	38.691584	0.000000	0.000000	0.000000	0.000000	40.000000
6.999700	38.707854	0.000000	0.000000	0.000000	0.000000	40.000000
6.901690	38.725974	0.000000	0.000000	0.000000	0.000000	40.000000
6.802680	38.739593	0.000000	0.000000	0.000000	0.000000	40.000000
6.696670	38.757716	0.000000	0.000000	0.000000	0.000000	40.000000
6.598660	38.780336	0.000000	0.000000	0.000000	0.000000	40.000000
6.499650	38.797795	0.000000	0.000000	0.000000	0.000000	40.000000
6.398640	38.816450	0.000000	0.000000	0.000000	0.000000	40.000000
6.302630	38.825996	0.000000	0.000000	0.000000	0.000000	40.000000
6.200620	38.843635	0.000000	0.000000	0.000000	0.000000	40.000000
6.098610	38.859348	0.000000	0.000000	0.000000	0.000000	40.000000
6.000600	38.871894	0.000000	0.000000	0.000000	0.000000	40.000000
5.900590	38.886472	0.000000	0.000000	0.000000	0.000000	40.000000
5.802580	38.901781	0.000000	0.000000	0.000000	0.000000	40.000000
5.698570	38.916238	0.000000	0.000000	0.000000	0.000000	40.000000
5.601560	38.933522	0.000000	0.000000	0.000000	0.000000	40.000000
5.498550	38.946540	0.000000	0.000000	0.000000	0.000000	40.000000
5.399540	38.959020	0.000000	0.000000	0.000000	0.000000	40.000000
5.298530	38.972581	0.000000	0.000000	0.000000	0.000000	40.000000
5.199520	38.984344	0.000000	0.000000	0.000000	0.000000	40.000000
5.098510	38.997656	0.000000	0.000000	0.000000	0.000000	40.000000
5.002501	39.011404	0.000000	0.000000	0.000000	0.000000	40.000000
4.899490	39.017160	0.000000	0.000000	0.000000	0.000000	40.000000
4.801480	39.024358	0.000000	0.000000	0.000000	0.000000	40.000000
4.699470	39.035820	0.000000	0.000000	0.000000	0.000000	40.000000
4.599460	39.051482	0.000000	0.000000	0.000000	0.000000	40.000000
4.499450	39.063550	0.000000	0.000000	0.000000	0.000000	40.000000
4.402441	39.072666	0.000000	0.000000	0.000000	0.000000	40.000000
4.302430	39.079084	0.000000	0.000000	0.000000	0.000000	40.000000
4.197420	39.090902	0.000000	0.000000	0.000000	0.000000	40.000000
4.098410	39.101465	0.000000	0.000000	0.000000	0.000000	40.000000
3.999400	39.104768	0.000000	0.000000	0.000000	0.000000	40.000000
3.898390	39.107471	0.000000	0.000000	0.000000	0.000000	40.000000
3.799380	39.107344	0.000000	0.000000	0.000000	0.000000	40.000000
3.702370	39.108546	0.000000	0.000000	0.000000	0.000000	40.000000
3.597360	39.112263	0.000000	0.000000	0.000000	0.000000	40.000000
3.499350	39.111303	0.000000	0.000000	0.000000	0.000000	40.000000
3.398340	39.111427	0.000000	0.000000	0.000000	0.000000	40.000000
3.298330	39.113231	0.000000	0.000000	0.000000	0.000000	40.000000
3.198320	39.110769	0.000000	0.000000	0.000000	0.000000	40.000000
3.099310	39.106691	0.000000	0.000000	0.000000	0.000000	40.000000
3.000300	39.100508	0.000000	0.000000	0.000000	0.000000	40.000000
2.902290	39.090786	0.000000	0.000000	0.000000	0.000000	40.000000
2.803280	39.080520	0.000000	0.000000	0.000000	0.000000	40.000000
2.699270	39.066183	0.000000	0.000000	0.000000	0.000000	40.000000
2.599260	39.053164	0.000000	0.000000	0.000000	0.000000	40.000000
2.500250	39.037258	0.000000	0.000000	0.000000	0.000000	40.000000
2.400240	39.020998	0.000000	0.000000	0.000000	0.000000	40.000000
2.298230	39.002703	0.000000	0.000000	0.000000	0.000000	40.000000
2.201220	38.978700	0.000000	0.000000	0.000000	0.000000	40.000000
2.101210	38.954761	0.000000	0.000000	0.000000	0.000000	40.000000
2.000200	38.932320	0.000000	0.000000	0.000000	0.000000	40.000000
1.901190	38.914745	0.000000	0.000000	0.000000	0.000000	40.000000
1.799180	38.887011	0.000000	0.000000	0.000000	0.000000	40.000000
1.704171	38.857609	0.000000	0.000000	0.000000	0.000000	40.000000
1.604161	38.820901	0.000000	0.000000	0.000000	0.000000	40.000000
1.502151	38.789820	0.000000	0.000000	0.000000	0.000000	40.000000
1.400140	38.746373	0.000000	0.000000	0.000000	0.000000	40.000000
1.299130	38.708568	0.000000	0.000000	0.000000	0.000000	40.000000
1.199120	38.669632	0.000000	0.000000	0.000000	0.000000	40.000000
1.100110	38.628945	0.000000	0.000000	0.000000	0.000000	40.000000
1.000100	38.581307	0.000000	0.000000	0.000000	0.000000	40.000000
0.900090	38.521723	0.000000	0.000000	0.000000	0.000000	40.000000
0.797080	38.464183	0.000000	0.000000	0.000000	0.000000	40.000000
0.698070	38.399199	0.000000	0.000000	0.000000	0.000000	40.000000
0.598060	38.334095	0.000000	0.000000	0.000000	0.000000	40.000000
0.500050	38.259273	0.000000	0.000000	0.000000	0.000000	40.000000
0.397040	38.179286	0.000000	0.000000	0.000000	0.000000	40.000000
0.301030	38.095708	0.000000	0.000000	0.000000	0.000000	40.000000
0.200020	38.016505	0.000000	0.000000	0.000000	0.000000	40.000000
0.099010	37.920863	0.000000	0.000000	0.000000	0.000000	40.000000
