Zeit (s)	Istwert	P	I	D	Regelausgang	Sollwert
56.423000	39.811471	0.377057	0.000000	-0.000000	0.377057	40.000000
56.324000	39.811409	0.377182	0.000000	-0.000000	0.377182	40.000000
56.224000	39.806191	0.387618	0.000000	-0.000000	0.387618	40.000000
56.125000	39.804930	0.390140	0.000000	0.000000	0.390140	40.000000
56.028000	39.810268	0.379465	0.000000	-0.000000	0.379465	40.000000
55.926000	39.809248	0.381504	0.000000	0.000000	0.381504	40.000000
55.824000	39.812199	0.375601	0.000000	0.000000	0.375601	40.000000
55.723000	39.812794	0.374412	0.000000	-0.000000	0.374412	40.000000
55.624000	39.812313	0.375375	0.000000	-0.000000	0.375375	40.000000
55.524000	39.807212	0.385575	0.000000	-0.000000	0.385575	40.000000
55.429000	39.807032	0.385935	0.000000	-0.000000	0.385935	40.000000
55.329000	39.801693	0.396613	0.000000	-0.000000	0.396613	40.000000
55.223000	39.799890	0.400220	0.000000	0.000000	0.400220	40.000000
55.129000	39.799956	0.400087	0.000000	0.000000	0.400087	40.000000
55.024000	39.803668	0.392665	0.000000	0.000000	0.392665	40.000000
54.925000	39.808775	0.382451	0.000000	-0.000000	0.382451	40.000000
54.828000	39.808232	0.383536	0.000000	0.000000	0.383536	40.000000
54.729000	39.812434	0.375132	0.000000	0.000000	0.375132	40.000000
54.624000	39.815795	0.368411	0.000000	0.000000	0.368411	40.000000
54.526000	39.816517	0.366966	0.000000	-0.000000	0.366966	40.000000
54.426000	39.814712	0.370576	0.000000	-0.000000	0.370576	40.000000
54.328000	39.812861	0.374279	0.000000	-0.000000	0.374279	40.000000
54.223000	39.805230	0.389540	0.000000	-0.000000	0.389540	40.000000
54.124000	39.804935	0.390129	0.000000	-0.000000	0.390129	40.000000
54.026000	39.804514	0.390972	0.000000	-0.000000	0.390972	40.000000
53.926000	39.802593	0.394813	0.000000	0.000000	0.394813	40.000000
53.827000	39.803187	0.393627	0.000000	0.000000	0.393627	40.000000
53.724000	39.807695	0.384610	0.000000	-0.000000	0.384610	40.000000
53.625000	39.807154	0.385693	0.000000	-0.000000	0.385693	40.000000
53.527000	39.804456	0.391089	0.000000	-0.000000	0.391089	40.000000
53.428000	39.802415	0.395171	0.000000	-0.000000	0.395171	40.000000
53.325000	39.800495	0.399010	0.000000	-0.000000	0.399010	40.000000
53.226000	39.798753	0.402495	0.000000	0.000000	0.402495	40.000000
53.128000	39.802711	0.394579	0.000000	0.000000	0.394579	40.000000
53.026000	39.804873	0.390254	0.000000	-0.000000	0.390254	40.000000
52.927000	39.804274	0.391451	0.000000	-0.000000	0.391451	40.000000
52.826000	39.801991	0.396019	0.000000	-0.000000	0.396019	40.000000
52.725000	39.799771	0.400458	0.000000	0.000000	0.400458	40.000000
52.636000	39.801991	0.396019	0.000000	0.000000	0.396019	40.000000
52.528000	39.810208	0.379585	0.000000	0.000000	0.379585	40.000000
52.424000	39.817894	0.364212	0.000000	0.000000	0.364212	40.000000
52.325000	39.822567	0.354867	0.000000	0.000000	0.354867	40.000000
52.225000	39.826288	0.347423	0.000000	0.000000	0.347423	40.000000
52.123000	39.829652	0.340697	0.000000	-0.000000	0.340697	40.000000
52.025000	39.828577	0.342845	0.000000	-0.000000	0.342845	40.000000
51.926000	39.826354	0.347293	0.000000	-0.000000	0.347293	40.000000
51.824000	39.823892	0.352217	0.000000	-0.000000	0.352217	40.000000
51.724000	39.823349	0.353302	0.000000	-0.000000	0.353302	40.000000
51.623000	39.820716	0.358568	0.000000	-0.000000	0.358568	40.000000
51.525000	39.818314	0.363372	0.000000	-0.000000	0.363372	40.000000
51.427000	39.817598	0.364804	0.000000	0.000000	0.364804	40.000000
51.327000	39.819337	0.361327	0.000000	-0.000000	0.361327	40.000000
51.225000	39.817532	0.364937	0.000000	-0.000000	0.364937	40.000000
51.124000	39.814595	0.370810	0.000000	-0.000000	0.370810	40.000000
51.028000	39.812549	0.374903	0.000000	-0.000000	0.374903	40.000000
50.928000	39.812377	0.375247	0.000000	0.000000	0.375247	40.000000
50.824000	39.814232	0.371536	0.000000	-0.000000	0.371536	40.000000
50.727000	39.811835	0.376329	0.000000	0.000000	0.376329	40.000000
50.627000	39.814296	0.371408	0.000000	0.000000	0.371408	40.000000
50.526000	39.816389	0.367222	0.000000	0.000000	0.367222	40.000000
50.427000	39.816512	0.366976	0.000000	-0.000000	0.366976	40.000000
50.326000	39.816095	0.367811	0.000000	0.000000	0.367811	40.000000
50.230000	39.819935	0.360130	0.000000	-0.000000	0.360130	40.000000
50.140000	39.818613	0.362775	0.000000	0.000000	0.362775	40.000000
50.031000	39.820534	0.358933	0.000000	0.000000	0.358933	40.000000
49.926000	39.821488	0.357024	0.000000	-0.000000	0.357024	40.000000
49.825000	39.818670	0.362660	0.000000	0.000000	0.362660	40.000000
49.723000	39.819515	0.360970	0.000000	-0.000000	0.360970	40.000000
49.624000	39.818550	0.362900	0.000000	-0.000000	0.362900	40.000000
49.525000	39.816513	0.366974	0.000000	0.000000	0.366974	40.000000
49.425000	39.816754	0.366491	0.000000	-0.000000	0.366491	40.000000
49.325000	39.814657	0.370685	0.000000	0.000000	0.370685	40.000000
49.226000	39.816096	0.367808	0.000000	0.000000	0.367808	40.000000
49.126000	39.816929	0.366142	0.000000	-0.000000	0.366142	40.000000
49.024000	39.813627	0.372746	0.000000	0.000000	0.372746	40.000000
48.924000	39.818255	0.363489	0.000000	-0.000000	0.363489	40.000000
48.824000	39.813991	0.372018	0.000000	0.000000	0.372018	40.000000
48.725000	39.815615	0.368771	0.000000	0.000000	0.368771	40.000000
48.625000	39.816690	0.366619	0.000000	-0.000000	0.366619	40.000000
48.528000	39.816213	0.367574	0.000000	0.000000	0.367574	40.000000
48.425000	39.817716	0.364569	0.000000	-0.000000	0.364569	40.000000
48.323000	39.817356	0.365289	0.000000	0.000000	0.365289	40.000000
48.226000	39.817594	0.364812	0.000000	0.000000	0.364812	40.000000
48.125000	39.820230	0.359541	0.000000	-0.000000	0.359541	40.000000
48.025000	39.818251	0.363497	0.000000	0.000000	0.363497	40.000000
47.925000	39.819692	0.360615	0.000000	0.000000	0.360615	40.000000
47.827000	39.819815	0.360370	0.000000	0.000000	0.360370	40.000000
47.723000	39.820720	0.358560	0.000000	0.000000	0.358560	40.000000
47.627000	39.822211	0.355579	0.000000	0.000000	0.355579	40.000000
47.527000	39.822393	0.355214	0.000000	-0.000000	0.355214	40.000000
47.423000	39.822216	0.355568	0.000000	-0.000000	0.355568	40.000000
47.324000	39.820351	0.359298	0.000000	0.000000	0.359298	40.000000
47.226000	39.822926	0.354147	0.000000	-0.000000	0.354147	40.000000
47.126000	39.819870	0.360261	0.000000	0.000000	0.360261	40.000000
47.027000	39.822940	0.354120	0.000000	-0.000000	0.354120	40.000000
46.927000	39.822700	0.354600	0.000000	0.000000	0.354600	40.000000
46.824000	39.825338	0.349324	0.000000	0.000000	0.349324	40.000000
46.726000	39.826056	0.347887	0.000000	-0.000000	0.347887	40.000000
46.625000	39.825574	0.348852	0.000000	-0.000000	0.348852	40.000000
46.527000	39.823594	0.352811	0.000000	-0.000000	0.352811	40.000000
46.425000	39.820894	0.358213	0.000000	0.000000	0.358213	40.000000
46.327000	39.820954	0.358093	0.000000	0.000000	0.358093	40.000000
46.229000	39.822213	0.355573	0.000000	-0.000000	0.355573	40.000000
46.128000	39.820836	0.358328	0.000000	0.000000	0.358328	40.000000
46.024000	39.821248	0.357504	0.000000	-0.000000	0.357504	40.000000
45.924000	39.817837	0.364326	0.000000	-0.000000	0.364326	40.000000
45.826000	39.813518	0.372965	0.000000	-0.000000	0.372965	40.000000
45.726000	39.808887	0.382227	0.000000	-0.000000	0.382227	40.000000
45.628000	39.805174	0.389652	0.000000	-0.000000	0.389652	40.000000
45.523000	39.803072	0.393856	0.000000	0.000000	0.393856	40.000000
45.424000	39.805057	0.389886	0.000000	0.000000	0.389886	40.000000
45.325000	39.805947	0.388105	0.000000	0.000000	0.388105	40.000000
45.225000	39.808293	0.383413	0.000000	-0.000000	0.383413	40.000000
45.137000	39.807151	0.385698	0.000000	-0.000000	0.385698	40.000000
45.030000	39.804574	0.390852	0.000000	-0.000000	0.390852	40.000000
44.924000	39.799114	0.401772	0.000000	0.000000	0.401772	40.000000
44.824000	39.802532	0.394936	0.000000	-0.000000	0.394936	40.000000
44.725000	39.802233	0.395533	0.000000	0.000000	0.395533	40.000000
44.627000	39.806556	0.386887	0.000000	0.000000	0.386887	40.000000
44.525000	39.807628	0.384743	0.000000	-0.000000	0.384743	40.000000
44.428000	39.804576	0.390849	0.000000	0.000000	0.390849	40.000000
44.327000	39.807396	0.385207	0.000000	0.000000	0.385207	40.000000
44.226000	39.807872	0.384256	0.000000	0.000000	0.384256	40.000000
44.127000	39.813388	0.373223	0.000000	0.000000	0.373223	40.000000
44.022000	39.814410	0.371181	0.000000	0.000000	0.371181	40.000000
43.924000	39.820287	0.359426	0.000000	-0.000000	0.359426	40.000000
43.826000	39.817174	0.365651	0.000000	0.000000	0.365651	40.000000
43.729000	39.821193	0.357613	0.000000	0.000000	0.357613	40.000000
43.623000	39.822452	0.355096	0.000000	0.000000	0.355096	40.000000
43.523000	39.823469	0.353062	0.000000	-0.000000	0.353062	40.000000
43.426000	39.820174	0.359653	0.000000	0.000000	0.359653	40.000000
43.325000	39.822989	0.354022	0.000000	0.000000	0.354022	40.000000
43.225000	39.823468	0.353065	0.000000	-0.000000	0.353065	40.000000
43.125000	39.822874	0.354251	0.000000	0.000000	0.354251	40.000000
43.025000	39.823180	0.353641	0.000000	0.000000	0.353641	40.000000
42.924000	39.824914	0.350172	0.000000	0.000000	0.350172	40.000000
42.824000	39.826472	0.347055	0.000000	-0.000000	0.347055	40.000000
42.724000	39.825809	0.348383	0.000000	-0.000000	0.348383	40.000000
42.626000	39.825753	0.348495	0.000000	-0.000000	0.348495	40.000000
42.523000	39.824855	0.350289	0.000000	0.000000	0.350289	40.000000
42.424000	39.825690	0.348620	0.000000	-0.000000	0.348620	40.000000
42.325000	39.824134	0.351732	0.000000	-0.000000	0.351732	40.000000
42.228000	39.821972	0.356056	0.000000	-0.000000	0.356056	40.000000
42.135000	39.821016	0.357968	0.000000	-0.000000	0.357968	40.000000
42.023000	39.818859	0.362281	0.000000	0.000000	0.362281	40.000000
41.925000	39.819099	0.361802	0.000000	-0.000000	0.361802	40.000000
41.826000	39.818193	0.363614	0.000000	-0.000000	0.363614	40.000000
41.726000	39.811949	0.376103	0.000000	-0.000000	0.376103	40.000000
41.628000	39.807747	0.384506	0.000000	0.000000	0.384506	40.000000
41.528000	39.809072	0.381856	0.000000	-0.000000	0.381856	40.000000
41.425000	39.806736	0.386527	0.000000	0.000000	0.386527	40.000000
41.326000	39.809492	0.381016	0.000000	-0.000000	0.381016	40.000000
41.225000	39.805654	0.388692	0.000000	0.000000	0.388692	40.000000
41.124000	39.807571	0.384858	0.000000	-0.000000	0.384858	40.000000
41.024000	39.802053	0.395893	0.000000	0.000000	0.395893	40.000000
40.929000	39.803546	0.392907	0.000000	-0.000000	0.392907	40.000000
40.826000	39.802233	0.395533	0.000000	-0.000000	0.395533	40.000000
40.724000	39.800796	0.398407	0.000000	-0.000000	0.398407	40.000000
40.624000	39.799890	0.400220	0.000000	0.000000	0.400220	40.000000
40.525000	39.801633	0.396733	0.000000	-0.000000	0.396733	40.000000
40.425000	39.797676	0.404649	0.000000	0.000000	0.404649	40.000000
40.328000	39.799530	0.400940	0.000000	-0.000000	0.400940	40.000000
40.224000	39.796889	0.406222	0.000000	-0.000000	0.406222	40.000000
40.129000	39.796051	0.407899	0.000000	-0.000000	0.407899	40.000000
40.024000	39.792205	0.415590	0.000000	0.000000	0.415590	40.000000
39.925000	39.792457	0.415087	0.000000	0.000000	0.415087	40.000000
39.827000	39.793835	0.412330	0.000000	0.000000	0.412330	40.000000
39.725000	39.795275	0.409450	0.000000	0.000000	0.409450	40.000000
39.624000	39.799167	0.401665	0.000000	0.000000	0.401665	40.000000
39.524000	39.801214	0.397573	0.000000	0.000000	0.397573	40.000000
39.425000	39.801751	0.396498	0.000000	0.000000	0.396498	40.000000
39.325000	39.802469	0.395061	0.000000	0.000000	0.395061	40.000000
39.225000	39.805711	0.388577	0.000000	-0.000000	0.388577	40.000000
39.124000	39.803968	0.392065	0.000000	0.000000	0.392065	40.000000
39.029000	39.807988	0.384024	0.000000	0.000000	0.384024	40.000000
38.926000	39.813692	0.372615	0.000000	0.000000	0.372615	40.000000
38.826000	39.813754	0.372493	0.000000	0.000000	0.372493	40.000000
38.726000	39.815912	0.368176	0.000000	-0.000000	0.368176	40.000000
38.624000	39.814705	0.370589	0.000000	0.000000	0.370589	40.000000
38.526000	39.817652	0.364697	0.000000	0.000000	0.364697	40.000000
38.425000	39.818134	0.363732	0.000000	0.000000	0.363732	40.000000
38.326000	39.818377	0.363247	0.000000	0.000000	0.363247	40.000000
38.225000	39.819033	0.361935	0.000000	-0.000000	0.361935	40.000000
38.137000	39.817895	0.364209	0.000000	0.000000	0.364209	40.000000
38.026000	39.819990	0.360021	0.000000	0.000000	0.360021	40.000000
37.925000	39.824433	0.351134	0.000000	0.000000	0.351134	40.000000
37.827000	39.831694	0.336612	0.000000	0.000000	0.336612	40.000000
37.726000	39.835837	0.328326	0.000000	0.000000	0.328326	40.000000
37.628000	39.837276	0.325449	0.000000	0.000000	0.325449	40.000000
37.527000	39.838417	0.323167	0.000000	0.000000	0.323167	40.000000
37.427000	39.843332	0.313337	0.000000	0.000000	0.313337	40.000000
37.325000	39.845675	0.308650	0.000000	0.000000	0.308650	40.000000
37.228000	39.849210	0.301579	0.000000	-0.000000	0.301579	40.000000
37.127000	39.845852	0.308295	0.000000	0.000000	0.308295	40.000000
37.025000	39.847655	0.304691	0.000000	0.000000	0.304691	40.000000
36.928000	39.852571	0.294858	0.000000	0.000000	0.294858	40.000000
36.830000	39.855214	0.289571	0.000000	0.000000	0.289571	40.000000
36.728000	39.856350	0.287299	0.000000	0.000000	0.287299	40.000000
36.626000	39.859230	0.281541	0.000000	0.000000	0.281541	40.000000
36.528000	39.862828	0.274345	0.000000	0.000000	0.274345	40.000000
36.424000	39.863554	0.272892	0.000000	-0.000000	0.272892	40.000000
36.325000	39.859167	0.281666	0.000000	0.000000	0.281666	40.000000
36.229000	39.859711	0.280578	0.000000	-0.000000	0.280578	40.000000
36.133000	39.857250	0.285500	0.000000	-0.000000	0.285500	40.000000
36.025000	39.850895	0.298209	0.000000	-0.000000	0.298209	40.000000
35.926000	39.849092	0.301817	0.000000	-0.000000	0.301817	40.000000
35.827000	39.843093	0.313814	0.000000	-0.000000	0.313814	40.000000
35.728000	39.838890	0.322220	0.000000	-0.000000	0.322220	40.000000
35.623000	39.835472	0.329056	0.000000	-0.000000	0.329056	40.000000
35.526000	39.831275	0.337449	0.000000	-0.000000	0.337449	40.000000
35.425000	39.826234	0.347532	0.000000	-0.000000	0.347532	40.000000
35.329000	39.824073	0.351854	0.000000	-0.000000	0.351854	40.000000
35.229000	39.818430	0.363140	0.000000	0.000000	0.363140	40.000000
35.124000	39.820892	0.358216	0.000000	-0.000000	0.358216	40.000000
35.025000	39.813279	0.373442	0.000000	-0.000000	0.373442	40.000000
34.928000	39.812618	0.374764	0.000000	0.000000	0.374764	40.000000
34.827000	39.813931	0.372138	0.000000	-0.000000	0.372138	40.000000
34.729000	39.808889	0.382221	0.000000	-0.000000	0.382221	40.000000
34.625000	39.806013	0.387975	0.000000	-0.000000	0.387975	40.000000
34.525000	39.801816	0.396368	0.000000	-0.000000	0.396368	40.000000
34.425000	39.801571	0.396858	0.000000	-0.000000	0.396858	40.000000
34.326000	39.797728	0.404545	0.000000	-0.000000	0.404545	40.000000
34.223000	39.796595	0.406811	0.000000	-0.000000	0.406811	40.000000
34.130000	39.789455	0.421091	0.000000	-0.000000	0.421091	40.000000
34.031000	39.788194	0.423613	0.000000	-0.000000	0.423613	40.000000
33.925000	39.784946	0.430108	0.000000	-0.000000	0.430108	40.000000
33.826000	39.776909	0.446182	0.000000	-0.000000	0.446182	40.000000
33.727000	39.769833	0.460333	0.000000	-0.000000	0.460333	40.000000
33.625000	39.769412	0.461176	0.000000	-0.000000	0.461176	40.000000
33.525000	39.765748	0.468505	0.000000	-0.000000	0.468505	40.000000
33.426000	39.763835	0.472331	0.000000	0.000000	0.472331	40.000000
33.326000	39.766831	0.466337	0.000000	0.000000	0.466337	40.000000
33.225000	39.768274	0.463453	0.000000	-0.000000	0.463453	40.000000
33.128000	39.767251	0.465498	0.000000	-0.000000	0.465498	40.000000
33.025000	39.765630	0.468740	0.000000	-0.000000	0.468740	40.000000
32.927000	39.764429	0.471142	0.000000	-0.000000	0.471142	40.000000
32.825000	39.758493	0.483014	0.000000	-0.000000	0.483014	40.000000
32.723000	39.756333	0.487333	0.000000	0.000000	0.487333	40.000000
32.625000	39.757047	0.485907	0.000000	0.000000	0.485907	40.000000
32.528000	39.758493	0.483014	0.000000	-0.000000	0.483014	40.000000
32.430000	39.755607	0.488786	0.000000	-0.000000	0.488786	40.000000
32.326000	39.751406	0.497187	0.000000	-0.000000	0.497187	40.000000
32.225000	39.749849	0.500301	0.000000	-0.000000	0.500301	40.000000
32.133000	39.746911	0.506177	0.000000	0.000000	0.506177	40.000000
32.025000	39.749976	0.500048	0.000000	0.000000	0.500048	40.000000
31.928000	39.754648	0.490703	0.000000	0.000000	0.490703	40.000000
31.830000	39.760413	0.479175	0.000000	0.000000	0.479175	40.000000
31.724000	39.761012	0.477975	0.000000	-0.000000	0.477975	40.000000
31.624000	39.760531	0.478937	0.000000	0.000000	0.478937	40.000000
31.526000	39.766470	0.467060	0.000000	0.000000	0.467060	40.000000
31.425000	39.772470	0.455060	0.000000	0.000000	0.455060	40.000000
31.328000	39.778225	0.443550	0.000000	0.000000	0.443550	40.000000
31.227000	39.779974	0.440052	0.000000	0.000000	0.440052	40.000000
31.128000	39.784172	0.431657	0.000000	0.000000	0.431657	40.000000
31.026000	39.795149	0.409701	0.000000	0.000000	0.409701	40.000000
30.925000	39.801332	0.397336	0.000000	0.000000	0.397336	40.000000
30.824000	39.811833	0.376335	0.000000	0.000000	0.376335	40.000000
30.725000	39.819275	0.361450	0.000000	0.000000	0.361450	40.000000
30.628000	39.831989	0.336023	0.000000	0.000000	0.336023	40.000000
30.526000	39.840937	0.318125	0.000000	0.000000	0.318125	40.000000
30.443000	39.848970	0.302059	0.000000	0.000000	0.302059	40.000000
30.358000	39.853713	0.292573	0.000000	0.000000	0.292573	40.000000
30.274000	39.856532	0.286937	0.000000	0.000000	0.286937	40.000000
30.189000	39.859591	0.280818	0.000000	0.000000	0.280818	40.000000
30.083000	39.866374	0.267253	0.000000	0.000000	0.267253	40.000000
29.999000	39.867456	0.265088	0.000000	0.000000	0.265088	40.000000
29.827000	39.867576	0.264848	0.000000	0.000000	0.264848	40.000000
29.726000	39.867636	0.264728	0.000000	-0.000000	0.264728	40.000000
29.629000	39.866972	0.266056	0.000000	0.000000	0.266056	40.000000
29.526000	39.875254	0.249491	0.000000	0.000000	0.249491	40.000000
29.428000	39.883114	0.233772	0.000000	0.000000	0.233772	40.000000
29.326000	39.893076	0.213848	0.000000	0.000000	0.213848	40.000000
29.226000	39.903153	0.193695	0.000000	0.000000	0.193695	40.000000
29.127000	39.908193	0.183614	0.000000	0.000000	0.183614	40.000000
29.030000	39.914860	0.170281	0.000000	0.000000	0.170281	40.000000
28.926000	39.918335	0.163330	0.000000	0.000000	0.163330	40.000000
28.824000	39.923492	0.153015	0.000000	0.000000	0.153015	40.000000
28.727000	39.924391	0.151218	0.000000	0.000000	0.151218	40.000000
28.627000	39.929317	0.141367	0.000000	0.000000	0.141367	40.000000
28.526000	39.933213	0.133574	0.000000	-0.000000	0.133574	40.000000
28.428000	39.930458	0.139085	0.000000	0.000000	0.139085	40.000000
28.325000	39.932076	0.135848	0.000000	0.000000	0.135848	40.000000
28.226000	39.932321	0.135357	0.000000	0.000000	0.135357	40.000000
28.128000	39.935798	0.128404	0.000000	-0.000000	0.128404	40.000000
28.028000	39.930216	0.139567	0.000000	-0.000000	0.139567	40.000000
27.924000	39.924460	0.151079	0.000000	-0.000000	0.151079	40.000000
27.826000	39.920612	0.158777	0.000000	-0.000000	0.158777	40.000000
27.729000	39.911740	0.176520	0.000000	-0.000000	0.176520	40.000000
27.626000	39.908253	0.183494	0.000000	-0.000000	0.183494	40.000000
27.528000	39.901838	0.196323	0.000000	-0.000000	0.196323	40.000000
27.426000	39.890437	0.219127	0.000000	-0.000000	0.219127	40.000000
27.325000	39.883830	0.232340	0.000000	-0.000000	0.232340	40.000000
27.227000	39.873092	0.253816	0.000000	-0.000000	0.253816	40.000000
27.126000	39.858455	0.283090	0.000000	-0.000000	0.283090	40.000000
27.026000	39.847236	0.305528	0.000000	-0.000000	0.305528	40.000000
26.925000	39.831395	0.337209	0.000000	-0.000000	0.337209	40.000000
26.825000	39.815437	0.369125	0.000000	-0.000000	0.369125	40.000000
26.726000	39.798272	0.403457	0.000000	-0.000000	0.403457	40.000000
26.627000	39.783152	0.433696	0.000000	-0.000000	0.433696	40.000000
26.526000	39.765808	0.468385	0.000000	-0.000000	0.468385	40.000000
26.425000	39.750505	0.498989	0.000000	-0.000000	0.498989	40.000000
26.325000	39.731850	0.536299	0.000000	-0.000000	0.536299	40.000000
26.228000	39.717152	0.565696	0.000000	-0.000000	0.565696	40.000000
26.134000	39.706172	0.587657	0.000000	-0.000000	0.587657	40.000000
26.028000	39.686248	0.627504	0.000000	-0.000000	0.627504	40.000000
25.926000	39.674372	0.651257	0.000000	-0.000000	0.651257	40.000000
25.826000	39.665132	0.669736	0.000000	-0.000000	0.669736	40.000000
25.725000	39.651684	0.696631	0.000000	-0.000000	0.696631	40.000000
25.629000	39.639507	0.720986	0.000000	-0.000000	0.720986	40.000000
25.527000	39.627929	0.744142	0.000000	-0.000000	0.744142	40.000000
25.426000	39.614960	0.770080	0.000000	-0.000000	0.770080	40.000000
25.327000	39.607585	0.784829	0.000000	-0.000000	0.784829	40.000000
25.225000	39.597027	0.805945	0.000000	-0.000000	0.805945	40.000000
25.128000	39.591983	0.816034	0.000000	-0.000000	0.816034	40.000000
25.025000	39.586106	0.827789	0.000000	-0.000000	0.827789	40.000000
24.928000	39.584905	0.830191	0.000000	-0.000000	0.830191	40.000000
24.826000	39.581299	0.837403	0.000000	-0.000000	0.837403	40.000000
24.726000	39.581123	0.837755	0.000000	0.000000	0.837755	40.000000
24.627000	39.583104	0.833793	0.000000	0.000000	0.833793	40.000000
24.523000	39.588147	0.823707	0.000000	0.000000	0.823707	40.000000
24.426000	39.589224	0.821553	0.000000	0.000000	0.821553	40.000000
24.326000	39.602188	0.795625	0.000000	0.000000	0.795625	40.000000
24.226000	39.613885	0.772229	0.000000	0.000000	0.772229	40.000000
24.133000	39.629248	0.741505	0.000000	0.000000	0.741505	40.000000
24.026000	39.643585	0.712831	0.000000	0.000000	0.712831	40.000000
23.926000	39.659491	0.681019	0.000000	0.000000	0.681019	40.000000
23.825000	39.671248	0.657504	0.000000	0.000000	0.657504	40.000000
23.725000	39.685476	0.629048	0.000000	0.000000	0.629048	40.000000
23.628000	39.700886	0.598228	0.000000	0.000000	0.598228	40.000000
23.526000	39.716482	0.567037	0.000000	0.000000	0.567037	40.000000
23.428000	39.737432	0.525136	0.000000	0.000000	0.525136	40.000000
23.329000	39.759506	0.480988	0.000000	0.000000	0.480988	40.000000
23.225000	39.782308	0.435384	0.000000	0.000000	0.435384	40.000000
23.128000	39.801755	0.396490	0.000000	0.000000	0.396490	40.000000
23.026000	39.830313	0.339374	0.000000	0.000000	0.339374	40.000000
22.925000	39.851978	0.296044	0.000000	0.000000	0.296044	40.000000
22.827000	39.873392	0.253216	0.000000	0.000000	0.253216	40.000000
22.728000	39.889898	0.220204	0.000000	0.000000	0.220204	40.000000
22.625000	39.912459	0.175083	0.000000	0.000000	0.175083	40.000000
22.525000	39.938137	0.123725	0.000000	0.000000	0.123725	40.000000
22.426000	39.963880	0.072240	0.000000	0.000000	0.072240	40.000000
22.329000	39.988001	0.023999	0.000000	0.000000	0.023999	40.000000
22.228000	40.010839	-0.021678	0.000000	0.000000	-0.021678	40.000000
22.127000	40.040023	-0.080047	0.000000	0.000000	-0.080047	40.000000
22.025000	40.066027	-0.132054	0.000000	0.000000	-0.132054	40.000000
21.924000	40.095397	-0.190794	0.000000	0.000000	-0.190794	40.000000
21.830000	40.124471	-0.248942	0.000000	0.000000	-0.248942	40.000000
21.728000	40.151676	-0.303353	0.000000	0.000000	-0.303353	40.000000
21.626000	40.183581	-0.367162	0.000000	0.000000	-0.367162	40.000000
21.526000	40.207894	-0.415788	0.000000	0.000000	-0.415788	40.000000
21.428000	40.236300	-0.472600	0.000000	0.000000	-0.472600	40.000000
21.326000	40.263324	-0.526648	0.000000	0.000000	-0.526648	40.000000
21.227000	40.290473	-0.580946	0.000000	0.000000	-0.580946	40.000000
21.126000	40.322432	-0.644865	0.000000	0.000000	-0.644865	40.000000
21.025000	40.353061	-0.706122	0.000000	0.000000	-0.706122	40.000000
20.930000	40.378586	-0.757172	0.000000	0.000000	-0.757172	40.000000
20.828000	40.405016	-0.810032	0.000000	0.000000	-0.810032	40.000000
20.728000	40.431800	-0.863600	0.000000	0.000000	-0.863600	40.000000
20.627000	40.463820	-0.927639	0.000000	0.000000	-0.927639	40.000000
20.531000	40.489276	-0.978552	0.000000	0.000000	-0.978552	40.000000
20.427000	40.520157	-1.040315	0.000000	0.000000	-1.040315	40.000000
20.326000	40.550305	-1.100610	0.000000	0.000000	-1.100610	40.000000
20.228000	40.576433	-1.152865	0.000000	0.000000	-1.152865	40.000000
20.134000	40.599301	-1.198603	0.000000	0.000000	-1.198603	40.000000
20.029000	40.628070	-1.256140	0.000000	0.000000	-1.256140	40.000000
19.926000	40.654984	-1.309968	0.000000	0.000000	-1.309968	40.000000
19.826000	40.682726	-1.365452	0.000000	0.000000	-1.365452	40.000000
19.728000	40.704385	-1.408769	0.000000	0.000000	-1.408769	40.000000
19.629000	40.730034	-1.460067	0.000000	0.000000	-1.460067	40.000000
19.528000	40.755438	-1.510876	0.000000	0.000000	-1.510876	40.000000
19.426000	40.778727	-1.557453	0.000000	0.000000	-1.557453	40.000000
19.328000	40.804550	-1.609099	0.000000	0.000000	-1.609099	40.000000
19.227000	40.829042	-1.658084	0.000000	0.000000	-1.658084	40.000000
19.130000	40.851614	-1.703228	0.000000	0.000000	-1.703228	40.000000
19.025000	40.875815	-1.751629	0.000000	0.000000	-1.751629	40.000000
18.928000	40.896876	-1.793752	0.000000	0.000000	-1.793752	40.000000
18.829000	40.917945	-1.835890	0.000000	0.000000	-1.835890	40.000000
18.727000	40.938345	-1.876691	0.000000	0.000000	-1.876691	40.000000
18.628000	40.961035	-1.922070	0.000000	0.000000	-1.922070	40.000000
18.526000	40.990768	-1.981536	0.000000	0.000000	-1.981536	40.000000
18.426000	41.021890	-2.043780	0.000000	0.000000	-2.043780	40.000000
18.329000	41.053067	-2.106134	0.000000	0.000000	-2.106134	40.000000
18.231000	41.082737	-2.165474	0.000000	0.000000	-2.165474	40.000000
18.129000	41.103690	-2.207379	0.000000	0.000000	-2.207379	40.000000
18.026000	41.124271	-2.248541	0.000000	0.000000	-2.248541	40.000000
17.926000	41.151954	-2.303907	0.000000	0.000000	-2.303907	40.000000
17.828000	41.177542	-2.355085	0.000000	0.000000	-2.355085	40.000000
17.730000	41.200645	-2.401291	0.000000	0.000000	-2.401291	40.000000
17.632000	41.223525	-2.447050	0.000000	0.000000	-2.447050	40.000000
17.524000	41.248199	-2.496398	0.000000	0.000000	-2.496398	40.000000
17.426000	41.273541	-2.547081	0.000000	0.000000	-2.547081	40.000000
17.327000	41.299962	-2.599925	0.000000	0.000000	-2.599925	40.000000
17.227000	41.318986	-2.637971	0.000000	0.000000	-2.637971	40.000000
17.133000	41.336383	-2.672765	0.000000	0.000000	-2.672765	40.000000
17.032000	41.353109	-2.706217	0.000000	0.000000	-2.706217	40.000000
16.926000	41.368518	-2.737037	0.000000	0.000000	-2.737037	40.000000
16.829000	41.381941	-2.763883	0.000000	0.000000	-2.763883	40.000000
16.728000	41.393863	-2.787725	0.000000	0.000000	-2.787725	40.000000
16.626000	41.407949	-2.815898	0.000000	0.000000	-2.815898	40.000000
16.526000	41.422931	-2.845862	0.000000	0.000000	-2.845862	40.000000
16.427000	41.439603	-2.879206	0.000000	0.000000	-2.879206	40.000000
16.327000	41.459592	-2.919183	0.000000	0.000000	-2.919183	40.000000
16.226000	41.481312	-2.962624	0.000000	0.000000	-2.962624	40.000000
16.128000	41.505565	-3.011130	0.000000	0.000000	-3.011130	40.000000
16.027000	41.525913	-3.051827	0.000000	0.000000	-3.051827	40.000000
15.925000	41.543911	-3.087821	0.000000	0.000000	-3.087821	40.000000
15.831000	41.560821	-3.121642	0.000000	0.000000	-3.121642	40.000000
15.730000	41.581588	-3.163176	0.000000	0.000000	-3.163176	40.000000
15.624000	41.597297	-3.194595	0.000000	0.000000	-3.194595	40.000000
15.527000	41.611020	-3.222040	0.000000	0.000000	-3.222040	40.000000
15.429000	41.626905	-3.253809	0.000000	0.000000	-3.253809	40.000000
15.327000	41.640870	-3.281741	0.000000	0.000000	-3.281741	40.000000
15.229000	41.654241	-3.308482	0.000000	0.000000	-3.308482	40.000000
15.132000	41.668680	-3.337361	0.000000	0.000000	-3.337361	40.000000
15.026000	41.680357	-3.360714	0.000000	0.000000	-3.360714	40.000000
14.928000	41.691131	-3.382261	0.000000	0.000000	-3.382261	40.000000
14.827000	41.697214	-3.394427	0.000000	0.000000	-3.394427	40.000000
14.729000	41.707017	-3.414033	0.000000	0.000000	-3.414033	40.000000
14.627000	41.710512	-3.421024	0.000000	0.000000	-3.421024	40.000000
14.529000	41.716231	-3.432463	0.000000	0.000000	-3.432463	40.000000
14.430000	41.717734	-3.435469	0.000000	0.000000	-3.435469	40.000000
14.326000	41.721949	-3.443899	0.000000	-0.000000	-3.443899	40.000000
14.229000	41.720207	-3.440414	0.000000	0.000000	-3.440414	40.000000
14.131000	41.723935	-3.447870	0.000000	-0.000000	-3.447870	40.000000
14.026000	41.722976	-3.445953	0.000000	-0.000000	-3.445953	40.000000
13.937000	41.719842	-3.439684	0.000000	-0.000000	-3.439684	40.000000
13.854000	41.714730	-3.429459	0.000000	-0.000000	-3.429459	40.000000
13.772000	41.711836	-3.423672	0.000000	-0.000000	-3.423672	40.000000
13.691000	41.709963	-3.419925	0.000000	-0.000000	-3.419925	40.000000
13.530000	41.698895	-3.397789	0.000000	-0.000000	-3.397789	40.000000
13.427000	41.690292	-3.380585	0.000000	-0.000000	-3.380585	40.000000
13.328000	41.682229	-3.364458	0.000000	-0.000000	-3.364458	40.000000
13.224000	41.666396	-3.332793	0.000000	-0.000000	-3.332793	40.000000
13.126000	41.651408	-3.302815	0.000000	-0.000000	-3.302815	40.000000
13.026000	41.631182	-3.262365	0.000000	-0.000000	-3.262365	40.000000
12.931000	41.610595	-3.221189	0.000000	-0.000000	-3.221189	40.000000
12.828000	41.592656	-3.185312	0.000000	-0.000000	-3.185312	40.000000
12.728000	41.566724	-3.133447	0.000000	-0.000000	-3.133447	40.000000
12.626000	41.545658	-3.091317	0.000000	-0.000000	-3.091317	40.000000
12.526000	41.520496	-3.040992	0.000000	-0.000000	-3.040992	40.000000
12.427000	41.494256	-2.988512	0.000000	-0.000000	-2.988512	40.000000
12.330000	41.461263	-2.922526	0.000000	-0.000000	-2.922526	40.000000
12.232000	41.428343	-2.856685	0.000000	-0.000000	-2.856685	40.000000
12.127000	41.388266	-2.776533	0.000000	-0.000000	-2.776533	40.000000
12.027000	41.338730	-2.677459	0.000000	-0.000000	-2.677459	40.000000
11.927000	41.289005	-2.578011	0.000000	-0.000000	-2.578011	40.000000
11.828000	41.233279	-2.466557	0.000000	-0.000000	-2.466557	40.000000
11.728000	41.170978	-2.341956	0.000000	-0.000000	-2.341956	40.000000
11.628000	41.107300	-2.214600	0.000000	-0.000000	-2.214600	40.000000
11.526000	41.037303	-2.074605	0.000000	-0.000000	-2.074605	40.000000
11.427000	40.965611	-1.931222	0.000000	-0.000000	-1.931222	40.000000
11.324000	40.882433	-1.764865	0.000000	-0.000000	-1.764865	40.000000
11.227000	40.805330	-1.610661	0.000000	-0.000000	-1.610661	40.000000
11.132000	40.725151	-1.450303	0.000000	-0.000000	-1.450303	40.000000
11.031000	40.630414	-1.260829	0.000000	-0.000000	-1.260829	40.000000
10.929000	40.527796	-1.055591	0.000000	-0.000000	-1.055591	40.000000
10.824000	40.414043	-0.828087	0.000000	-0.000000	-0.828087	40.000000
10.726000	40.298899	-0.597798	0.000000	-0.000000	-0.597798	40.000000
10.632000	40.187493	-0.374987	0.000000	-0.000000	-0.374987	40.000000
10.528000	40.053695	-0.107390	0.000000	-0.000000	-0.107390	40.000000
10.430000	39.925116	0.149768	0.000000	-0.000000	0.149768	40.000000
10.328000	39.794494	0.411013	0.000000	-0.000000	0.411013	40.000000
10.226000	39.656011	0.687977	0.000000	-0.000000	0.687977	40.000000
10.128000	39.520696	0.958607	0.000000	-0.000000	0.958607	40.000000
10.029000	39.383959	1.232082	0.000000	-0.000000	1.232082	40.000000
9.929000	39.249789	1.500421	0.000000	-0.000000	1.500421	40.000000
9.828000	39.111726	1.776549	0.000000	-0.000000	1.776549	40.000000
9.730000	38.983259	2.033482	0.000000	-0.000000	2.033482	40.000000
9.626000	38.847057	2.305885	0.000000	-0.000000	2.305885	40.000000
9.527000	38.714990	2.570020	0.000000	-0.000000	2.570020	40.000000
9.429000	38.586399	2.827202	0.000000	-0.000000	2.827202	40.000000
9.327000	38.453141	3.093718	0.000000	-0.000000	3.093718	40.000000
9.226000	38.324858	3.350284	0.000000	-0.000000	3.350284	40.000000
9.135000	38.203893	3.592213	0.000000	-0.000000	3.592213	40.000000
9.031000	38.073144	3.853712	0.000000	-0.000000	3.853712	40.000000
8.952000	37.971018	4.057963	0.000000	-0.000000	4.057963	40.000000
8.872000	37.872435	4.255131	0.000000	-0.000000	4.255131	40.000000
8.794000	37.772595	4.454810	0.000000	-0.000000	4.454810	40.000000
8.626000	37.567025	4.865949	0.000000	-0.000000	4.865949	40.000000
8.531000	37.442460	5.115079	0.000000	-0.000000	5.115079	40.000000
8.429000	37.322514	5.354972	0.000000	-0.000000	5.354972	40.000000
8.325000	37.199930	5.600140	0.000000	-0.000000	5.600140	40.000000
8.228000	37.085027	5.829946	0.000000	-0.000000	5.829946	40.000000
8.130000	36.965021	6.069958	0.000000	-0.000000	6.069958	40.000000
8.028000	36.844598	6.310805	0.000000	-0.000000	6.310805	40.000000
7.929000	36.724053	6.551894	0.000000	-0.000000	6.551894	40.000000
7.827000	36.613228	6.773544	0.000000	-0.000000	6.773544	40.000000
7.726000	36.498561	7.002879	0.000000	-0.000000	7.002879	40.000000
7.630000	36.395355	7.209290	0.000000	-0.000000	7.209290	40.000000
7.530000	36.287779	7.424443	0.000000	-0.000000	7.424443	40.000000
7.426000	36.182896	7.634208	0.000000	-0.000000	7.634208	40.000000
7.326000	36.080284	7.839432	0.000000	-0.000000	7.839432	40.000000
7.226000	35.982304	8.035392	0.000000	-0.000000	8.035392	40.000000
7.127000	35.884441	8.231117	0.000000	-0.000000	8.231117	40.000000
7.028000	35.791071	8.417858	0.000000	-0.000000	8.417858	40.000000
6.926000	35.697829	8.604342	0.000000	-0.000000	8.604342	40.000000
6.827000	35.608245	8.783511	0.000000	-0.000000	8.783511	40.000000
6.726000	35.518062	8.963876	0.000000	-0.000000	8.963876	40.000000
6.633000	35.435921	9.128157	0.000000	-0.000000	9.128157	40.000000
6.529000	35.354381	9.291239	0.000000	-0.000000	9.291239	40.000000
6.427000	35.275300	9.449401	0.000000	-0.000000	9.449401	40.000000
6.330000	35.203237	9.593526	0.000000	-0.000000	9.593526	40.000000
6.230000	35.135912	9.728176	0.000000	-0.000000	9.728176	40.000000
6.128000	35.069011	9.861977	0.000000	-0.000000	9.861977	40.000000
6.028000	35.006007	9.987986	0.000000	-0.000000	9.987986	40.000000
5.927000	34.945703	10.108593	0.000000	-0.000000	10.108593	40.000000
5.827000	34.898726	10.202548	0.000000	-0.000000	10.202548	40.000000
5.728000	34.851917	10.296166	0.000000	-0.000000	10.296166	40.000000
5.631000	34.810454	10.379093	0.000000	-0.000000	10.379093	40.000000
5.524000	34.770015	10.459969	0.000000	-0.000000	10.459969	40.000000
5.428000	34.741156	10.517688	0.000000	-0.000000	10.517688	40.000000
5.328000	34.718771	10.562458	0.000000	-0.000000	10.562458	40.000000
5.228000	34.705453	10.589095	0.000000	-0.000000	10.589095	40.000000
5.129000	34.696872	10.606257	0.000000	-0.000000	10.606257	40.000000
5.029000	34.696690	10.606619	0.000000	0.000000	10.606619	40.000000
4.925000	34.703113	10.593774	0.000000	0.000000	10.593774	40.000000
4.828000	34.713312	10.573375	0.000000	0.000000	10.573375	40.000000
4.727000	34.730118	10.539764	0.000000	0.000000	10.539764	40.000000
4.629000	34.746374	10.507253	0.000000	0.000000	10.507253	40.000000
4.527000	34.764498	10.471004	0.000000	0.000000	10.471004	40.000000
4.429000	34.775474	0.000000	0.000000	0.000000	0.000000	40.000000
4.328000	34.790658	0.000000	0.000000	0.000000	0.000000	40.000000
4.228000	34.804099	0.000000	0.000000	0.000000	0.000000	40.000000
4.129000	34.819033	0.000000	0.000000	0.000000	0.000000	40.000000
4.029000	34.833014	0.000000	0.000000	0.000000	0.000000	40.000000
3.930000	34.847841	0.000000	0.000000	0.000000	0.000000	40.000000
3.830000	34.863383	0.000000	0.000000	0.000000	0.000000	40.000000
3.730000	34.878377	0.000000	0.000000	0.000000	0.000000	40.000000
3.627000	34.894275	0.000000	0.000000	0.000000	0.000000	40.000000
3.527000	34.906103	0.000000	0.000000	0.000000	0.000000	40.000000
3.427000	34.924518	0.000000	0.000000	0.000000	0.000000	40.000000
3.330000	34.936821	0.000000	0.000000	0.000000	0.000000	40.000000
3.226000	34.953688	0.000000	0.000000	0.000000	0.000000	40.000000
3.131000	34.971563	0.000000	0.000000	0.000000	0.000000	40.000000
3.029000	34.986987	0.000000	0.000000	0.000000	0.000000	40.000000
2.925000	35.005048	0.000000	0.000000	0.000000	0.000000	40.000000
2.827000	35.022623	0.000000	0.000000	0.000000	0.000000	40.000000
2.726000	35.037392	0.000000	0.000000	0.000000	0.000000	40.000000
2.628000	35.052625	0.000000	0.000000	0.000000	0.000000	40.000000
2.530000	35.071828	0.000000	0.000000	0.000000	0.000000	40.000000
2.429000	35.087905	0.000000	0.000000	0.000000	0.000000	40.000000
2.327000	35.102970	0.000000	0.000000	0.000000	0.000000	40.000000
2.227000	35.121147	0.000000	0.000000	0.000000	0.000000	40.000000
2.128000	35.138434	0.000000	0.000000	0.000000	0.000000	40.000000
2.030000	35.158116	0.000000	0.000000	0.000000	0.000000	40.000000
1.932000	35.173353	0.000000	0.000000	0.000000	0.000000	40.000000
1.832000	35.189433	0.000000	0.000000	0.000000	0.000000	40.000000
1.729000	35.203349	0.000000	0.000000	0.000000	0.000000	40.000000
1.628000	35.217637	0.000000	0.000000	0.000000	0.000000	40.000000
1.530000	35.234431	0.000000	0.000000	0.000000	0.000000	40.000000
1.433000	35.251650	0.000000	0.000000	0.000000	0.000000	40.000000
1.334000	35.265879	0.000000	0.000000	0.000000	0.000000	40.000000
1.242000	35.280512	0.000000	0.000000	0.000000	0.000000	40.000000
1.142000	35.298699	0.000000	0.000000	0.000000	0.000000	40.000000
1.044000	35.312077	0.000000	0.000000	0.000000	0.000000	40.000000
0.946000	35.332057	0.000000	0.000000	0.000000	0.000000	40.000000
0.854000	35.347060	0.000000	0.000000	0.000000	0.000000	40.000000
0.757000	35.364281	0.000000	0.000000	0.000000	0.000000	40.000000
0.656000	35.383063	0.000000	0.000000	0.000000	0.000000	40.000000
0.562000	35.398301	0.000000	0.000000	0.000000	0.000000	40.000000
0.467000	35.417557	0.000000	0.000000	0.000000	0.000000	40.000000
0.369000	35.436761	0.000000	0.000000	0.000000	0.000000	40.000000
0.271000	35.451819	0.000000	0.000000	0.000000	0.000000	40.000000
0.176000	35.469462	0.000000	0.000000	0.000000	0.000000	40.000000
0.079000	35.483322	0.000000	0.000000	0.000000	0.000000	40.000000
