Zeit (s)	Istwert	P	I	D	Regelausgang	Sollwert
49.512951	39.811770	0.376460	0.000000	0.029718	0.406178	40.000000
49.407940	39.814891	0.370218	0.000000	0.061864	0.432083	40.000000
49.310931	39.820892	0.358216	0.000000	-0.044156	0.314059	40.000000
49.208920	39.816388	0.367224	0.000000	-2.639453E-5	0.367198	40.000000
49.107910	39.816385	0.367230	0.000000	0.004914	0.372144	40.000000
49.008901	39.816872	0.366257	0.000000	0.037720	0.403977	40.000000
48.911891	39.820531	0.358938	0.000000	-0.015773	0.343165	40.000000
48.809881	39.818922	0.362156	0.000000	0.026938	0.389094	40.000000
48.709870	39.821616	0.356768	0.000000	-0.009077	0.347691	40.000000
48.609860	39.820708	0.358584	0.000000	-0.038158	0.320425	40.000000
48.507850	39.816816	0.366369	0.000000	0.016808	0.383177	40.000000
48.407840	39.818497	0.363007	0.000000	0.026698	0.389705	40.000000
48.306830	39.821193	0.357613	0.000000	0.012340	0.369953	40.000000
48.209821	39.822391	0.355219	0.000000	0.026183	0.381402	40.000000
48.108810	39.825035	0.349929	0.000000	0.014240	0.364169	40.000000
48.007801	39.826474	0.347053	0.000000	0.033576	0.380629	40.000000
47.907790	39.829832	0.340337	0.000000	-0.017314	0.323022	40.000000
47.810781	39.828152	0.343696	0.000000	-0.044400	0.299296	40.000000
47.710771	39.823712	0.352577	0.000000	-0.031868	0.320709	40.000000
47.612761	39.820588	0.358823	0.000000	-0.048708	0.310116	40.000000
47.505750	39.815376	0.369248	0.000000	-0.030685	0.338563	40.000000
47.407741	39.812369	0.375263	0.000000	-0.076534	0.298729	40.000000
47.309731	39.804867	0.390265	0.000000	-0.002323	0.387942	40.000000
47.208721	39.804633	0.390734	0.000000	-0.009766	0.380969	40.000000
47.110711	39.803676	0.392649	0.000000	0.002373	0.395021	40.000000
47.010701	39.803913	0.392174	0.000000	-0.013499	0.378675	40.000000
46.908690	39.802536	0.394928	0.000000	-0.114032	0.280896	40.000000
46.808681	39.791132	0.417737	0.000000	0.215705	0.633442	40.000000
46.709671	39.812489	0.375023	0.000000	-0.052248	0.322775	40.000000
46.608661	39.807211	0.385578	0.000000	0.057028	0.442606	40.000000
46.506650	39.813028	0.373943	0.000000	-0.046582	0.327362	40.000000
46.412641	39.808649	0.382701	0.000000	0.001204	0.383905	40.000000
46.309630	39.808773	0.382453	0.000000	0.068890	0.451343	40.000000
46.208621	39.815732	0.368536	0.000000	0.095557	0.464093	40.000000
46.105610	39.825575	0.348850	0.000000	0.004906	0.353755	40.000000
46.008600	39.826051	0.347898	0.000000	0.059422	0.407320	40.000000
45.908590	39.831994	0.336012	0.000000	0.038830	0.374842	40.000000
45.809581	39.835838	0.328323	0.000000	0.018991	0.347314	40.000000
45.708570	39.837757	0.324487	0.000000	-0.013383	0.311103	40.000000
45.609560	39.836432	0.327137	0.000000	-0.030524	0.296613	40.000000
45.509551	39.833379	0.333242	0.000000	0.045836	0.379079	40.000000
45.411541	39.837871	0.324257	0.000000	-0.043256	0.281001	40.000000
45.307530	39.833372	0.333255	0.000000	1.418007E-5	0.333270	40.000000
45.213521	39.833374	0.333253	0.000000	0.018942	0.352194	40.000000
45.118512	39.835173	0.329653	0.000000	-0.003795	0.325859	40.000000
45.007500	39.834752	0.330496	0.000000	0.059418	0.389914	40.000000
44.910491	39.840516	0.318968	0.000000	-0.018035	0.300933	40.000000
44.810481	39.838713	0.322575	0.000000	-0.022359	0.300216	40.000000
44.708470	39.836432	0.327137	0.000000	-0.027024	0.300112	40.000000
44.606460	39.833675	0.332650	0.000000	0.013135	0.345785	40.000000
44.510451	39.834936	0.330128	0.000000	-0.040221	0.289907	40.000000
44.407440	39.830793	0.338414	0.000000	0.034989	0.373404	40.000000
44.311431	39.834152	0.331696	0.000000	2.692778E-5	0.331723	40.000000
44.212421	39.834155	0.331690	0.000000	-0.060528	0.271163	40.000000
44.107410	39.827799	0.344402	0.000000	0.003519	0.347921	40.000000
44.007401	39.828151	0.343699	0.000000	-0.102825	0.240873	40.000000
43.909390	39.818073	0.363854	0.000000	-0.034432	0.329423	40.000000
43.808381	39.814595	0.370810	0.000000	0.036905	0.407715	40.000000
43.709371	39.818249	0.363503	0.000000	-0.057542	0.305960	40.000000
43.609361	39.812494	0.375012	0.000000	-0.010109	0.364903	40.000000
43.508350	39.811473	0.377054	0.000000	-0.079356	0.297698	40.000000
43.409340	39.803616	0.392769	0.000000	-0.025872	0.366896	40.000000
43.309330	39.801028	0.397943	0.000000	-0.025364	0.372579	40.000000
43.205320	39.798390	0.403220	0.000000	0.015288	0.418508	40.000000
43.107310	39.799889	0.400223	0.000000	-0.012903	0.387320	40.000000
43.010301	39.798637	0.402726	0.000000	-0.032165	0.370561	40.000000
42.911291	39.795452	0.409096	0.000000	-0.018204	0.390892	40.000000
42.809280	39.793595	0.412810	0.000000	0.016715	0.429525	40.000000
42.709270	39.795267	0.409466	0.000000	-0.034194	0.375273	40.000000
42.611261	39.791915	0.416169	0.000000	0.038091	0.454260	40.000000
42.507250	39.795877	0.408245	0.000000	0.004230	0.412475	40.000000
42.409241	39.796292	0.407416	0.000000	0.028807	0.436224	40.000000
42.311231	39.799115	0.401769	0.000000	0.040164	0.441933	40.000000
42.205220	39.803373	0.393254	0.000000	0.009088	0.402342	40.000000
42.106210	39.804273	0.391454	0.000000	0.054997	0.446451	40.000000
42.010201	39.809553	0.380894	0.000000	0.038589	0.419483	40.000000
41.909191	39.813451	0.373098	0.000000	0.019247	0.392345	40.000000
41.809181	39.815376	0.369248	0.000000	0.029952	0.399200	40.000000
41.705170	39.818491	0.363017	0.000000	-0.012826	0.350191	40.000000
41.607161	39.817234	0.365531	0.000000	-0.026867	0.338665	40.000000
41.511151	39.814655	0.370690	0.000000	0.001755	0.372446	40.000000
41.410141	39.814832	0.370336	0.000000	-0.029687	0.340649	40.000000
41.307130	39.811774	0.376452	0.000000	-0.042452	0.334000	40.000000
41.208120	39.807571	0.384858	0.000000	0.009064	0.393922	40.000000
41.108110	39.808477	0.383045	0.000000	0.066422	0.449467	40.000000
41.007101	39.815187	0.369627	0.000000	-0.004860	0.364766	40.000000
40.908091	39.814705	0.370589	0.000000	0.006857	0.377446	40.000000
40.811081	39.815371	0.369259	0.000000	-0.004883	0.364376	40.000000
40.713071	39.814892	0.370216	0.000000	-0.004733	0.365483	40.000000
40.624062	39.814471	0.371058	0.000000	0.032568	0.403627	40.000000
40.541054	39.817174	0.365651	0.000000	-0.004187	0.361464	40.000000
40.456045	39.816818	0.366363	0.000000	-0.094782	0.271581	40.000000
40.373037	39.808951	0.382099	0.000000	0.093117	0.475215	40.000000
40.210021	39.824130	0.351740	0.000000	-0.033601	0.318138	40.000000
40.119011	39.821072	0.357856	0.000000	0.000607	0.358463	40.000000
40.007000	39.821140	0.357720	0.000000	-0.001883	0.355837	40.000000
39.909991	39.820958	0.358085	0.000000	-0.408379	-0.050294	40.000000
39.806980	39.778890	0.442220	0.000000	0.321569	0.763788	40.000000
39.706970	39.811050	0.377900	0.000000	0.012228	0.390127	40.000000
39.608961	39.812249	0.375503	0.000000	-0.026938	0.348564	40.000000
39.508951	39.809555	0.380891	0.000000	0.020994	0.401885	40.000000
39.408941	39.811654	0.376692	0.000000	-0.235953	0.140739	40.000000
39.305930	39.787348	0.425303	0.000000	0.456386	0.881689	40.000000
39.206920	39.832535	0.334930	0.000000	0.000579	0.335509	40.000000
39.107911	39.832592	0.334815	0.000000	0.049211	0.384027	40.000000
39.007900	39.837514	0.324972	0.000000	-0.177462	0.147510	40.000000
38.912891	39.820654	0.358693	0.000000	-0.009127	0.349565	40.000000
38.807880	39.819695	0.360610	0.000000	-0.026118	0.334492	40.000000
38.706871	39.817057	0.365886	0.000000	0.002435	0.368321	40.000000
38.608860	39.817296	0.365409	0.000000	-0.031528	0.333880	40.000000
38.507851	39.814111	0.371778	0.000000	-0.013822	0.357956	40.000000
38.407840	39.812729	0.374543	0.000000	-0.001759	0.372783	40.000000
38.307830	39.812553	0.374895	0.000000	-0.039816	0.335079	40.000000
38.206820	39.808531	0.382939	0.000000	-0.020225	0.362713	40.000000
38.108810	39.806548	0.386903	0.000000	0.022385	0.409288	40.000000
38.006800	39.808832	0.382336	0.000000	-0.019815	0.362521	40.000000
37.909791	39.806910	0.386181	0.000000	-0.017093	0.369088	40.000000
37.807780	39.805166	0.389668	0.000000	0.003019	0.392687	40.000000
37.705770	39.805474	0.389052	0.000000	-0.034065	0.354987	40.000000
37.608760	39.802169	0.395661	0.000000	0.000594	0.396255	40.000000
37.507751	39.802229	0.395541	0.000000	0.053487	0.449028	40.000000
37.405740	39.807686	0.384629	0.000000	0.076482	0.461111	40.000000
37.310731	39.814952	0.370096	0.000000	0.042869	0.412965	40.000000
37.205720	39.819454	0.361092	0.000000	0.007957	0.369049	40.000000
37.107710	39.820234	0.359533	0.000000	0.011512	0.371044	40.000000
37.008700	39.821373	0.357253	0.000000	0.023548	0.380802	40.000000
36.906691	39.823776	0.352449	0.000000	0.009436	0.361885	40.000000
36.805680	39.824729	0.350543	0.000000	0.025687	0.376229	40.000000
36.709671	39.827195	0.345610	0.000000	0.012131	0.357741	40.000000
36.610661	39.828396	0.343208	0.000000	0.049798	0.393006	40.000000
36.510651	39.833376	0.333247	0.000000	0.026492	0.359739	40.000000
36.406641	39.836132	0.327737	0.000000	0.024579	0.352316	40.000000
36.306630	39.838590	0.322820	0.000000	0.017638	0.340458	40.000000
36.207621	39.840336	0.319328	0.000000	-0.031256	0.288072	40.000000
36.109611	39.837273	0.325454	0.000000	0.024868	0.350322	40.000000
36.010601	39.839735	0.320530	0.000000	0.009190	0.329720	40.000000
35.906590	39.840691	0.318618	0.000000	-0.019154	0.299464	40.000000
35.806581	39.838775	0.322450	0.000000	-0.004312	0.318138	40.000000
35.708570	39.838353	0.323295	0.000000	0.007297	0.330592	40.000000
35.609560	39.839075	0.321850	0.000000	-0.088528	0.233322	40.000000
35.508551	39.830133	0.339734	0.000000	0.010990	0.350724	40.000000
35.410541	39.831210	0.337580	0.000000	0.002925	0.340505	40.000000
35.307530	39.831511	0.336977	0.000000	0.123666	0.460643	40.000000
35.208520	39.843756	0.312489	0.000000	0.005319	0.317808	40.000000
35.107511	39.844293	0.311415	0.000000	0.055730	0.367144	40.000000
35.007501	39.849866	0.300267	0.000000	-0.206310	0.093958	40.000000
34.907490	39.829233	0.341534	0.000000	-0.073461	0.268073	40.000000
34.809481	39.822033	0.355933	0.000000	0.027384	0.383318	40.000000
34.708470	39.824799	0.350401	0.000000	-0.009568	0.340833	40.000000
34.607460	39.823833	0.352334	0.000000	-0.003016	0.349318	40.000000
34.508451	39.823534	0.352931	0.000000	-0.150930	0.202001	40.000000
34.409441	39.808591	0.382819	0.000000	-0.014860	0.367958	40.000000
34.308431	39.807090	0.385821	0.000000	-0.067375	0.318446	40.000000
34.211421	39.800554	0.398893	0.000000	0.119404	0.518296	40.000000
34.111411	39.812495	0.375009	0.000000	0.022686	0.397695	40.000000
34.008400	39.814832	0.370336	0.000000	0.010327	0.380663	40.000000
33.909390	39.815855	0.368291	0.000000	0.011471	0.379762	40.000000
33.810381	39.816990	0.366019	0.000000	0.012163	0.378182	40.000000
33.706370	39.818255	0.363489	0.000000	-0.016723	0.346766	40.000000
33.609361	39.816633	0.366734	0.000000	-0.014860	0.351874	40.000000
33.508350	39.815132	0.369736	0.000000	0.011284	0.381020	40.000000
33.407341	39.816272	0.367456	0.000000	0.015022	0.382478	40.000000
33.307331	39.817774	0.364452	0.000000	0.020591	0.385043	40.000000
33.211321	39.819751	0.360498	0.000000	-0.013842	0.346656	40.000000
33.107310	39.818311	0.363377	0.000000	-0.006705	0.356672	40.000000
33.009301	39.817654	0.364692	0.000000	0.004255	0.368946	40.000000
32.910291	39.818075	0.363849	0.000000	-0.060073	0.303776	40.000000
32.808280	39.811947	0.376105	0.000000	-0.023082	0.353023	40.000000
32.707271	39.809616	0.380768	0.000000	-0.054867	0.325901	40.000000
32.615261	39.804568	0.390865	0.000000	-0.023812	0.367053	40.000000
32.512251	39.802115	0.395771	0.000000	-0.030321	0.365450	40.000000
32.409241	39.798991	0.402017	0.000000	0.038799	0.440816	40.000000
32.307230	39.802949	0.394102	0.000000	0.004961	0.399062	40.000000
32.210221	39.803430	0.393139	0.000000	-0.060008	0.333131	40.000000
32.108211	39.797309	0.405382	0.000000	-0.045597	0.359785	40.000000
32.012201	39.792931	0.414137	0.000000	0.027897	0.442035	40.000000
31.913191	39.795693	0.408613	0.000000	0.047985	0.456599	40.000000
31.808180	39.800732	0.398535	0.000000	0.006611	0.405147	40.000000
31.708170	39.801394	0.397213	0.000000	-4.039187E-5	0.397173	40.000000
31.609161	39.801390	0.397221	0.000000	0.066489	0.463710	40.000000
31.507151	39.808172	0.383656	0.000000	0.030286	0.413942	40.000000
31.410141	39.811110	0.377780	0.000000	0.026432	0.404211	40.000000
31.310131	39.813754	0.372493	0.000000	0.020582	0.393075	40.000000
31.208120	39.815853	0.368294	0.000000	0.004255	0.372548	40.000000
31.109111	39.816274	0.367451	0.000000	-0.003662	0.363789	40.000000
31.010101	39.815912	0.368176	0.000000	0.029104	0.397281	40.000000
30.907091	39.818910	0.362180	0.000000	0.034256	0.396436	40.000000
30.807080	39.822336	0.355328	0.000000	0.035706	0.391035	40.000000
30.708071	39.825871	0.348258	0.000000	-0.020420	0.327837	40.000000
30.608060	39.823829	0.352342	0.000000	-0.022605	0.329737	40.000000
30.510051	39.821613	0.356773	0.000000	0.005345	0.362118	40.000000
30.409040	39.822153	0.355693	0.000000	0.004090	0.359784	40.000000
30.307031	39.822571	0.354859	0.000000	-0.004257	0.350602	40.000000
30.209021	39.822153	0.355693	0.000000	0.056699	0.412393	40.000000
30.116011	39.827427	0.345146	0.000000	0.011822	0.356968	40.000000
30.009001	39.828692	0.342616	0.000000	0.025914	0.368530	40.000000
29.906991	39.831335	0.337329	0.000000	0.039576	0.376905	40.000000
29.809981	39.835175	0.329651	0.000000	0.040553	0.370204	40.000000
29.710971	39.839190	0.321620	0.000000	0.041539	0.363159	40.000000
29.606960	39.843510	0.312980	0.000000	0.036484	0.349463	40.000000
29.509951	39.847050	0.305901	0.000000	0.005332	0.311233	40.000000
29.407940	39.847593	0.304813	0.000000	0.026131	0.330944	40.000000
29.306931	39.850233	0.299534	0.000000	0.034874	0.334408	40.000000
29.208920	39.853651	0.292698	0.000000	0.042054	0.334752	40.000000
29.108911	39.857857	0.284287	0.000000	-0.027884	0.256403	40.000000
29.009901	39.855096	0.289808	0.000000	-0.011052	0.278757	40.000000
28.906890	39.853957	0.292085	0.000000	-0.006038	0.286047	40.000000
28.806880	39.853354	0.293293	0.000000	-0.046349	0.246944	40.000000
28.705870	39.848672	0.302656	0.000000	-0.039199	0.263457	40.000000
28.607861	39.844830	0.310340	0.000000	-0.051440	0.258900	40.000000
28.509851	39.839788	0.320423	0.000000	-0.052311	0.268113	40.000000
28.407841	39.834452	0.331096	0.000000	0.023023	0.354119	40.000000
28.308831	39.836732	0.326537	0.000000	-0.027005	0.299532	40.000000
28.208821	39.834031	0.331938	0.000000	-0.010300	0.321638	40.000000
28.109811	39.833011	0.333978	0.000000	-0.058191	0.275787	40.000000
28.007801	39.827075	0.345850	0.000000	-0.034303	0.311548	40.000000
27.909791	39.823713	0.352574	0.000000	0.007798	0.360372	40.000000
27.809781	39.824493	0.351014	0.000000	-0.003468	0.347546	40.000000
27.706770	39.824136	0.351729	0.000000	0.015927	0.367656	40.000000
27.608761	39.825697	0.348607	0.000000	0.043147	0.391754	40.000000
27.508750	39.830012	0.339977	0.000000	-0.124721	0.215256	40.000000
27.406741	39.817289	0.365422	0.000000	0.056326	0.421749	40.000000
27.309731	39.822753	0.354494	0.000000	-0.107749	0.246745	40.000000
27.211721	39.812193	0.375615	0.000000	-0.002882	0.372733	40.000000
27.106710	39.811890	0.376220	0.000000	-0.021513	0.354706	40.000000
27.006701	39.809738	0.380523	0.000000	-0.081933	0.298590	40.000000
26.910691	39.801872	0.396256	0.000000	-0.113607	0.282649	40.000000
26.806681	39.790056	0.419888	0.000000	-0.020674	0.399214	40.000000
26.710671	39.788071	0.423858	0.000000	-0.166433	0.257425	40.000000
26.608661	39.771093	0.457814	0.000000	-0.101025	0.356789	40.000000
26.507650	39.760889	0.478223	0.000000	0.014280	0.492502	40.000000
26.406641	39.762331	0.475338	0.000000	-0.244310	0.231028	40.000000
26.309631	39.738630	0.522739	0.000000	-0.083921	0.438818	40.000000
26.209621	39.730237	0.539525	0.000000	-0.003607	0.535918	40.000000
26.107611	39.729870	0.540261	0.000000	0.001808	0.542069	40.000000
26.006600	39.730052	0.539896	0.000000	-0.030657	0.509238	40.000000
25.906590	39.726986	0.546028	0.000000	-0.041805	0.504222	40.000000
25.807580	39.722847	0.554306	0.000000	-0.053706	0.500600	40.000000
25.711571	39.717691	0.564619	0.000000	-0.042627	0.521992	40.000000
25.611561	39.713428	0.573145	0.000000	-0.044609	0.528536	40.000000
25.506550	39.708743	0.582514	0.000000	-0.030227	0.552287	40.000000
25.407541	39.705750	0.588499	0.000000	0.009681	0.598180	40.000000
25.308531	39.706709	0.586582	0.000000	0.005926	0.592508	40.000000
25.207520	39.707308	0.585385	0.000000	-0.032071	0.553314	40.000000
25.108510	39.704132	0.591736	0.000000	0.049495	0.641231	40.000000
25.010501	39.708983	0.582034	0.000000	0.062327	0.644361	40.000000
24.906490	39.715466	0.569068	0.000000	0.007984	0.577052	40.000000
24.808481	39.716248	0.567503	0.000000	0.040014	0.607517	40.000000
24.706470	39.720330	0.559340	0.000000	0.055754	0.615094	40.000000
24.607460	39.725850	0.548299	0.000000	0.069458	0.617757	40.000000
24.506451	39.732866	0.534267	0.000000	0.105676	0.639943	40.000000
24.410441	39.743012	0.513976	0.000000	0.097808	0.611784	40.000000
24.307431	39.753087	0.493825	0.000000	0.109206	0.603031	40.000000
24.207420	39.764009	0.471982	0.000000	0.115306	0.587287	40.000000
24.118412	39.774272	0.451455	0.000000	0.146067	0.597522	40.000000
24.010401	39.790049	0.419902	0.000000	0.111636	0.531538	40.000000
23.925392	39.799539	0.400922	0.000000	0.186971	0.587893	40.000000
23.840384	39.815433	0.369133	0.000000	0.149208	0.518341	40.000000
23.756375	39.827968	0.344064	0.000000	0.193624	0.537688	40.000000
23.672367	39.844234	0.311532	0.000000	0.181811	0.493343	40.000000
23.507350	39.874236	0.251528	0.000000	0.194486	0.446014	40.000000
23.408340	39.893492	0.213016	0.000000	0.191348	0.404364	40.000000
23.307331	39.912820	0.174360	0.000000	0.181826	0.356186	40.000000
23.212321	39.930095	0.139810	0.000000	0.198065	0.337874	40.000000
23.106310	39.951092	0.097816	0.000000	0.226786	0.324601	40.000000
23.007300	39.973546	0.052908	0.000000	0.198500	0.251407	40.000000
22.907290	39.993398	0.013204	0.000000	0.208071	0.221275	40.000000
22.807281	40.014207	-0.028415	0.000000	0.211808	0.183394	40.000000
22.705270	40.035814	-0.071628	0.000000	0.222883	0.151255	40.000000
22.607261	40.057659	-0.115317	0.000000	0.236556	0.121239	40.000000
22.506250	40.081553	-0.163106	0.000000	0.210339	0.047233	40.000000
22.407240	40.102379	-0.204758	0.000000	0.239516	0.034758	40.000000
22.310231	40.125614	-0.251228	0.000000	0.212076	-0.039152	40.000000
22.207221	40.147460	-0.294920	0.000000	0.230449	-0.064471	40.000000
22.108211	40.170277	-0.340554	0.000000	0.234200	-0.106353	40.000000
22.007201	40.193933	-0.387867	0.000000	0.225406	-0.162461	40.000000
21.909191	40.216025	-0.432051	0.000000	0.202495	-0.229556	40.000000
21.808181	40.236479	-0.472959	0.000000	0.211352	-0.261607	40.000000
21.708171	40.257617	-0.515233	0.000000	0.182865	-0.332369	40.000000
21.606161	40.276271	-0.552541	0.000000	0.246300	-0.306241	40.000000
21.510151	40.299918	-0.599836	0.000000	0.192292	-0.407543	40.000000
21.407141	40.319726	-0.639452	0.000000	0.227110	-0.412342	40.000000
21.310131	40.341758	-0.683516	0.000000	0.158405	-0.525111	40.000000
21.204120	40.358550	-0.717101	0.000000	0.210252	-0.506849	40.000000
21.107111	40.378947	-0.757894	0.000000	0.231665	-0.526229	40.000000
21.008101	40.401884	-0.803768	0.000000	0.222815	-0.580953	40.000000
20.907091	40.424391	-0.848781	0.000000	0.231624	-0.617157	40.000000
20.808081	40.447324	-0.894647	0.000000	0.232546	-0.662101	40.000000
20.706070	40.471046	-0.942092	0.000000	0.273492	-0.668599	40.000000
20.607060	40.498124	-0.996249	0.000000	0.234663	-0.761585	40.000000
20.508050	40.521358	-1.042716	0.000000	0.214881	-0.827835	40.000000
20.408041	40.542849	-1.085697	0.000000	0.201408	-0.884290	40.000000
20.310031	40.562588	-1.125177	0.000000	0.195611	-0.929566	40.000000
20.206020	40.582934	-1.165868	0.000000	0.203073	-0.962795	40.000000
20.107010	40.603040	-1.206081	0.000000	0.228627	-0.977454	40.000000
20.007000	40.625905	-1.251810	0.000000	0.148945	-1.102865	40.000000
19.905991	40.640950	-1.281900	0.000000	0.185421	-1.096479	40.000000
19.806981	40.659309	-1.318617	0.000000	0.218679	-1.099938	40.000000
19.708971	40.680741	-1.361483	0.000000	0.161656	-1.199827	40.000000
19.606961	40.697232	-1.394464	0.000000	0.166896	-1.227568	40.000000
19.505950	40.714090	-1.428180	0.000000	0.214874	-1.213306	40.000000
19.407941	40.735150	-1.470300	0.000000	0.166054	-1.304245	40.000000
19.303930	40.752421	-1.504842	0.000000	0.202021	-1.302821	40.000000
19.205921	40.772221	-1.544442	0.000000	0.220742	-1.323700	40.000000
19.109911	40.793415	-1.586829	0.000000	0.206693	-1.380137	40.000000
19.010901	40.813879	-1.627759	0.000000	0.201016	-1.426743	40.000000
18.907891	40.834586	-1.669172	0.000000	0.171503	-1.497669	40.000000
18.806880	40.851909	-1.703819	0.000000	0.142485	-1.561334	40.000000
18.705871	40.866302	-1.732604	0.000000	0.156843	-1.575761	40.000000
18.606861	40.881831	-1.763662	0.000000	0.110005	-1.653657	40.000000
18.507851	40.892722	-1.785445	0.000000	0.156843	-1.628602	40.000000
18.408841	40.908251	-1.816503	0.000000	0.151408	-1.665095	40.000000
18.303830	40.924151	-1.848302	0.000000	0.144268	-1.704034	40.000000
18.205821	40.938290	-1.876581	0.000000	0.115361	-1.761220	40.000000
18.108811	40.949482	-1.898963	0.000000	0.096781	-1.802183	40.000000
18.006801	40.959354	-1.918708	0.000000	0.106870	-1.811838	40.000000
17.908791	40.969828	-1.939657	0.000000	0.077538	-1.862119	40.000000
17.804780	40.977893	-1.955786	0.000000	0.072297	-1.883490	40.000000
17.705770	40.985051	-1.970103	0.000000	0.111237	-1.858866	40.000000
17.607761	40.995954	-1.991907	0.000000	0.052132	-1.939775	40.000000
17.509751	41.001063	-2.002126	0.000000	0.082271	-1.919855	40.000000
17.411741	41.009126	-2.018253	0.000000	0.025013	-1.993239	40.000000
17.305730	41.011778	-2.023556	0.000000	0.068971	-1.954585	40.000000
17.209721	41.018400	-2.036800	0.000000	0.020255	-2.016545	40.000000
17.108711	41.020446	-2.040892	0.000000	0.044422	-1.996470	40.000000
17.005701	41.025022	-2.050044	0.000000	0.052697	-1.997346	40.000000
16.908691	41.030134	-2.060268	0.000000	0.107932	-1.952336	40.000000
16.807681	41.041036	-2.082072	0.000000	0.048081	-2.033991	40.000000
16.707671	41.045845	-2.091690	0.000000	0.030097	-2.061592	40.000000
16.605660	41.048915	-2.097830	0.000000	-0.009640	-2.107470	40.000000
16.505651	41.047951	-2.095902	0.000000	-0.019060	-2.114962	40.000000
16.407640	41.046083	-2.092166	0.000000	-0.032765	-2.124931	40.000000
16.308631	41.042839	-2.085677	0.000000	-0.035770	-2.121447	40.000000
16.207621	41.039226	-2.078451	0.000000	-0.099513	-2.177964	40.000000
16.106611	41.029174	-2.058348	0.000000	-0.112503	-2.170851	40.000000
16.007601	41.018035	-2.036070	0.000000	-0.126526	-2.162596	40.000000
15.910591	41.005761	-2.011521	0.000000	-0.182990	-2.194511	40.000000
15.811581	40.987643	-1.975286	0.000000	-0.172092	-2.147377	40.000000
15.705571	40.969399	-1.938799	0.000000	-0.181099	-2.119898	40.000000
15.606561	40.951469	-1.902937	0.000000	-0.221500	-2.124437	40.000000
15.509551	40.929981	-1.859962	0.000000	-0.252537	-2.112499	40.000000
15.407541	40.904220	-1.808439	0.000000	-0.267796	-2.076236	40.000000
15.309531	40.877973	-1.755946	0.000000	-0.294290	-2.050236	40.000000
15.208521	40.848247	-1.696494	0.000000	-0.325722	-2.022215	40.000000
15.106511	40.815020	-1.630040	0.000000	-0.323329	-1.953368	40.000000
15.007501	40.783007	-1.566014	0.000000	-0.335298	-1.901313	40.000000
14.907491	40.749474	-1.498948	0.000000	-0.314146	-1.813094	40.000000
14.807481	40.718056	-1.436112	0.000000	-0.409978	-1.846090	40.000000
14.706470	40.676644	-1.353288	0.000000	-0.378716	-1.732004	40.000000
14.607460	40.639148	-1.278295	0.000000	-0.452905	-1.731201	40.000000
14.508451	40.594306	-1.188611	0.000000	-0.477255	-1.665866	40.000000
14.407441	40.546098	-1.092196	0.000000	-0.570848	-1.663044	40.000000
14.310431	40.490720	-0.981440	0.000000	-0.597774	-1.579214	40.000000
14.205420	40.427948	-0.855895	0.000000	-0.631687	-1.487582	40.000000
14.114411	40.370458	-0.740917	0.000000	-0.742648	-1.483565	40.000000
14.011401	40.293958	-0.587916	0.000000	-0.751333	-1.339249	40.000000
13.908391	40.216563	-0.433126	0.000000	-0.799287	-1.232413	40.000000
13.808381	40.136626	-0.273252	0.000000	-0.897312	-1.170564	40.000000
13.707371	40.045989	-0.091977	0.000000	-0.909271	-1.001248	40.000000
13.608361	39.955962	0.088076	0.000000	-1.028836	-0.940759	40.000000
13.506351	39.851010	0.297980	0.000000	-1.094621	-0.796641	40.000000
13.408341	39.743727	0.512547	0.000000	-1.158904	-0.646358	40.000000
13.307331	39.626665	0.746669	0.000000	-1.105474	-0.358805	40.000000
13.206321	39.515002	0.969997	0.000000	-1.224333	-0.254336	40.000000
13.110311	39.397454	1.205092	0.000000	-1.255643	-0.050550	40.000000
13.011301	39.273133	1.453735	0.000000	-1.272551	0.181184	40.000000
12.906291	39.139501	1.720997	0.000000	-1.318030	0.402967	40.000000
12.805281	39.006367	1.987265	0.000000	-1.278208	0.709057	40.000000
12.706271	38.879812	2.240376	0.000000	-1.261104	0.979272	40.000000
12.605260	38.752427	2.495145	0.000000	-1.305822	1.189323	40.000000
12.507251	38.624444	2.751111	0.000000	-1.309890	1.441221	40.000000
12.411241	38.498682	3.002636	0.000000	-1.292186	1.710449	40.000000
12.305231	38.361697	3.276606	0.000000	-1.265488	2.011118	40.000000
12.207221	38.237666	3.524667	0.000000	-1.263699	2.260968	40.000000
12.113211	38.118867	3.762266	0.000000	-1.228206	2.534061	40.000000
12.007201	37.988664	4.022672	0.000000	-1.277851	2.744821	40.000000
11.910191	37.864700	4.270599	0.000000	-1.219585	3.051014	40.000000
11.809181	37.741510	4.516981	0.000000	-1.132978	3.384003	40.000000
11.705171	37.623668	4.752663	0.000000	-1.280776	3.471887	40.000000
11.607161	37.498140	5.003721	0.000000	-1.163939	3.839782	40.000000
11.507151	37.381734	5.236532	0.000000	-1.208437	4.028095	40.000000
11.409141	37.263296	5.473409	0.000000	-1.178738	4.294671	40.000000
11.307131	37.143052	5.713895	0.000000	-1.214646	4.499249	40.000000
11.209121	37.024005	5.951990	0.000000	-1.101793	4.850198	40.000000
11.113111	36.918223	6.163555	0.000000	-1.137700	5.025855	40.000000
11.007101	36.797614	6.404772	0.000000	-1.132109	5.272663	40.000000
10.907091	36.684392	6.631216	0.000000	-1.121731	5.509486	40.000000
10.808081	36.573329	6.853341	0.000000	-1.083486	5.769856	40.000000
10.706070	36.462803	7.074395	0.000000	-1.074423	5.999972	40.000000
10.608061	36.357499	7.285002	0.000000	-1.018222	6.266781	40.000000
10.507051	36.254648	7.490704	0.000000	-0.974068	6.516636	40.000000
10.405040	36.155283	7.689434	0.000000	-0.970778	6.718656	40.000000
10.306031	36.059167	7.881666	0.000000	-0.950268	6.931398	40.000000
10.207021	35.965081	8.069838	0.000000	-0.996497	7.073342	40.000000
10.107011	35.865421	8.269158	0.000000	-0.906632	7.362526	40.000000
10.008001	35.775656	8.448689	0.000000	-0.835923	7.612766	40.000000
9.903990	35.688711	8.622578	0.000000	-0.880605	7.741973	40.000000
9.807981	35.604164	8.791672	0.000000	-0.812573	7.979099	40.000000
9.706971	35.522086	8.955827	0.000000	-0.768667	8.187160	40.000000
9.610961	35.448287	9.103426	0.000000	-0.690560	8.412866	40.000000
9.508951	35.377843	9.244315	0.000000	-0.718832	8.525483	40.000000
9.407941	35.305233	9.389533	0.000000	-0.682672	8.706861	40.000000
9.307931	35.236960	9.526081	0.000000	-0.561412	8.964669	40.000000
9.206921	35.180251	9.639498	0.000000	-0.572059	9.067438	40.000000
9.109911	35.124756	9.750488	0.000000	-0.490237	9.260251	40.000000
9.009901	35.075727	9.848545	0.000000	-0.434063	9.414482	40.000000
8.907891	35.031448	9.937103	0.000000	-0.400215	9.536888	40.000000
8.804881	34.990222	10.019556	0.000000	-0.353184	9.666371	40.000000
8.707871	34.955960	10.088080	0.000000	-0.308275	9.779805	40.000000
8.606861	34.924821	10.150358	0.000000	-0.224599	9.925760	40.000000
8.508851	34.902808	10.194384	0.000000	-0.153535	10.040849	40.000000
8.406841	34.887146	10.225708	0.000000	-0.094160	10.131548	40.000000
8.311831	34.878200	10.243600	0.000000	-0.025439	10.218162	40.000000
8.205821	34.875503	10.248994	0.000000	0.056825	10.305819	40.000000
8.110811	34.880902	10.238196	0.000000	0.092299	10.330495	40.000000
8.008801	34.890317	10.219365	0.000000	0.093886	10.313252	40.000000
7.914792	34.899143	10.201713	0.000000	0.087462	10.289175	40.000000
7.807781	34.908503	10.182994	0.000000	0.082861	10.265856	40.000000
7.710771	34.916541	0.000000	0.000000	0.085935	0.085935	40.000000
7.608761	34.925307	0.000000	0.000000	0.091998	0.091998	40.000000
7.505751	34.934784	0.000000	0.000000	0.107610	0.107610	40.000000
7.408741	34.945223	0.000000	0.000000	0.094198	0.094198	40.000000
7.308731	34.954644	0.000000	0.000000	0.122342	0.122342	40.000000
7.206721	34.967124	0.000000	0.000000	0.087836	0.087836	40.000000
7.109711	34.975645	0.000000	0.000000	0.091375	0.091375	40.000000
7.004701	34.985240	0.000000	0.000000	0.101881	0.101881	40.000000
6.905691	34.995328	0.000000	0.000000	0.104063	0.104063	40.000000
6.807681	35.005527	0.000000	0.000000	0.050453	0.050453	40.000000
6.706671	35.010623	0.000000	0.000000	0.127376	0.127376	40.000000
6.608661	35.023107	0.000000	0.000000	0.121128	0.121128	40.000000
6.505651	35.035585	0.000000	0.000000	0.059982	0.059982	40.000000
6.405641	35.041584	0.000000	0.000000	0.104332	0.104332	40.000000
6.306631	35.051913	0.000000	0.000000	0.110862	0.110862	40.000000
6.207621	35.062890	0.000000	0.000000	0.071365	0.071365	40.000000
6.107611	35.070027	0.000000	0.000000	0.081885	0.081885	40.000000
6.003601	35.078544	0.000000	0.000000	0.103465	0.103465	40.000000
5.905591	35.088685	0.000000	0.000000	0.150635	0.150635	40.000000
5.807581	35.103448	0.000000	0.000000	0.055270	0.055270	40.000000
5.706571	35.109031	0.000000	0.000000	0.139577	0.139577	40.000000
5.608561	35.122711	0.000000	0.000000	0.081201	0.081201	40.000000
5.509551	35.130751	0.000000	0.000000	0.086234	0.086234	40.000000
5.404541	35.139806	0.000000	0.000000	0.107060	0.107060	40.000000
5.307531	35.150192	0.000000	0.000000	0.067161	0.067161	40.000000
5.206521	35.156976	0.000000	0.000000	0.079500	0.079500	40.000000
5.108511	35.164768	0.000000	0.000000	0.088281	0.088281	40.000000
5.004500	35.173950	0.000000	0.000000	0.112479	0.112479	40.000000
4.908491	35.184749	0.000000	0.000000	0.086536	0.086536	40.000000
4.806481	35.193576	0.000000	0.000000	0.081739	0.081739	40.000000
4.707471	35.201669	0.000000	0.000000	0.106788	0.106788	40.000000
4.612461	35.211815	0.000000	0.000000	0.129863	0.129863	40.000000
4.509451	35.225193	0.000000	0.000000	0.124590	0.124590	40.000000
4.405440	35.238151	0.000000	0.000000	0.092713	0.092713	40.000000
4.306431	35.247331	0.000000	0.000000	0.112846	0.112846	40.000000
4.206421	35.258616	0.000000	0.000000	0.101579	0.101579	40.000000
4.105411	35.268877	0.000000	0.000000	0.089683	0.089683	40.000000
4.006401	35.277756	0.000000	0.000000	0.094856	0.094856	40.000000
3.908391	35.287053	0.000000	0.000000	0.070632	0.070632	40.000000
3.806381	35.294258	0.000000	0.000000	0.089360	0.089360	40.000000
3.708371	35.303017	0.000000	0.000000	0.074248	0.074248	40.000000
3.607361	35.310516	0.000000	0.000000	0.053370	0.053370	40.000000
3.507351	35.315854	0.000000	0.000000	0.057065	0.057065	40.000000
3.406341	35.321618	0.000000	0.000000	0.100767	0.100767	40.000000
3.309331	35.331393	0.000000	0.000000	0.026476	0.026476	40.000000
3.207321	35.334094	0.000000	0.000000	0.120656	0.120656	40.000000
3.103311	35.346644	0.000000	0.000000	0.124882	0.124882	40.000000
3.006300	35.358759	0.000000	0.000000	0.157232	0.157232	40.000000
2.906291	35.374483	0.000000	0.000000	0.090262	0.090262	40.000000
2.807281	35.383420	0.000000	0.000000	0.125513	0.125513	40.000000
2.709271	35.395722	0.000000	0.000000	0.103140	0.103140	40.000000
2.606261	35.406346	0.000000	0.000000	0.074605	0.074605	40.000000
2.504251	35.413957	0.000000	0.000000	0.075510	0.075510	40.000000
2.407241	35.421282	0.000000	0.000000	0.110310	0.110310	40.000000
2.308231	35.432203	0.000000	0.000000	0.077416	0.077416	40.000000
2.208221	35.439946	0.000000	0.000000	0.125501	0.125501	40.000000
2.111211	35.452121	0.000000	0.000000	0.126471	0.126471	40.000000
2.009201	35.465022	0.000000	0.000000	0.106775	0.106775	40.000000
1.905190	35.476128	0.000000	0.000000	0.149288	0.149288	40.000000
1.807181	35.490759	0.000000	0.000000	0.083415	0.083415	40.000000
1.707171	35.499102	0.000000	0.000000	0.120630	0.120630	40.000000
1.605161	35.511407	0.000000	0.000000	0.120670	0.120670	40.000000
1.524152	35.521183	0.000000	0.000000	0.116985	0.116985	40.000000
1.426143	35.532648	0.000000	0.000000	0.049106	0.049106	40.000000
1.338134	35.536970	0.000000	0.000000	0.141924	0.141924	40.000000
1.237124	35.551306	0.000000	0.000000	0.092215	0.092215	40.000000
1.144114	35.559883	0.000000	0.000000	0.118148	0.118148	40.000000
1.050105	35.570990	0.000000	0.000000	0.114468	0.114468	40.000000
0.952095	35.582209	0.000000	0.000000	0.138556	0.138556	40.000000
0.855085	35.595650	0.000000	0.000000	0.079797	0.079797	40.000000
0.758076	35.603391	0.000000	0.000000	0.108463	0.108463	40.000000
0.664066	35.613588	0.000000	0.000000	0.066338	0.066338	40.000000
0.569057	35.619890	0.000000	0.000000	0.094284	0.094284	40.000000
0.471047	35.629131	0.000000	0.000000	0.093672	0.093672	40.000000
0.373037	35.638312	0.000000	0.000000	0.106346	0.106346	40.000000
0.276028	35.648628	0.000000	0.000000	0.105143	0.105143	40.000000
0.175017	35.659249	0.000000	0.000000	0.094271	0.094271	40.000000
0.077008	35.668488	0.000000	0.000000	0.000000	0.000000	40.000000
