Zeit (s)	Istwert	P	I	D	Regelausgang	Sollwert
58.996000	39.851907	0.414660	0.000000	-0.000000	0.414660	40.000000
58.896000	39.849993	0.420020	0.000000	-0.000000	0.420020	40.000000
58.794000	39.849750	0.420699	0.000000	-0.000000	0.420699	40.000000
58.697000	39.848677	0.423704	0.000000	0.000000	0.423704	40.000000
58.600000	39.853651	0.409778	0.000000	-0.000000	0.409778	40.000000
58.508000	39.848373	0.424555	0.000000	0.000000	0.424555	40.000000
58.418000	39.850597	0.418329	0.000000	0.000000	0.418329	40.000000
58.330000	39.854193	0.408259	0.000000	0.000000	0.408259	40.000000
58.241000	39.860852	0.389614	0.000000	0.000000	0.389614	40.000000
58.154000	39.871418	0.360030	0.000000	0.000000	0.360030	40.000000
58.062000	39.878374	0.340554	0.000000	0.000000	0.340554	40.000000
57.894000	39.879455	0.337526	0.000000	0.000000	0.337526	40.000000
57.792000	39.880712	0.334007	0.000000	0.000000	0.334007	40.000000
57.694000	39.888037	0.313496	0.000000	-0.000000	0.313496	40.000000
57.593000	39.883061	0.327430	0.000000	-0.000000	0.327430	40.000000
57.491000	39.875741	0.347925	0.000000	0.000000	0.347925	40.000000
57.393000	39.876447	0.345947	0.000000	-0.000000	0.345947	40.000000
57.294000	39.873455	0.354327	0.000000	-0.000000	0.354327	40.000000
57.195000	39.871479	0.359858	0.000000	0.000000	0.359858	40.000000
57.097000	39.875253	0.349291	0.000000	0.000000	0.349291	40.000000
56.995000	39.877174	0.343913	0.000000	-0.000000	0.343913	40.000000
56.893000	39.873997	0.352808	0.000000	-0.000000	0.352808	40.000000
56.795000	39.871110	0.360892	0.000000	-0.000000	0.360892	40.000000
56.696000	39.866672	0.373318	0.000000	-0.000000	0.373318	40.000000
56.596000	39.862530	0.384915	0.000000	-0.000000	0.384915	40.000000
56.494000	39.854732	0.406751	0.000000	0.000000	0.406751	40.000000
56.396000	39.858219	0.396986	0.000000	-0.000000	0.396986	40.000000
56.294000	39.857678	0.398502	0.000000	-0.000000	0.398502	40.000000
56.195000	39.857434	0.399185	0.000000	0.000000	0.399185	40.000000
56.091000	39.859356	0.393802	0.000000	0.000000	0.393802	40.000000
55.993000	39.862953	0.383732	0.000000	-0.000000	0.383732	40.000000
55.894000	39.862836	0.384060	0.000000	-0.000000	0.384060	40.000000
55.800000	39.862118	0.386068	0.000000	-0.000000	0.386068	40.000000
55.694000	39.861281	0.388413	0.000000	0.000000	0.388413	40.000000
55.600000	39.863138	0.383213	0.000000	-0.000000	0.383213	40.000000
55.512000	39.862237	0.385736	0.000000	-0.000000	0.385736	40.000000
55.421000	39.860743	0.389920	0.000000	0.000000	0.389920	40.000000
55.332000	39.861037	0.389096	0.000000	0.000000	0.389096	40.000000
55.243000	39.861631	0.387435	0.000000	-0.000000	0.387435	40.000000
55.155000	39.861395	0.388095	0.000000	0.000000	0.388095	40.000000
55.040000	39.862414	0.385240	0.000000	-0.000000	0.385240	40.000000
54.951000	39.859355	0.393806	0.000000	0.000000	0.393806	40.000000
54.861000	39.860257	0.391279	0.000000	0.000000	0.391279	40.000000
54.695000	39.860373	0.390954	0.000000	-0.000000	0.390954	40.000000
54.594000	39.858567	0.396012	0.000000	0.000000	0.396012	40.000000
54.497000	39.858935	0.394982	0.000000	-0.000000	0.394982	40.000000
54.393000	39.858575	0.395990	0.000000	0.000000	0.395990	40.000000
54.295000	39.859239	0.394131	0.000000	0.000000	0.394131	40.000000
54.196000	39.859358	0.393799	0.000000	0.000000	0.393799	40.000000
54.094000	39.863013	0.383564	0.000000	0.000000	0.383564	40.000000
53.993000	39.869974	0.364072	0.000000	-0.000000	0.364072	40.000000
53.895000	39.869129	0.366439	0.000000	-0.000000	0.366439	40.000000
53.795000	39.869017	0.366752	0.000000	-0.000000	0.366752	40.000000
53.692000	39.868234	0.368943	0.000000	-0.000000	0.368943	40.000000
53.594000	39.863431	0.382392	0.000000	-0.000000	0.382392	40.000000
53.492000	39.858694	0.395657	0.000000	-0.000000	0.395657	40.000000
53.395000	39.855577	0.404384	0.000000	0.000000	0.404384	40.000000
53.299000	39.856772	0.401040	0.000000	0.000000	0.401040	40.000000
53.191000	39.859954	0.392130	0.000000	0.000000	0.392130	40.000000
53.094000	39.862894	0.383896	0.000000	0.000000	0.383896	40.000000
52.995000	39.863731	0.381552	0.000000	0.000000	0.381552	40.000000
52.897000	39.864094	0.380537	0.000000	-0.000000	0.380537	40.000000
52.795000	39.860432	0.390790	0.000000	-0.000000	0.390790	40.000000
52.694000	39.859052	0.394653	0.000000	-0.000000	0.394653	40.000000
52.593000	39.856534	0.401704	0.000000	0.000000	0.401704	40.000000
52.494000	39.859956	0.392123	0.000000	-0.000000	0.392123	40.000000
52.397000	39.856951	0.400536	0.000000	0.000000	0.400536	40.000000
52.297000	39.860793	0.389779	0.000000	0.000000	0.389779	40.000000
52.196000	39.861812	0.386927	0.000000	-0.000000	0.386927	40.000000
52.093000	39.857617	0.398673	0.000000	0.000000	0.398673	40.000000
51.994000	39.859958	0.392119	0.000000	0.000000	0.392119	40.000000
51.894000	39.862717	0.384393	0.000000	0.000000	0.384393	40.000000
51.795000	39.865594	0.376338	0.000000	0.000000	0.376338	40.000000
51.699000	39.866248	0.374505	0.000000	0.000000	0.374505	40.000000
51.593000	39.868115	0.369279	0.000000	0.000000	0.369279	40.000000
51.494000	39.869130	0.366435	0.000000	0.000000	0.366435	40.000000
51.395000	39.872068	0.358209	0.000000	0.000000	0.358209	40.000000
51.295000	39.873097	0.355327	0.000000	0.000000	0.355327	40.000000
51.194000	39.877895	0.341894	0.000000	-0.000000	0.341894	40.000000
51.097000	39.877649	0.342584	0.000000	0.000000	0.342584	40.000000
50.993000	39.881730	0.331155	0.000000	0.000000	0.331155	40.000000
50.895000	39.884202	0.324235	0.000000	0.000000	0.324235	40.000000
50.800000	39.886237	0.318535	0.000000	-0.000000	0.318535	40.000000
50.713000	39.884615	0.323078	0.000000	0.000000	0.323078	40.000000
50.628000	39.886357	0.318199	0.000000	-0.000000	0.318199	40.000000
50.540000	39.884978	0.322062	0.000000	-0.000000	0.322062	40.000000
50.453000	39.878619	0.339867	0.000000	-0.000000	0.339867	40.000000
50.364000	39.876938	0.344574	0.000000	-0.000000	0.344574	40.000000
50.208000	39.871595	0.359534	0.000000	0.000000	0.359534	40.000000
50.096000	39.874052	0.352655	0.000000	-0.000000	0.352655	40.000000
49.995000	39.871711	0.359209	0.000000	-0.000000	0.359209	40.000000
49.895000	39.866673	0.373314	0.000000	-0.000000	0.373314	40.000000
49.793000	39.861934	0.386584	0.000000	0.000000	0.386584	40.000000
49.693000	39.864701	0.378838	0.000000	-0.000000	0.378838	40.000000
49.595000	39.860313	0.391122	0.000000	0.000000	0.391122	40.000000
49.498000	39.861997	0.386408	0.000000	-0.000000	0.386408	40.000000
49.396000	39.860977	0.389264	0.000000	0.000000	0.389264	40.000000
49.293000	39.863134	0.383224	0.000000	0.000000	0.383224	40.000000
49.194000	39.864091	0.380544	0.000000	-0.000000	0.380544	40.000000
49.094000	39.863318	0.382709	0.000000	-0.000000	0.382709	40.000000
48.994000	39.861992	0.386423	0.000000	-0.000000	0.386423	40.000000
48.893000	39.859836	0.392459	0.000000	-0.000000	0.392459	40.000000
48.794000	39.858155	0.397165	0.000000	0.000000	0.397165	40.000000
48.702000	39.859776	0.392627	0.000000	0.000000	0.392627	40.000000
48.615000	39.860317	0.391111	0.000000	0.000000	0.391111	40.000000
48.528000	39.860733	0.389947	0.000000	0.000000	0.389947	40.000000
48.439000	39.864394	0.379697	0.000000	0.000000	0.379697	40.000000
48.350000	39.868353	0.368611	0.000000	-0.000000	0.368611	40.000000
48.260000	39.866494	0.373818	0.000000	-0.000000	0.373818	40.000000
48.094000	39.858814	0.395321	0.000000	-0.000000	0.395321	40.000000
47.994000	39.856955	0.400525	0.000000	-0.000000	0.400525	40.000000
47.896000	39.856410	0.402051	0.000000	0.000000	0.402051	40.000000
47.793000	39.858091	0.397345	0.000000	0.000000	0.397345	40.000000
47.696000	39.859716	0.392795	0.000000	-0.000000	0.392795	40.000000
47.594000	39.859054	0.394650	0.000000	0.000000	0.394650	40.000000
47.496000	39.861399	0.388084	0.000000	0.000000	0.388084	40.000000
47.393000	39.862053	0.386251	0.000000	-0.000000	0.386251	40.000000
47.297000	39.861157	0.388760	0.000000	0.000000	0.388760	40.000000
47.193000	39.861393	0.388099	0.000000	0.000000	0.388099	40.000000
47.094000	39.861633	0.387427	0.000000	0.000000	0.387427	40.000000
46.996000	39.862534	0.384904	0.000000	0.000000	0.384904	40.000000
46.892000	39.864577	0.379186	0.000000	0.000000	0.379186	40.000000
46.793000	39.867693	0.370459	0.000000	-0.000000	0.370459	40.000000
46.696000	39.867153	0.371971	0.000000	0.000000	0.371971	40.000000
46.595000	39.869859	0.364393	0.000000	0.000000	0.364393	40.000000
46.494000	39.870694	0.362057	0.000000	-0.000000	0.362057	40.000000
46.393000	39.865414	0.376842	0.000000	0.000000	0.376842	40.000000
46.293000	39.867756	0.370283	0.000000	-0.000000	0.370283	40.000000
46.195000	39.863434	0.382384	0.000000	0.000000	0.382384	40.000000
46.097000	39.863497	0.382209	0.000000	-0.000000	0.382209	40.000000
45.993000	39.858634	0.395825	0.000000	-0.000000	0.395825	40.000000
45.894000	39.856837	0.400857	0.000000	0.000000	0.400857	40.000000
45.799000	39.857793	0.398181	0.000000	0.000000	0.398181	40.000000
45.693000	39.857971	0.397680	0.000000	0.000000	0.397680	40.000000
45.593000	39.864875	0.378350	0.000000	-0.000000	0.378350	40.000000
45.498000	39.864513	0.379365	0.000000	-0.000000	0.379365	40.000000
45.398000	39.860855	0.389607	0.000000	-0.000000	0.389607	40.000000
45.294000	39.859114	0.394482	0.000000	-0.000000	0.394482	40.000000
45.204000	39.856537	0.401697	0.000000	0.000000	0.401697	40.000000
45.098000	39.858511	0.396169	0.000000	0.000000	0.396169	40.000000
44.995000	39.860435	0.390783	0.000000	0.000000	0.390783	40.000000
44.895000	39.861035	0.389103	0.000000	0.000000	0.389103	40.000000
44.799000	39.862586	0.384758	0.000000	0.000000	0.384758	40.000000
44.694000	39.870695	0.362053	0.000000	0.000000	0.362053	40.000000
44.595000	39.874469	0.351486	0.000000	0.000000	0.351486	40.000000
44.495000	39.877781	0.342215	0.000000	-0.000000	0.342215	40.000000
44.396000	39.873575	0.353991	0.000000	-0.000000	0.353991	40.000000
44.293000	39.872556	0.356842	0.000000	0.000000	0.356842	40.000000
44.194000	39.872559	0.356835	0.000000	0.000000	0.356835	40.000000
44.093000	39.874838	0.350452	0.000000	0.000000	0.350452	40.000000
43.995000	39.875313	0.349124	0.000000	0.000000	0.349124	40.000000
43.898000	39.881073	0.332995	0.000000	-0.000000	0.332995	40.000000
43.794000	39.880595	0.334335	0.000000	0.000000	0.334335	40.000000
43.694000	39.886295	0.318375	0.000000	0.000000	0.318375	40.000000
43.596000	39.888812	0.311328	0.000000	-0.000000	0.311328	40.000000
43.494000	39.887796	0.314172	0.000000	-0.000000	0.314172	40.000000
43.397000	39.887676	0.314508	0.000000	-0.000000	0.314508	40.000000
43.295000	39.885880	0.319535	0.000000	-0.000000	0.319535	40.000000
43.196000	39.881792	0.330983	0.000000	-0.000000	0.330983	40.000000
43.095000	39.880353	0.335011	0.000000	-0.000000	0.335011	40.000000
42.995000	39.878194	0.341057	0.000000	-0.000000	0.341057	40.000000
42.897000	39.873395	0.354495	0.000000	-0.000000	0.354495	40.000000
42.793000	39.870093	0.363740	0.000000	0.000000	0.363740	40.000000
42.697000	39.872914	0.355842	0.000000	-0.000000	0.355842	40.000000
42.598000	39.868594	0.367936	0.000000	0.000000	0.367936	40.000000
42.494000	39.868709	0.367615	0.000000	-0.000000	0.367615	40.000000
42.395000	39.866435	0.373982	0.000000	-0.000000	0.373982	40.000000
42.297000	39.864334	0.379865	0.000000	-0.000000	0.379865	40.000000
42.196000	39.863798	0.381365	0.000000	0.000000	0.381365	40.000000
42.095000	39.865292	0.377181	0.000000	-0.000000	0.377181	40.000000
41.996000	39.861633	0.387427	0.000000	-0.000000	0.387427	40.000000
41.892000	39.857251	0.399696	0.000000	0.000000	0.399696	40.000000
41.794000	39.857977	0.397666	0.000000	-0.000000	0.397666	40.000000
41.696000	39.854193	0.408259	0.000000	0.000000	0.408259	40.000000
41.596000	39.854852	0.406415	0.000000	-0.000000	0.406415	40.000000
41.496000	39.852335	0.413462	0.000000	-0.000000	0.413462	40.000000
41.395000	39.849518	0.421349	0.000000	-0.000000	0.421349	40.000000
41.294000	39.847472	0.427078	0.000000	-0.000000	0.427078	40.000000
41.195000	39.838115	0.453277	0.000000	-0.000000	0.453277	40.000000
41.099000	39.832050	0.470260	0.000000	-0.000000	0.470260	40.000000
40.999000	39.828512	0.480166	0.000000	0.000000	0.480166	40.000000
40.894000	39.832109	0.470096	0.000000	0.000000	0.470096	40.000000
40.794000	39.832660	0.468551	0.000000	-0.000000	0.468551	40.000000
40.695000	39.829653	0.476971	0.000000	-0.000000	0.476971	40.000000
40.594000	39.825394	0.488897	0.000000	-0.000000	0.488897	40.000000
40.497000	39.821313	0.500322	0.000000	0.000000	0.500322	40.000000
40.397000	39.822925	0.495810	0.000000	0.000000	0.495810	40.000000
40.295000	39.824366	0.491775	0.000000	0.000000	0.491775	40.000000
40.197000	39.829952	0.476135	0.000000	0.000000	0.476135	40.000000
40.096000	39.831754	0.471089	0.000000	0.000000	0.471089	40.000000
39.995000	39.835417	0.460832	0.000000	-0.000000	0.460832	40.000000
39.894000	39.833438	0.466375	0.000000	0.000000	0.466375	40.000000
39.801000	39.843927	0.437003	0.000000	0.000000	0.437003	40.000000
39.695000	39.845914	0.431442	0.000000	0.000000	0.431442	40.000000
39.596000	39.848671	0.423723	0.000000	0.000000	0.423723	40.000000
39.494000	39.849512	0.421367	0.000000	0.000000	0.421367	40.000000
39.394000	39.850537	0.418497	0.000000	0.000000	0.418497	40.000000
39.295000	39.854795	0.406575	0.000000	0.000000	0.406575	40.000000
39.197000	39.859771	0.392642	0.000000	0.000000	0.392642	40.000000
39.098000	39.868961	0.366909	0.000000	0.000000	0.366909	40.000000
38.992000	39.874776	0.350628	0.000000	0.000000	0.350628	40.000000
38.894000	39.879936	0.336179	0.000000	0.000000	0.336179	40.000000
38.797000	39.884135	0.324421	0.000000	0.000000	0.324421	40.000000
38.695000	39.885576	0.320386	0.000000	0.000000	0.320386	40.000000
38.597000	39.891276	0.304426	0.000000	-0.000000	0.304426	40.000000
38.496000	39.887621	0.314661	0.000000	0.000000	0.314661	40.000000
38.394000	39.892112	0.302086	0.000000	0.000000	0.302086	40.000000
38.293000	39.894449	0.295543	0.000000	0.000000	0.295543	40.000000
38.195000	39.901954	0.274528	0.000000	0.000000	0.274528	40.000000
38.094000	39.914857	0.238401	0.000000	0.000000	0.238401	40.000000
37.994000	39.923258	0.214878	0.000000	0.000000	0.214878	40.000000
37.894000	39.928775	0.199429	0.000000	0.000000	0.199429	40.000000
37.796000	39.930696	0.194050	0.000000	0.000000	0.194050	40.000000
37.695000	39.935435	0.180781	0.000000	0.000000	0.180781	40.000000
37.596000	39.937179	0.175899	0.000000	0.000000	0.175899	40.000000
37.493000	39.938012	0.173566	0.000000	0.000000	0.173566	40.000000
37.395000	39.939882	0.168329	0.000000	-0.000000	0.168329	40.000000
37.294000	39.932852	0.188015	0.000000	-0.000000	0.188015	40.000000
37.195000	39.928837	0.199257	0.000000	-0.000000	0.199257	40.000000
37.097000	39.927040	0.204289	0.000000	-0.000000	0.204289	40.000000
36.995000	39.918520	0.228144	0.000000	-0.000000	0.228144	40.000000
36.898000	39.911618	0.247471	0.000000	-0.000000	0.247471	40.000000
36.795000	39.909814	0.252521	0.000000	0.000000	0.252521	40.000000
36.698000	39.910057	0.251842	0.000000	-0.000000	0.251842	40.000000
36.593000	39.909577	0.253185	0.000000	-0.000000	0.253185	40.000000
36.495000	39.906757	0.261080	0.000000	-0.000000	0.261080	40.000000
36.397000	39.903815	0.269317	0.000000	-0.000000	0.269317	40.000000
36.298000	39.895176	0.293508	0.000000	-0.000000	0.293508	40.000000
36.196000	39.891335	0.304262	0.000000	-0.000000	0.304262	40.000000
36.093000	39.882029	0.330319	0.000000	-0.000000	0.330319	40.000000
35.994000	39.870093	0.363740	0.000000	-0.000000	0.363740	40.000000
35.895000	39.858271	0.396841	0.000000	-0.000000	0.396841	40.000000
35.795000	39.846572	0.429598	0.000000	-0.000000	0.429598	40.000000
35.698000	39.837870	0.453964	0.000000	-0.000000	0.453964	40.000000
35.594000	39.833131	0.467233	0.000000	-0.000000	0.467233	40.000000
35.494000	39.825931	0.487393	0.000000	-0.000000	0.487393	40.000000
35.393000	39.818009	0.509575	0.000000	-0.000000	0.509575	40.000000
35.295000	39.810870	0.529563	0.000000	-0.000000	0.529563	40.000000
35.203000	39.806434	0.541985	0.000000	-0.000000	0.541985	40.000000
35.096000	39.804818	0.546509	0.000000	-0.000000	0.546509	40.000000
34.994000	39.802652	0.552575	0.000000	-0.000000	0.552575	40.000000
34.895000	39.795569	0.572406	0.000000	-0.000000	0.572406	40.000000
34.796000	39.790290	0.587187	0.000000	-0.000000	0.587187	40.000000
34.697000	39.786273	0.598437	0.000000	-0.000000	0.598437	40.000000
34.595000	39.785371	0.600960	0.000000	-0.000000	0.600960	40.000000
34.496000	39.779371	0.617760	0.000000	-0.000000	0.617760	40.000000
34.395000	39.779011	0.618768	0.000000	-0.000000	0.618768	40.000000
34.294000	39.778717	0.619593	0.000000	0.000000	0.619593	40.000000
34.197000	39.779191	0.618264	0.000000	0.000000	0.618264	40.000000
34.097000	39.782132	0.610030	0.000000	0.000000	0.610030	40.000000
33.994000	39.784177	0.604304	0.000000	0.000000	0.604304	40.000000
33.896000	39.788736	0.591539	0.000000	0.000000	0.591539	40.000000
33.796000	39.793050	0.579460	0.000000	0.000000	0.579460	40.000000
33.697000	39.801146	0.556792	0.000000	0.000000	0.556792	40.000000
33.595000	39.806974	0.540474	0.000000	0.000000	0.540474	40.000000
33.498000	39.817646	0.510591	0.000000	0.000000	0.510591	40.000000
33.394000	39.824012	0.492768	0.000000	0.000000	0.492768	40.000000
33.294000	39.832174	0.469913	0.000000	0.000000	0.469913	40.000000
33.195000	39.837634	0.454625	0.000000	0.000000	0.454625	40.000000
33.095000	39.845736	0.431938	0.000000	0.000000	0.431938	40.000000
32.994000	39.854915	0.406239	0.000000	0.000000	0.406239	40.000000
32.898000	39.862897	0.383889	0.000000	0.000000	0.383889	40.000000
32.798000	39.871053	0.361053	0.000000	0.000000	0.361053	40.000000
32.696000	39.880472	0.334678	0.000000	0.000000	0.334678	40.000000
32.594000	39.887553	0.314851	0.000000	0.000000	0.314851	40.000000
32.495000	39.895116	0.293676	0.000000	0.000000	0.293676	40.000000
32.395000	39.900392	0.278903	0.000000	0.000000	0.278903	40.000000
32.298000	39.910179	0.251498	0.000000	0.000000	0.251498	40.000000
32.196000	39.916838	0.232854	0.000000	0.000000	0.232854	40.000000
32.094000	39.923374	0.214553	0.000000	0.000000	0.214553	40.000000
31.995000	39.929503	0.197391	0.000000	0.000000	0.197391	40.000000
31.896000	39.934301	0.183957	0.000000	0.000000	0.183957	40.000000
31.797000	39.940957	0.165321	0.000000	0.000000	0.165321	40.000000
31.696000	39.947550	0.146859	0.000000	0.000000	0.146859	40.000000
31.598000	39.951935	0.134583	0.000000	0.000000	0.134583	40.000000
31.495000	39.954994	0.126017	0.000000	0.000000	0.126017	40.000000
31.396000	39.958959	0.114916	0.000000	0.000000	0.114916	40.000000
31.296000	39.960397	0.110889	0.000000	-0.000000	0.110889	40.000000
31.194000	39.958300	0.116760	0.000000	0.000000	0.116760	40.000000
31.095000	39.961659	0.107354	0.000000	-0.000000	0.107354	40.000000
30.998000	39.958597	0.115928	0.000000	0.000000	0.115928	40.000000
30.898000	39.961418	0.108030	0.000000	-0.000000	0.108030	40.000000
30.797000	39.956676	0.121306	0.000000	-0.000000	0.121306	40.000000
30.695000	39.955598	0.124326	0.000000	-0.000000	0.124326	40.000000
30.595000	39.949596	0.141130	0.000000	-0.000000	0.141130	40.000000
30.496000	39.944617	0.155071	0.000000	-0.000000	0.155071	40.000000
30.397000	39.937775	0.174230	0.000000	-0.000000	0.174230	40.000000
30.294000	39.927576	0.202788	0.000000	-0.000000	0.202788	40.000000
30.203000	39.919299	0.225964	0.000000	-0.000000	0.225964	40.000000
30.096000	39.905138	0.265615	0.000000	-0.000000	0.265615	40.000000
29.994000	39.895596	0.292332	0.000000	-0.000000	0.292332	40.000000
29.894000	39.882637	0.328617	0.000000	-0.000000	0.328617	40.000000
29.793000	39.870338	0.363053	0.000000	-0.000000	0.363053	40.000000
29.698000	39.861336	0.388259	0.000000	-0.000000	0.388259	40.000000
29.595000	39.849934	0.420184	0.000000	-0.000000	0.420184	40.000000
29.495000	39.841652	0.443375	0.000000	-0.000000	0.443375	40.000000
29.397000	39.835890	0.459507	0.000000	-0.000000	0.459507	40.000000
29.292000	39.826654	0.485370	0.000000	-0.000000	0.485370	40.000000
29.194000	39.816581	0.513573	0.000000	-0.000000	0.513573	40.000000
29.095000	39.804153	0.548372	0.000000	-0.000000	0.548372	40.000000
28.995000	39.793590	0.577949	0.000000	-0.000000	0.577949	40.000000
28.894000	39.782491	0.609026	0.000000	-0.000000	0.609026	40.000000
28.796000	39.771392	0.640103	0.000000	-0.000000	0.640103	40.000000
28.694000	39.763767	0.661454	0.000000	-0.000000	0.661454	40.000000
28.596000	39.750271	0.699242	0.000000	-0.000000	0.699242	40.000000
28.497000	39.738925	0.731010	0.000000	-0.000000	0.731010	40.000000
28.396000	39.734551	0.743256	0.000000	-0.000000	0.743256	40.000000
28.296000	39.732152	0.749975	0.000000	0.000000	0.749975	40.000000
28.202000	39.734070	0.744604	0.000000	0.000000	0.744604	40.000000
28.101000	39.737905	0.733865	0.000000	0.000000	0.733865	40.000000
27.994000	39.739108	0.730499	0.000000	0.000000	0.730499	40.000000
27.896000	39.746008	0.711179	0.000000	0.000000	0.711179	40.000000
27.797000	39.748952	0.702934	0.000000	0.000000	0.702934	40.000000
27.698000	39.755791	0.683785	0.000000	0.000000	0.683785	40.000000
27.596000	39.765156	0.657564	0.000000	0.000000	0.657564	40.000000
27.498000	39.772411	0.637248	0.000000	0.000000	0.637248	40.000000
27.396000	39.784956	0.602124	0.000000	0.000000	0.602124	40.000000
27.296000	39.801395	0.556094	0.000000	0.000000	0.556094	40.000000
27.194000	39.813635	0.521822	0.000000	0.000000	0.521822	40.000000
27.095000	39.824012	0.492768	0.000000	0.000000	0.492768	40.000000
26.997000	39.843274	0.438832	0.000000	0.000000	0.438832	40.000000
26.899000	39.855280	0.405217	0.000000	0.000000	0.405217	40.000000
26.798000	39.870097	0.363729	0.000000	0.000000	0.363729	40.000000
26.695000	39.882580	0.328777	0.000000	0.000000	0.328777	40.000000
26.595000	39.900517	0.278552	0.000000	0.000000	0.278552	40.000000
26.495000	39.913776	0.241428	0.000000	0.000000	0.241428	40.000000
26.396000	39.927340	0.203449	0.000000	0.000000	0.203449	40.000000
26.299000	39.940053	0.167851	0.000000	0.000000	0.167851	40.000000
26.204000	39.953864	0.129182	0.000000	0.000000	0.129182	40.000000
26.094000	39.967597	0.090729	0.000000	0.000000	0.090729	40.000000
25.997000	39.977019	0.064347	0.000000	0.000000	0.064347	40.000000
25.897000	39.987278	0.035621	0.000000	0.000000	0.035621	40.000000
25.798000	39.998682	0.003689	0.000000	0.000000	0.003689	40.000000
25.697000	40.008247	-0.023093	0.000000	0.000000	-0.023093	40.000000
25.599000	40.010710	-0.029989	0.000000	0.000000	-0.029989	40.000000
25.495000	40.011434	-0.032015	0.000000	0.000000	-0.032015	40.000000
25.396000	40.018537	-0.051904	0.000000	0.000000	-0.051904	40.000000
25.297000	40.024135	-0.067577	0.000000	0.000000	-0.067577	40.000000
25.194000	40.025703	-0.071969	0.000000	0.000000	-0.071969	40.000000
25.097000	40.033345	-0.093367	0.000000	0.000000	-0.093367	40.000000
24.996000	40.038102	-0.106685	0.000000	0.000000	-0.106685	40.000000
24.896000	40.045198	-0.126556	0.000000	0.000000	-0.126556	40.000000
24.797000	40.046653	-0.130629	0.000000	-0.000000	-0.130629	40.000000
24.696000	40.042733	-0.119651	0.000000	-0.000000	-0.119651	40.000000
24.595000	40.035390	-0.099092	0.000000	-0.000000	-0.099092	40.000000
24.497000	40.025642	-0.071797	0.000000	-0.000000	-0.071797	40.000000
24.399000	40.014742	-0.041278	0.000000	-0.000000	-0.041278	40.000000
24.294000	40.006084	-0.017034	0.000000	-0.000000	-0.017034	40.000000
24.203000	39.995138	0.013614	0.000000	-0.000000	0.013614	40.000000
24.098000	39.984220	0.044184	0.000000	-0.000000	0.044184	40.000000
24.000000	39.971256	0.080483	0.000000	-0.000000	0.080483	40.000000
23.895000	39.953738	0.129533	0.000000	-0.000000	0.129533	40.000000
23.796000	39.931415	0.192038	0.000000	-0.000000	0.192038	40.000000
23.696000	39.913720	0.241585	0.000000	-0.000000	0.241585	40.000000
23.597000	39.897512	0.286965	0.000000	-0.000000	0.286965	40.000000
23.496000	39.879512	0.337366	0.000000	-0.000000	0.337366	40.000000
23.398000	39.853836	0.409259	0.000000	-0.000000	0.409259	40.000000
23.293000	39.827731	0.482354	0.000000	-0.000000	0.482354	40.000000
23.195000	39.808058	0.537439	0.000000	-0.000000	0.537439	40.000000
23.094000	39.793111	0.579289	0.000000	-0.000000	0.579289	40.000000
22.999000	39.772046	0.638271	0.000000	-0.000000	0.638271	40.000000
22.896000	39.759446	0.673551	0.000000	-0.000000	0.673551	40.000000
22.798000	39.742646	0.720592	0.000000	-0.000000	0.720592	40.000000
22.695000	39.724108	0.772497	0.000000	-0.000000	0.772497	40.000000
22.596000	39.706649	0.821383	0.000000	-0.000000	0.821383	40.000000
22.497000	39.691348	0.864225	0.000000	-0.000000	0.864225	40.000000
22.402000	39.677552	0.902854	0.000000	-0.000000	0.902854	40.000000
22.319000	39.664583	0.939168	0.000000	-0.000000	0.939168	40.000000
22.236000	39.654146	0.968390	0.000000	-0.000000	0.968390	40.000000
22.153000	39.643589	0.997952	0.000000	-0.000000	0.997952	40.000000
22.047000	39.629486	1.037439	0.000000	-0.000000	1.037439	40.000000
21.963000	39.621200	1.060640	0.000000	-0.000000	1.060640	40.000000
21.799000	39.615266	1.077254	0.000000	0.000000	1.077254	40.000000
21.697000	39.619471	1.065482	0.000000	0.000000	1.065482	40.000000
21.597000	39.627320	1.043504	0.000000	0.000000	1.043504	40.000000
21.499000	39.637406	1.015264	0.000000	0.000000	1.015264	40.000000
21.397000	39.646167	0.990733	0.000000	0.000000	0.990733	40.000000
21.294000	39.653611	0.969891	0.000000	0.000000	0.969891	40.000000
21.196000	39.670526	0.922528	0.000000	0.000000	0.922528	40.000000
21.097000	39.689129	0.870440	0.000000	0.000000	0.870440	40.000000
20.998000	39.710667	0.810133	0.000000	0.000000	0.810133	40.000000
20.897000	39.730651	0.754178	0.000000	0.000000	0.754178	40.000000
20.795000	39.755674	0.684114	0.000000	0.000000	0.684114	40.000000
20.697000	39.785252	0.601296	0.000000	0.000000	0.601296	40.000000
20.596000	39.817534	0.510904	0.000000	0.000000	0.510904	40.000000
20.499000	39.845552	0.432453	0.000000	0.000000	0.432453	40.000000
20.395000	39.869076	0.366588	0.000000	0.000000	0.366588	40.000000
20.298000	39.899793	0.280579	0.000000	0.000000	0.280579	40.000000
20.202000	39.927520	0.202945	0.000000	0.000000	0.202945	40.000000
20.097000	39.954871	0.126360	0.000000	0.000000	0.126360	40.000000
19.998000	39.985598	0.040324	0.000000	0.000000	0.040324	40.000000
19.897000	40.014203	-0.039769	0.000000	0.000000	-0.039769	40.000000
19.803000	40.040026	-0.112073	0.000000	0.000000	-0.112073	40.000000
19.723000	40.058318	-0.163290	0.000000	0.000000	-0.163290	40.000000
19.641000	40.075298	-0.210833	0.000000	0.000000	-0.210833	40.000000
19.562000	40.094251	-0.263903	0.000000	0.000000	-0.263903	40.000000
19.398000	40.133203	-0.372968	0.000000	0.000000	-0.372968	40.000000
19.299000	40.161066	-0.450985	0.000000	0.000000	-0.450985	40.000000
19.196000	40.191220	-0.535417	0.000000	0.000000	-0.535417	40.000000
19.098000	40.223000	-0.624401	0.000000	0.000000	-0.624401	40.000000
18.995000	40.251469	-0.704115	0.000000	0.000000	-0.704115	40.000000
18.895000	40.274166	-0.767665	0.000000	0.000000	-0.767665	40.000000
18.794000	40.299263	-0.837935	0.000000	0.000000	-0.837935	40.000000
18.701000	40.322372	-0.902642	0.000000	0.000000	-0.902642	40.000000
18.595000	40.350125	-0.980349	0.000000	0.000000	-0.980349	40.000000
18.495000	40.378950	-1.061059	0.000000	0.000000	-1.061059	40.000000
18.395000	40.403451	-1.129663	0.000000	0.000000	-1.129663	40.000000
18.295000	40.431492	-1.208179	0.000000	0.000000	-1.208179	40.000000
18.205000	40.453106	-1.268696	0.000000	0.000000	-1.268696	40.000000
18.099000	40.476764	-1.334938	0.000000	0.000000	-1.334938	40.000000
17.996000	40.497528	-1.393078	0.000000	0.000000	-1.393078	40.000000
17.895000	40.525810	-1.472267	0.000000	0.000000	-1.472267	40.000000
17.797000	40.554347	-1.552172	0.000000	0.000000	-1.552172	40.000000
17.696000	40.583530	-1.633885	0.000000	0.000000	-1.633885	40.000000
17.597000	40.602249	-1.686296	0.000000	0.000000	-1.686296	40.000000
17.499000	40.620302	-1.736846	0.000000	0.000000	-1.736846	40.000000
17.398000	40.637642	-1.785397	0.000000	0.000000	-1.785397	40.000000
17.294000	40.661301	-1.851643	0.000000	0.000000	-1.851643	40.000000
17.196000	40.685978	-1.920738	0.000000	0.000000	-1.920738	40.000000
17.094000	40.710351	-1.988983	0.000000	0.000000	-1.988983	40.000000
16.994000	40.742677	-2.079495	0.000000	0.000000	-2.079495	40.000000
16.896000	40.777281	-2.176387	0.000000	0.000000	-2.176387	40.000000
16.798000	40.803099	-2.248676	0.000000	0.000000	-2.248676	40.000000
16.695000	40.826942	-2.315439	0.000000	0.000000	-2.315439	40.000000
16.598000	40.858356	-2.403397	0.000000	0.000000	-2.403397	40.000000
16.495000	40.885620	-2.479737	0.000000	0.000000	-2.479737	40.000000
16.395000	40.915892	-2.564498	0.000000	0.000000	-2.564498	40.000000
16.296000	40.944963	-2.645897	0.000000	0.000000	-2.645897	40.000000
16.203000	40.970965	-2.718702	0.000000	0.000000	-2.718702	40.000000
16.096000	40.995401	-2.787124	0.000000	0.000000	-2.787124	40.000000
15.995000	41.021897	-2.861311	0.000000	0.000000	-2.861311	40.000000
15.895000	41.052653	-2.947427	0.000000	0.000000	-2.947427	40.000000
15.800000	41.082496	-3.030990	0.000000	0.000000	-3.030990	40.000000
15.698000	41.116991	-3.127575	0.000000	0.000000	-3.127575	40.000000
15.595000	41.144195	-3.203746	0.000000	0.000000	-3.203746	40.000000
15.498000	41.175014	-3.290039	0.000000	0.000000	-3.290039	40.000000
15.397000	41.207394	-3.380704	0.000000	0.000000	-3.380704	40.000000
15.296000	41.232911	-3.452150	0.000000	0.000000	-3.452150	40.000000
15.199000	41.254456	-3.512477	0.000000	0.000000	-3.512477	40.000000
15.095000	41.273412	-3.565554	0.000000	0.000000	-3.565554	40.000000
14.995000	41.297378	-3.632657	0.000000	0.000000	-3.632657	40.000000
14.897000	41.323435	-3.705617	0.000000	0.000000	-3.705617	40.000000
14.796000	41.349382	-3.778269	0.000000	0.000000	-3.778269	40.000000
14.697000	41.367255	-3.828314	0.000000	0.000000	-3.828314	40.000000
14.597000	41.378509	-3.859825	0.000000	0.000000	-3.859825	40.000000
14.494000	41.392655	-3.899434	0.000000	0.000000	-3.899434	40.000000
14.396000	41.412755	-3.955713	0.000000	0.000000	-3.955713	40.000000
14.297000	41.436954	-4.023472	0.000000	0.000000	-4.023472	40.000000
14.197000	41.456817	-4.079088	0.000000	0.000000	-4.079088	40.000000
14.095000	41.484799	-4.157438	0.000000	0.000000	-4.157438	40.000000
13.998000	41.510752	-4.230106	0.000000	0.000000	-4.230106	40.000000
13.900000	41.538851	-4.308782	0.000000	0.000000	-4.308782	40.000000
13.796000	41.561717	-4.372808	0.000000	0.000000	-4.372808	40.000000
13.696000	41.580082	-4.424230	0.000000	0.000000	-4.424230	40.000000
13.596000	41.598200	-4.474960	0.000000	0.000000	-4.474960	40.000000
13.497000	41.621129	-4.539162	0.000000	0.000000	-4.539162	40.000000
13.399000	41.645025	-4.606070	0.000000	0.000000	-4.606070	40.000000
13.299000	41.665787	-4.664202	0.000000	0.000000	-4.664202	40.000000
13.194000	41.683729	-4.714442	0.000000	0.000000	-4.714442	40.000000
13.095000	41.702988	-4.768366	0.000000	0.000000	-4.768366	40.000000
12.996000	41.722433	-4.822814	0.000000	0.000000	-4.822814	40.000000
12.898000	41.743438	-4.881627	0.000000	0.000000	-4.881627	40.000000
12.798000	41.766730	-4.946843	0.000000	0.000000	-4.946843	40.000000
12.701000	41.783708	-4.994383	0.000000	0.000000	-4.994383	40.000000
12.595000	41.800434	-5.041215	0.000000	0.000000	-5.041215	40.000000
12.494000	41.814467	-5.080507	0.000000	0.000000	-5.080507	40.000000
12.396000	41.826137	-5.113182	0.000000	0.000000	-5.113182	40.000000
12.296000	41.837994	-5.146382	0.000000	0.000000	-5.146382	40.000000
12.197000	41.850335	-5.180937	0.000000	0.000000	-5.180937	40.000000
12.095000	41.862011	-5.213631	0.000000	0.000000	-5.213631	40.000000
11.998000	41.871940	-5.241432	0.000000	0.000000	-5.241432	40.000000
11.896000	41.880605	-5.265694	0.000000	0.000000	-5.265694	40.000000
11.800000	41.889872	-5.291641	0.000000	0.000000	-5.291641	40.000000
11.693000	41.899151	-5.317622	0.000000	0.000000	-5.317622	40.000000
11.595000	41.904986	-5.333962	0.000000	0.000000	-5.333962	40.000000
11.498000	41.911358	-5.351803	0.000000	0.000000	-5.351803	40.000000
11.397000	41.915933	-5.364612	0.000000	0.000000	-5.364612	40.000000
11.297000	41.920993	-5.378780	0.000000	0.000000	-5.378780	40.000000
11.200000	41.923584	-5.386036	0.000000	0.000000	-5.386036	40.000000
11.099000	41.924003	-5.387208	0.000000	0.000000	-5.387208	40.000000
10.995000	41.924429	-5.388402	0.000000	-0.000000	-5.388402	40.000000
10.896000	41.923767	-5.386549	0.000000	0.000000	-5.386549	40.000000
10.798000	41.924187	-5.387725	0.000000	0.000000	-5.387725	40.000000
10.698000	41.924252	-5.387904	0.000000	-0.000000	-5.387904	40.000000
10.597000	41.916906	-5.367338	0.000000	-0.000000	-5.367338	40.000000
10.500000	41.913109	-5.356704	0.000000	-0.000000	-5.356704	40.000000
10.397000	41.903779	-5.330581	0.000000	-0.000000	-5.330581	40.000000
10.297000	41.892224	-5.298227	0.000000	-0.000000	-5.298227	40.000000
10.199000	41.875914	-5.252560	0.000000	-0.000000	-5.252560	40.000000
10.097000	41.861103	-5.211089	0.000000	-0.000000	-5.211089	40.000000
9.995000	41.844135	-5.163579	0.000000	-0.000000	-5.163579	40.000000
9.901000	41.823546	-5.105930	0.000000	-0.000000	-5.105930	40.000000
9.798000	41.803566	-5.049984	0.000000	-0.000000	-5.049984	40.000000
9.699000	41.783341	-4.993354	0.000000	-0.000000	-4.993354	40.000000
9.596000	41.754810	-4.913468	0.000000	-0.000000	-4.913468	40.000000
9.498000	41.726523	-4.834263	0.000000	-0.000000	-4.834263	40.000000
9.395000	41.693538	-4.741905	0.000000	-0.000000	-4.741905	40.000000
9.300000	41.656399	-4.637918	0.000000	-0.000000	-4.637918	40.000000
9.201000	41.614331	-4.520126	0.000000	-0.000000	-4.520126	40.000000
9.097000	41.567027	-4.387676	0.000000	-0.000000	-4.387676	40.000000
8.996000	41.520138	-4.256386	0.000000	-0.000000	-4.256386	40.000000
8.899000	41.469698	-4.115155	0.000000	-0.000000	-4.115155	40.000000
8.797000	41.411793	-3.953021	0.000000	-0.000000	-3.953021	40.000000
8.698000	41.350336	-3.780942	0.000000	-0.000000	-3.780942	40.000000
8.597000	41.289425	-3.610391	0.000000	-0.000000	-3.610391	40.000000
8.496000	41.226232	-3.433448	0.000000	-0.000000	-3.433448	40.000000
8.398000	41.153406	-3.229536	0.000000	-0.000000	-3.229536	40.000000
8.299000	41.071368	-2.999831	0.000000	-0.000000	-2.999831	40.000000
8.198000	40.990833	-2.774333	0.000000	-0.000000	-2.774333	40.000000
8.097000	40.895731	-2.508047	0.000000	-0.000000	-2.508047	40.000000
7.997000	40.803043	-2.248519	0.000000	-0.000000	-2.248519	40.000000
7.897000	40.696201	-1.949363	0.000000	-0.000000	-1.949363	40.000000
7.797000	40.583893	-1.634900	0.000000	-0.000000	-1.634900	40.000000
7.700000	40.462791	-1.295815	0.000000	-0.000000	-1.295815	40.000000
7.597000	40.334414	-0.936359	0.000000	-0.000000	-0.936359	40.000000
7.497000	40.205610	-0.575708	0.000000	-0.000000	-0.575708	40.000000
7.397000	40.074030	-0.207284	0.000000	-0.000000	-0.207284	40.000000
7.300000	39.943235	0.158942	0.000000	-0.000000	0.158942	40.000000
7.196000	39.801752	0.555094	0.000000	-0.000000	0.555094	40.000000
7.098000	39.661950	0.946540	0.000000	-0.000000	0.946540	40.000000
6.999000	39.521179	1.340699	0.000000	-0.000000	1.340699	40.000000
6.896000	39.376399	1.746082	0.000000	-0.000000	1.746082	40.000000
6.799000	39.240069	2.127808	0.000000	-0.000000	2.127808	40.000000
6.696000	39.096545	2.529674	0.000000	-0.000000	2.529674	40.000000
6.597000	38.955181	2.925495	0.000000	-0.000000	2.925495	40.000000
6.500000	38.822272	3.297639	0.000000	-0.000000	3.297639	40.000000
6.400000	38.690685	3.666081	0.000000	-0.000000	3.666081	40.000000
6.299000	38.551907	4.054660	0.000000	-0.000000	4.054660	40.000000
6.198000	38.417134	4.432026	0.000000	-0.000000	4.432026	40.000000
6.096000	38.281771	4.811042	0.000000	-0.000000	4.811042	40.000000
5.997000	38.144725	5.194769	0.000000	-0.000000	5.194769	40.000000
5.898000	38.010865	5.569578	0.000000	-0.000000	5.569578	40.000000
5.800000	37.876696	5.945250	0.000000	-0.000000	5.945250	40.000000
5.698000	37.735445	6.340753	0.000000	-0.000000	6.340753	40.000000
5.596000	37.608787	6.695395	0.000000	-0.000000	6.695395	40.000000
5.498000	37.481170	7.052725	0.000000	-0.000000	7.052725	40.000000
5.397000	37.345442	7.432764	0.000000	-0.000000	7.432764	40.000000
5.298000	37.215052	7.797854	0.000000	-0.000000	7.797854	40.000000
5.197000	37.076262	8.186466	0.000000	-0.000000	8.186466	40.000000
5.097000	36.947800	8.546159	0.000000	-0.000000	8.546159	40.000000
4.997000	36.818314	8.908722	0.000000	-0.000000	8.908722	40.000000
4.897000	36.687932	9.273789	0.000000	-0.000000	9.273789	40.000000
4.799000	36.560904	9.629469	0.000000	-0.000000	9.629469	40.000000
4.700000	36.443723	9.957577	0.000000	-0.000000	9.957577	40.000000
4.600000	36.311599	10.327523	0.000000	-0.000000	10.327523	40.000000
4.500000	36.187213	10.675805	0.000000	-0.000000	10.675805	40.000000
4.397000	36.071223	11.000576	0.000000	-0.000000	11.000576	40.000000
4.298000	35.948042	11.345484	0.000000	-0.000000	11.345484	40.000000
4.198000	35.826900	11.684681	0.000000	-0.000000	11.684681	40.000000
4.097000	35.705213	12.025404	0.000000	-0.000000	12.025404	40.000000
3.998000	35.584845	12.362433	0.000000	-0.000000	12.362433	40.000000
3.897000	35.468924	12.687013	0.000000	-0.000000	12.687013	40.000000
3.796000	35.354617	13.007073	0.000000	-0.000000	13.007073	40.000000
3.696000	35.242892	13.319903	0.000000	-0.000000	13.319903	40.000000
3.598000	35.133570	13.626004	0.000000	-0.000000	13.626004	40.000000
3.496000	35.029413	13.917644	0.000000	-0.000000	13.917644	40.000000
3.399000	34.921638	14.219415	0.000000	-0.000000	14.219415	40.000000
3.296000	34.813333	14.522667	0.000000	-0.000000	14.522667	40.000000
3.197000	34.707552	14.818854	0.000000	-0.000000	14.818854	40.000000
3.095000	34.602852	15.112014	0.000000	-0.000000	15.112014	40.000000
3.000000	34.501209	15.396614	0.000000	-0.000000	15.396614	40.000000
2.900000	34.402023	15.674336	0.000000	-0.000000	15.674336	40.000000
2.797000	34.306921	15.940621	0.000000	-0.000000	15.940621	40.000000
2.696000	34.219916	16.184235	0.000000	-0.000000	16.184235	40.000000
2.598000	34.132551	16.428856	0.000000	-0.000000	16.428856	40.000000
2.497000	34.052689	16.652470	0.000000	-0.000000	16.652470	40.000000
2.402000	33.970970	16.881284	0.000000	-0.000000	16.881284	40.000000
2.300000	33.896683	17.089289	0.000000	-0.000000	17.089289	40.000000
2.195000	33.822516	17.296954	0.000000	-0.000000	17.296954	40.000000
2.098000	33.754297	17.487968	0.000000	-0.000000	17.487968	40.000000
2.001000	33.692438	17.661174	0.000000	-0.000000	17.661174	40.000000
1.901000	33.627931	17.841793	0.000000	-0.000000	17.841793	40.000000
1.797000	33.570508	18.002577	0.000000	-0.000000	18.002577	40.000000
1.702000	33.521066	18.141014	0.000000	-0.000000	18.141014	40.000000
1.596000	33.474929	18.270199	0.000000	-0.000000	18.270199	40.000000
1.496000	33.439463	18.369504	0.000000	-0.000000	18.369504	40.000000
1.394000	33.404180	18.468297	0.000000	-0.000000	18.468297	40.000000
1.296000	33.380065	18.535819	0.000000	-0.000000	18.535819	40.000000
1.196000	33.358696	18.595652	0.000000	-0.000000	18.595652	40.000000
1.098000	33.348323	18.624695	0.000000	-0.000000	18.624695	40.000000
0.996000	33.338302	18.652753	0.000000	-0.000000	18.652753	40.000000
0.897000	33.337212	18.655806	0.000000	0.000000	18.655806	40.000000
0.796000	33.339979	18.648058	0.000000	0.000000	18.648058	40.000000
0.695000	33.351501	18.615797	0.000000	0.000000	18.615797	40.000000
0.597000	33.361223	18.588575	0.000000	0.000000	18.588575	40.000000
0.499000	33.375681	18.548092	0.000000	0.000000	18.548092	40.000000
0.397000	33.392006	0.000000	0.000000	0.000000	0.000000	40.000000
0.296000	33.405685	0.000000	0.000000	0.000000	0.000000	40.000000
0.198000	33.420140	0.000000	0.000000	0.000000	0.000000	40.000000
0.097000	33.436406	0.000000	0.000000	0.000000	0.000000	40.000000
