Zeit (s)	Istwert	P	I	D	Regelausgang	Sollwert
65.699000	39.886409	0.363490	0.000000	0.000000	0.363490	40.000000
65.600000	39.888157	0.357897	0.000000	0.000000	0.357897	40.000000
65.496000	39.895658	0.333894	0.000000	0.000000	0.333894	40.000000
65.400000	39.900515	0.318354	0.000000	0.000000	0.318354	40.000000
65.310000	39.901418	0.315461	0.000000	-0.000000	0.315461	40.000000
65.217000	39.898650	0.324321	0.000000	-0.000000	0.324321	40.000000
65.099000	39.898598	0.324488	0.000000	-0.000000	0.324488	40.000000
64.997000	39.898179	0.325827	0.000000	0.000000	0.325827	40.000000
64.898000	39.904472	0.305688	0.000000	0.000000	0.305688	40.000000
64.797000	39.905853	0.301269	0.000000	0.000000	0.301269	40.000000
64.697000	39.914014	0.275154	0.000000	0.000000	0.275154	40.000000
64.596000	39.914794	0.272658	0.000000	0.000000	0.272658	40.000000
64.497000	39.916062	0.268602	0.000000	0.000000	0.268602	40.000000
64.399000	39.921158	0.252293	0.000000	-0.000000	0.252293	40.000000
64.297000	39.919237	0.258440	0.000000	-0.000000	0.258440	40.000000
64.195000	39.918211	0.261725	0.000000	-0.000000	0.261725	40.000000
64.097000	39.911738	0.282440	0.000000	-0.000000	0.282440	40.000000
64.000000	39.907480	0.296065	0.000000	-0.000000	0.296065	40.000000
63.900000	39.901778	0.314310	0.000000	-0.000000	0.314310	40.000000
63.798000	39.894450	0.337759	0.000000	-0.000000	0.337759	40.000000
63.697000	39.893084	0.342131	0.000000	-0.000000	0.342131	40.000000
63.596000	39.888214	0.357714	0.000000	-0.000000	0.357714	40.000000
63.496000	39.883239	0.373634	0.000000	-0.000000	0.373634	40.000000
63.398000	39.878979	0.387267	0.000000	-0.000000	0.387267	40.000000
63.298000	39.874409	0.401890	0.000000	-0.000000	0.401890	40.000000
63.197000	39.869020	0.419137	0.000000	-0.000000	0.419137	40.000000
63.096000	39.864749	0.432805	0.000000	-0.000000	0.432805	40.000000
62.998000	39.860855	0.445265	0.000000	-0.000000	0.445265	40.000000
62.897000	39.858270	0.453536	0.000000	-0.000000	0.453536	40.000000
62.800000	39.857371	0.456412	0.000000	-0.000000	0.456412	40.000000
62.699000	39.854977	0.464073	0.000000	-0.000000	0.464073	40.000000
62.597000	39.851795	0.474255	0.000000	0.000000	0.474255	40.000000
62.497000	39.854139	0.466756	0.000000	-0.000000	0.466756	40.000000
62.397000	39.849632	0.481179	0.000000	0.000000	0.481179	40.000000
62.299000	39.849689	0.480995	0.000000	0.000000	0.480995	40.000000
62.197000	39.849693	0.480983	0.000000	-0.000000	0.480983	40.000000
62.099000	39.845852	0.493272	0.000000	-0.000000	0.493272	40.000000
61.996000	39.844597	0.497291	0.000000	-0.000000	0.497291	40.000000
61.897000	39.844234	0.498451	0.000000	0.000000	0.498451	40.000000
61.798000	39.844473	0.497687	0.000000	-0.000000	0.497687	40.000000
61.696000	39.842436	0.504206	0.000000	0.000000	0.504206	40.000000
61.599000	39.842973	0.502486	0.000000	0.000000	0.502486	40.000000
61.501000	39.844533	0.497495	0.000000	-0.000000	0.497495	40.000000
61.399000	39.844231	0.498459	0.000000	0.000000	0.498459	40.000000
61.296000	39.845197	0.495371	0.000000	0.000000	0.495371	40.000000
61.196000	39.845311	0.495004	0.000000	0.000000	0.495004	40.000000
61.095000	39.854435	0.465809	0.000000	0.000000	0.465809	40.000000
60.997000	39.862173	0.441046	0.000000	0.000000	0.441046	40.000000
60.896000	39.871834	0.410132	0.000000	0.000000	0.410132	40.000000
60.796000	39.875554	0.398226	0.000000	-0.000000	0.398226	40.000000
60.696000	39.872436	0.408204	0.000000	0.000000	0.408204	40.000000
60.597000	39.875498	0.398405	0.000000	0.000000	0.398405	40.000000
60.497000	39.880237	0.383240	0.000000	0.000000	0.383240	40.000000
60.399000	39.887437	0.360201	0.000000	0.000000	0.360201	40.000000
60.297000	39.899014	0.323157	0.000000	0.000000	0.323157	40.000000
60.207000	39.905495	0.302417	0.000000	0.000000	0.302417	40.000000
60.116000	39.912095	0.281297	0.000000	0.000000	0.281297	40.000000
60.001000	39.918218	0.261704	0.000000	0.000000	0.261704	40.000000
59.901000	39.923615	0.244432	0.000000	0.000000	0.244432	40.000000
59.797000	39.934480	0.209665	0.000000	0.000000	0.209665	40.000000
59.697000	39.937418	0.200264	0.000000	0.000000	0.200264	40.000000
59.597000	39.939281	0.194300	0.000000	0.000000	0.194300	40.000000
59.497000	39.942634	0.183572	0.000000	-0.000000	0.183572	40.000000
59.398000	39.941682	0.186617	0.000000	-0.000000	0.186617	40.000000
59.299000	39.939340	0.194112	0.000000	-0.000000	0.194112	40.000000
59.197000	39.936520	0.203134	0.000000	-0.000000	0.203134	40.000000
59.098000	39.933277	0.213513	0.000000	-0.000000	0.213513	40.000000
58.998000	39.930276	0.223115	0.000000	-0.000000	0.223115	40.000000
58.898000	39.930219	0.223299	0.000000	-0.000000	0.223299	40.000000
58.796000	39.919957	0.256137	0.000000	-0.000000	0.256137	40.000000
58.702000	39.913773	0.275926	0.000000	-0.000000	0.275926	40.000000
58.596000	39.908016	0.294350	0.000000	-0.000000	0.294350	40.000000
58.498000	39.898955	0.323344	0.000000	-0.000000	0.323344	40.000000
58.399000	39.889000	0.355201	0.000000	-0.000000	0.355201	40.000000
58.297000	39.884492	0.369624	0.000000	-0.000000	0.369624	40.000000
58.195000	39.878259	0.389571	0.000000	-0.000000	0.389571	40.000000
58.099000	39.872918	0.406664	0.000000	-0.000000	0.406664	40.000000
58.001000	39.867097	0.425288	0.000000	-0.000000	0.425288	40.000000
57.896000	39.865110	0.431649	0.000000	-0.000000	0.431649	40.000000
57.797000	39.860195	0.447377	0.000000	-0.000000	0.447377	40.000000
57.699000	39.856770	0.458335	0.000000	-0.000000	0.458335	40.000000
57.597000	39.849814	0.480594	0.000000	-0.000000	0.480594	40.000000
57.502000	39.845198	0.495367	0.000000	-0.000000	0.495367	40.000000
57.399000	39.837511	0.519963	0.000000	0.000000	0.519963	40.000000
57.296000	39.837751	0.519195	0.000000	0.000000	0.519195	40.000000
57.198000	39.839075	0.514960	0.000000	-0.000000	0.514960	40.000000
57.097000	39.837753	0.519191	0.000000	0.000000	0.519191	40.000000
56.998000	39.839196	0.514571	0.000000	-0.000000	0.514571	40.000000
56.898000	39.837213	0.520919	0.000000	0.000000	0.520919	40.000000
56.800000	39.838230	0.517664	0.000000	0.000000	0.517664	40.000000
56.696000	39.838235	0.517647	0.000000	0.000000	0.517647	40.000000
56.597000	39.839436	0.513804	0.000000	0.000000	0.513804	40.000000
56.499000	39.839494	0.513620	0.000000	0.000000	0.513620	40.000000
56.397000	39.843393	0.501143	0.000000	0.000000	0.501143	40.000000
56.300000	39.844657	0.497099	0.000000	0.000000	0.497099	40.000000
56.198000	39.848133	0.485974	0.000000	0.000000	0.485974	40.000000
56.097000	39.855208	0.463335	0.000000	0.000000	0.463335	40.000000
56.008000	39.857727	0.455273	0.000000	0.000000	0.455273	40.000000
55.920000	39.863738	0.436038	0.000000	0.000000	0.436038	40.000000
55.831000	39.863794	0.435859	0.000000	0.000000	0.435859	40.000000
55.745000	39.872616	0.407628	0.000000	0.000000	0.407628	40.000000
55.655000	39.876881	0.393982	0.000000	0.000000	0.393982	40.000000
55.564000	39.878854	0.387668	0.000000	0.000000	0.387668	40.000000
55.400000	39.886835	0.362129	0.000000	0.000000	0.362129	40.000000
55.304000	39.888574	0.356562	0.000000	0.000000	0.356562	40.000000
55.214000	39.889958	0.352134	0.000000	0.000000	0.352134	40.000000
55.097000	39.895117	0.335626	0.000000	0.000000	0.335626	40.000000
54.998000	39.897936	0.326604	0.000000	0.000000	0.326604	40.000000
54.899000	39.902375	0.312398	0.000000	0.000000	0.312398	40.000000
54.797000	39.904651	0.305117	0.000000	0.000000	0.305117	40.000000
54.698000	39.910532	0.286296	0.000000	0.000000	0.286296	40.000000
54.601000	39.919061	0.259004	0.000000	0.000000	0.259004	40.000000
54.498000	39.920378	0.254789	0.000000	0.000000	0.254789	40.000000
54.400000	39.921998	0.249606	0.000000	0.000000	0.249606	40.000000
54.299000	39.927518	0.231941	0.000000	0.000000	0.231941	40.000000
54.197000	39.929622	0.225210	0.000000	-0.000000	0.225210	40.000000
54.099000	39.928415	0.229070	0.000000	-0.000000	0.229070	40.000000
53.999000	39.926375	0.235601	0.000000	-0.000000	0.235601	40.000000
53.900000	39.924758	0.240776	0.000000	0.000000	0.240776	40.000000
53.798000	39.925416	0.238669	0.000000	0.000000	0.238669	40.000000
53.703000	39.926501	0.235196	0.000000	-0.000000	0.235196	40.000000
53.597000	39.923378	0.245191	0.000000	-0.000000	0.245191	40.000000
53.500000	39.921270	0.251935	0.000000	-0.000000	0.251935	40.000000
53.398000	39.918156	0.261900	0.000000	-0.000000	0.261900	40.000000
53.302000	39.913832	0.275738	0.000000	-0.000000	0.275738	40.000000
53.214000	39.907837	0.294922	0.000000	-0.000000	0.294922	40.000000
53.124000	39.906699	0.298565	0.000000	-0.000000	0.298565	40.000000
53.034000	39.899012	0.323161	0.000000	-0.000000	0.323161	40.000000
52.945000	39.897696	0.327371	0.000000	-0.000000	0.327371	40.000000
52.854000	39.891998	0.345608	0.000000	-0.000000	0.345608	40.000000
52.764000	39.886956	0.361741	0.000000	-0.000000	0.361741	40.000000
52.676000	39.883237	0.373642	0.000000	-0.000000	0.373642	40.000000
52.565000	39.880897	0.381129	0.000000	0.000000	0.381129	40.000000
52.400000	39.884678	0.369031	0.000000	-0.000000	0.369031	40.000000
52.298000	39.884137	0.370763	0.000000	-0.000000	0.370763	40.000000
52.197000	39.878142	0.389946	0.000000	-0.000000	0.389946	40.000000
52.098000	39.877778	0.391111	0.000000	0.000000	0.391111	40.000000
51.999000	39.878676	0.388236	0.000000	-0.000000	0.388236	40.000000
51.898000	39.876453	0.395351	0.000000	-0.000000	0.395351	40.000000
51.798000	39.872258	0.408775	0.000000	-0.000000	0.408775	40.000000
51.698000	39.864575	0.433359	0.000000	-0.000000	0.433359	40.000000
51.598000	39.856598	0.458886	0.000000	-0.000000	0.458886	40.000000
51.499000	39.854197	0.466568	0.000000	-0.000000	0.466568	40.000000
51.398000	39.851254	0.475987	0.000000	-0.000000	0.475987	40.000000
51.297000	39.846635	0.490768	0.000000	-0.000000	0.490768	40.000000
51.198000	39.842069	0.505379	0.000000	-0.000000	0.505379	40.000000
51.098000	39.841117	0.508424	0.000000	0.000000	0.508424	40.000000
50.997000	39.843931	0.499419	0.000000	-0.000000	0.499419	40.000000
50.900000	39.843754	0.499987	0.000000	0.000000	0.499987	40.000000
50.804000	39.848737	0.484041	0.000000	0.000000	0.484041	40.000000
50.698000	39.849570	0.481375	0.000000	0.000000	0.481375	40.000000
50.601000	39.852631	0.471581	0.000000	-0.000000	0.471581	40.000000
50.497000	39.848493	0.484822	0.000000	0.000000	0.484822	40.000000
50.397000	39.849878	0.480390	0.000000	0.000000	0.480390	40.000000
50.300000	39.855577	0.462153	0.000000	0.000000	0.462153	40.000000
50.212000	39.862657	0.439498	0.000000	0.000000	0.439498	40.000000
50.100000	39.867939	0.422597	0.000000	0.000000	0.422597	40.000000
49.997000	39.869017	0.419146	0.000000	0.000000	0.419146	40.000000
49.900000	39.871175	0.412239	0.000000	0.000000	0.412239	40.000000
49.796000	39.874468	0.401703	0.000000	0.000000	0.401703	40.000000
49.699000	39.880295	0.383057	0.000000	0.000000	0.383057	40.000000
49.600000	39.882634	0.375571	0.000000	0.000000	0.375571	40.000000
49.497000	39.884019	0.371138	0.000000	0.000000	0.371138	40.000000
49.398000	39.887492	0.360026	0.000000	0.000000	0.360026	40.000000
49.298000	39.888156	0.357902	0.000000	0.000000	0.357902	40.000000
49.199000	39.893849	0.339682	0.000000	0.000000	0.339682	40.000000
49.098000	39.897452	0.328152	0.000000	0.000000	0.328152	40.000000
48.998000	39.898595	0.324496	0.000000	0.000000	0.324496	40.000000
48.897000	39.902921	0.310654	0.000000	0.000000	0.310654	40.000000
48.799000	39.903814	0.307796	0.000000	-0.000000	0.307796	40.000000
48.702000	39.903033	0.310295	0.000000	0.000000	0.310295	40.000000
48.598000	39.905196	0.303372	0.000000	0.000000	0.303372	40.000000
48.496000	39.910782	0.285498	0.000000	0.000000	0.285498	40.000000
48.410000	39.914200	0.274561	0.000000	0.000000	0.274561	40.000000
48.318000	39.915395	0.270734	0.000000	0.000000	0.270734	40.000000
48.230000	39.918941	0.259387	0.000000	-0.000000	0.259387	40.000000
48.140000	39.916954	0.265748	0.000000	-0.000000	0.265748	40.000000
48.053000	39.915216	0.271310	0.000000	-0.000000	0.271310	40.000000
47.965000	39.912816	0.278989	0.000000	-0.000000	0.278989	40.000000
47.799000	39.909213	0.290519	0.000000	0.000000	0.290519	40.000000
47.702000	39.910479	0.286467	0.000000	-0.000000	0.286467	40.000000
47.598000	39.904474	0.305684	0.000000	-0.000000	0.305684	40.000000
47.500000	39.903453	0.308952	0.000000	0.000000	0.308952	40.000000
47.399000	39.904962	0.304123	0.000000	-0.000000	0.304123	40.000000
47.299000	39.903574	0.308564	0.000000	-0.000000	0.308564	40.000000
47.199000	39.899256	0.322380	0.000000	-0.000000	0.322380	40.000000
47.100000	39.896917	0.329867	0.000000	0.000000	0.329867	40.000000
47.001000	39.901892	0.313947	0.000000	-0.000000	0.313947	40.000000
46.899000	39.898119	0.326019	0.000000	0.000000	0.326019	40.000000
46.798000	39.899373	0.322005	0.000000	-0.000000	0.322005	40.000000
46.700000	39.897883	0.326774	0.000000	-0.000000	0.326774	40.000000
46.598000	39.894638	0.337157	0.000000	-0.000000	0.337157	40.000000
46.496000	39.890615	0.350031	0.000000	-0.000000	0.350031	40.000000
46.399000	39.885878	0.365192	0.000000	-0.000000	0.365192	40.000000
46.298000	39.879392	0.385945	0.000000	-0.000000	0.385945	40.000000
46.202000	39.874834	0.400530	0.000000	-0.000000	0.400530	40.000000
46.098000	39.866318	0.427784	0.000000	-0.000000	0.427784	40.000000
45.997000	39.860007	0.447978	0.000000	-0.000000	0.447978	40.000000
45.900000	39.857493	0.456023	0.000000	-0.000000	0.456023	40.000000
45.802000	39.853659	0.468292	0.000000	-0.000000	0.468292	40.000000
45.695000	39.849876	0.480398	0.000000	0.000000	0.480398	40.000000
45.598000	39.854609	0.465250	0.000000	0.000000	0.465250	40.000000
45.498000	39.855816	0.461390	0.000000	0.000000	0.461390	40.000000
45.398000	39.856057	0.460618	0.000000	0.000000	0.460618	40.000000
45.299000	39.856233	0.460055	0.000000	-0.000000	0.460055	40.000000
45.204000	39.851851	0.474076	0.000000	0.000000	0.474076	40.000000
45.096000	39.854020	0.467136	0.000000	-0.000000	0.467136	40.000000
44.998000	39.853835	0.467729	0.000000	-0.000000	0.467729	40.000000
44.898000	39.851131	0.476380	0.000000	-0.000000	0.476380	40.000000
44.800000	39.845852	0.493272	0.000000	-0.000000	0.493272	40.000000
44.695000	39.843094	0.502098	0.000000	0.000000	0.502098	40.000000
44.601000	39.844894	0.496339	0.000000	0.000000	0.496339	40.000000
44.498000	39.851739	0.474435	0.000000	0.000000	0.474435	40.000000
44.398000	39.858516	0.452747	0.000000	0.000000	0.452747	40.000000
44.299000	39.863794	0.435859	0.000000	0.000000	0.435859	40.000000
44.196000	39.869973	0.416087	0.000000	0.000000	0.416087	40.000000
44.097000	39.877182	0.393018	0.000000	0.000000	0.393018	40.000000
44.001000	39.878796	0.387852	0.000000	0.000000	0.387852	40.000000
43.902000	39.887734	0.359250	0.000000	0.000000	0.359250	40.000000
43.799000	39.895301	0.335037	0.000000	0.000000	0.335037	40.000000
43.697000	39.901413	0.315478	0.000000	0.000000	0.315478	40.000000
43.599000	39.907416	0.296270	0.000000	0.000000	0.296270	40.000000
43.499000	39.911670	0.282657	0.000000	0.000000	0.282657	40.000000
43.401000	39.919896	0.256333	0.000000	0.000000	0.256333	40.000000
43.300000	39.926678	0.234629	0.000000	0.000000	0.234629	40.000000
43.197000	39.928833	0.227735	0.000000	-0.000000	0.227735	40.000000
43.098000	39.927332	0.232539	0.000000	-0.000000	0.232539	40.000000
42.999000	39.925176	0.239436	0.000000	-0.000000	0.239436	40.000000
42.899000	39.922479	0.248066	0.000000	-0.000000	0.248066	40.000000
42.795000	39.920741	0.253629	0.000000	-0.000000	0.253629	40.000000
42.710000	39.914677	0.273034	0.000000	-0.000000	0.273034	40.000000
42.597000	39.912032	0.281497	0.000000	-0.000000	0.281497	40.000000
42.498000	39.909579	0.289346	0.000000	0.000000	0.289346	40.000000
42.399000	39.912523	0.279927	0.000000	-0.000000	0.279927	40.000000
42.296000	39.909761	0.288766	0.000000	-0.000000	0.288766	40.000000
42.205000	39.908616	0.292430	0.000000	-0.000000	0.292430	40.000000
42.098000	39.902795	0.311055	0.000000	0.000000	0.311055	40.000000
41.998000	39.905609	0.302050	0.000000	-0.000000	0.302050	40.000000
41.897000	39.904170	0.306657	0.000000	-0.000000	0.306657	40.000000
41.799000	39.900877	0.317193	0.000000	-0.000000	0.317193	40.000000
41.700000	39.893856	0.339661	0.000000	-0.000000	0.339661	40.000000
41.599000	39.882818	0.374982	0.000000	-0.000000	0.374982	40.000000
41.500000	39.878314	0.389396	0.000000	-0.000000	0.389396	40.000000
41.400000	39.876578	0.394950	0.000000	-0.000000	0.394950	40.000000
41.296000	39.875973	0.396887	0.000000	-0.000000	0.396887	40.000000
41.198000	39.872615	0.407632	0.000000	0.000000	0.407632	40.000000
41.101000	39.873459	0.404932	0.000000	0.000000	0.404932	40.000000
40.998000	39.874592	0.401306	0.000000	0.000000	0.401306	40.000000
40.899000	39.877653	0.391512	0.000000	-0.000000	0.391512	40.000000
40.797000	39.874236	0.402445	0.000000	-0.000000	0.402445	40.000000
40.697000	39.869734	0.416851	0.000000	-0.000000	0.416851	40.000000
40.597000	39.869376	0.417998	0.000000	-0.000000	0.417998	40.000000
40.501000	39.867516	0.423949	0.000000	-0.000000	0.423949	40.000000
40.399000	39.866380	0.427583	0.000000	-0.000000	0.427583	40.000000
40.298000	39.862413	0.440278	0.000000	-0.000000	0.440278	40.000000
40.205000	39.854251	0.466398	0.000000	-0.000000	0.466398	40.000000
40.099000	39.848252	0.485594	0.000000	-0.000000	0.485594	40.000000
39.999000	39.845258	0.495175	0.000000	-0.000000	0.495175	40.000000
39.902000	39.841596	0.506893	0.000000	-0.000000	0.506893	40.000000
39.802000	39.840036	0.511884	0.000000	-0.000000	0.511884	40.000000
39.698000	39.837148	0.521128	0.000000	-0.000000	0.521128	40.000000
39.599000	39.835653	0.525910	0.000000	-0.000000	0.525910	40.000000
39.498000	39.832654	0.535508	0.000000	-0.000000	0.535508	40.000000
39.399000	39.832230	0.536864	0.000000	-0.000000	0.536864	40.000000
39.302000	39.829772	0.544731	0.000000	0.000000	0.544731	40.000000
39.199000	39.831747	0.538409	0.000000	0.000000	0.538409	40.000000
39.098000	39.832110	0.537248	0.000000	0.000000	0.537248	40.000000
38.999000	39.837571	0.519771	0.000000	0.000000	0.519771	40.000000
38.901000	39.841656	0.506701	0.000000	0.000000	0.506701	40.000000
38.799000	39.846519	0.491139	0.000000	0.000000	0.491139	40.000000
38.699000	39.856778	0.458310	0.000000	0.000000	0.458310	40.000000
38.602000	39.858098	0.454087	0.000000	0.000000	0.454087	40.000000
38.501000	39.865898	0.429128	0.000000	0.000000	0.429128	40.000000
38.398000	39.870102	0.415673	0.000000	0.000000	0.415673	40.000000
38.301000	39.880176	0.383437	0.000000	0.000000	0.383437	40.000000
38.212000	39.893200	0.341760	0.000000	0.000000	0.341760	40.000000
38.099000	39.904895	0.304336	0.000000	0.000000	0.304336	40.000000
38.000000	39.914614	0.273234	0.000000	0.000000	0.273234	40.000000
37.898000	39.917252	0.264792	0.000000	0.000000	0.264792	40.000000
37.800000	39.922658	0.247494	0.000000	0.000000	0.247494	40.000000
37.699000	39.929919	0.224259	0.000000	0.000000	0.224259	40.000000
37.598000	39.940422	0.190649	0.000000	0.000000	0.190649	40.000000
37.499000	39.944979	0.176068	0.000000	0.000000	0.176068	40.000000
37.402000	39.948697	0.164171	0.000000	0.000000	0.164171	40.000000
37.298000	39.956374	0.139604	0.000000	0.000000	0.139604	40.000000
37.198000	39.960092	0.127707	0.000000	0.000000	0.127707	40.000000
37.101000	39.962976	0.118476	0.000000	0.000000	0.118476	40.000000
37.003000	39.964305	0.114223	0.000000	0.000000	0.114223	40.000000
36.901000	39.965676	0.109837	0.000000	-0.000000	0.109837	40.000000
36.800000	39.964597	0.113288	0.000000	0.000000	0.113288	40.000000
36.699000	39.964959	0.112132	0.000000	-0.000000	0.112132	40.000000
36.597000	39.961721	0.122494	0.000000	0.000000	0.122494	40.000000
36.499000	39.962858	0.118855	0.000000	-0.000000	0.118855	40.000000
36.399000	39.956199	0.140163	0.000000	-0.000000	0.140163	40.000000
36.296000	39.947193	0.168983	0.000000	-0.000000	0.168983	40.000000
36.209000	39.937962	0.198523	0.000000	-0.000000	0.198523	40.000000
36.099000	39.925777	0.237512	0.000000	-0.000000	0.237512	40.000000
35.999000	39.919292	0.258266	0.000000	-0.000000	0.258266	40.000000
35.900000	39.915213	0.271319	0.000000	-0.000000	0.271319	40.000000
35.800000	39.908378	0.293190	0.000000	-0.000000	0.293190	40.000000
35.699000	39.900881	0.317180	0.000000	-0.000000	0.317180	40.000000
35.599000	39.892295	0.344656	0.000000	-0.000000	0.344656	40.000000
35.500000	39.875314	0.398994	0.000000	-0.000000	0.398994	40.000000
35.401000	39.859112	0.450840	0.000000	-0.000000	0.450840	40.000000
35.297000	39.848976	0.483278	0.000000	-0.000000	0.483278	40.000000
35.201000	39.846696	0.490572	0.000000	-0.000000	0.490572	40.000000
35.101000	39.837931	0.518620	0.000000	-0.000000	0.518620	40.000000
34.998000	39.830793	0.541463	0.000000	-0.000000	0.541463	40.000000
34.900000	39.818191	0.581787	0.000000	-0.000000	0.581787	40.000000
34.800000	39.808773	0.611925	0.000000	-0.000000	0.611925	40.000000
34.698000	39.799287	0.642281	0.000000	-0.000000	0.642281	40.000000
34.601000	39.795215	0.655313	0.000000	-0.000000	0.655313	40.000000
34.503000	39.794912	0.656281	0.000000	-0.000000	0.656281	40.000000
34.399000	39.793710	0.660129	0.000000	-0.000000	0.660129	40.000000
34.297000	39.793411	0.661084	0.000000	0.000000	0.661084	40.000000
34.202000	39.793951	0.659357	0.000000	-0.000000	0.659357	40.000000
34.099000	39.792627	0.663593	0.000000	-0.000000	0.663593	40.000000
33.999000	39.792333	0.664535	0.000000	-0.000000	0.664535	40.000000
33.901000	39.790353	0.670870	0.000000	0.000000	0.670870	40.000000
33.799000	39.791973	0.665687	0.000000	0.000000	0.665687	40.000000
33.699000	39.796589	0.650915	0.000000	0.000000	0.650915	40.000000
33.599000	39.804572	0.625371	0.000000	0.000000	0.625371	40.000000
33.499000	39.811653	0.602711	0.000000	0.000000	0.602711	40.000000
33.397000	39.822152	0.569114	0.000000	0.000000	0.569114	40.000000
33.298000	39.828875	0.547601	0.000000	0.000000	0.547601	40.000000
33.201000	39.833975	0.531280	0.000000	0.000000	0.531280	40.000000
33.099000	39.836490	0.523231	0.000000	0.000000	0.523231	40.000000
33.003000	39.839852	0.512473	0.000000	0.000000	0.512473	40.000000
32.900000	39.849994	0.480018	0.000000	0.000000	0.480018	40.000000
32.798000	39.865174	0.431444	0.000000	0.000000	0.431444	40.000000
32.699000	39.875913	0.397079	0.000000	0.000000	0.397079	40.000000
32.601000	39.882157	0.377098	0.000000	0.000000	0.377098	40.000000
32.499000	39.889479	0.353666	0.000000	0.000000	0.353666	40.000000
32.400000	39.900818	0.317381	0.000000	0.000000	0.317381	40.000000
32.302000	39.914680	0.273025	0.000000	0.000000	0.273025	40.000000
32.199000	39.921811	0.250203	0.000000	0.000000	0.250203	40.000000
32.103000	39.925955	0.236945	0.000000	0.000000	0.236945	40.000000
32.001000	39.928717	0.228106	0.000000	0.000000	0.228106	40.000000
31.898000	39.937058	0.201415	0.000000	0.000000	0.201415	40.000000
31.798000	39.938316	0.197388	0.000000	0.000000	0.197388	40.000000
31.700000	39.949839	0.160515	0.000000	0.000000	0.160515	40.000000
31.600000	39.967899	0.102722	0.000000	0.000000	0.102722	40.000000
31.501000	39.974317	0.082187	0.000000	0.000000	0.082187	40.000000
31.397000	39.979721	0.064893	0.000000	0.000000	0.064893	40.000000
31.297000	39.981883	0.057974	0.000000	0.000000	0.057974	40.000000
31.198000	39.984877	0.048393	0.000000	-0.000000	0.048393	40.000000
31.100000	39.983861	0.051643	0.000000	-0.000000	0.051643	40.000000
31.004000	39.980561	0.062206	0.000000	0.000000	0.062206	40.000000
30.898000	39.988297	0.037451	0.000000	0.000000	0.037451	40.000000
30.799000	39.993166	0.021868	0.000000	0.000000	0.021868	40.000000
30.702000	39.993638	0.020358	0.000000	-0.000000	0.020358	40.000000
30.598000	39.983865	0.051631	0.000000	-0.000000	0.051631	40.000000
30.500000	39.974325	0.082161	0.000000	-0.000000	0.082161	40.000000
30.399000	39.966582	0.106937	0.000000	-0.000000	0.106937	40.000000
30.297000	39.963998	0.115208	0.000000	-0.000000	0.115208	40.000000
30.204000	39.956135	0.140368	0.000000	-0.000000	0.140368	40.000000
30.098000	39.946780	0.170305	0.000000	-0.000000	0.170305	40.000000
29.998000	39.940054	0.191826	0.000000	-0.000000	0.191826	40.000000
29.898000	39.929619	0.225218	0.000000	-0.000000	0.225218	40.000000
29.799000	39.919897	0.256329	0.000000	-0.000000	0.256329	40.000000
29.699000	39.909819	0.288578	0.000000	-0.000000	0.288578	40.000000
29.601000	39.903151	0.309916	0.000000	-0.000000	0.309916	40.000000
29.513000	39.892597	0.343688	0.000000	-0.000000	0.343688	40.000000
29.425000	39.880116	0.383629	0.000000	-0.000000	0.383629	40.000000
29.338000	39.870517	0.414347	0.000000	-0.000000	0.414347	40.000000
29.254000	39.858996	0.451212	0.000000	-0.000000	0.451212	40.000000
29.166000	39.850715	0.477711	0.000000	-0.000000	0.477711	40.000000
28.997000	39.825633	0.557976	0.000000	-0.000000	0.557976	40.000000
28.902000	39.816095	0.588498	0.000000	-0.000000	0.588498	40.000000
28.801000	39.801395	0.635536	0.000000	-0.000000	0.635536	40.000000
28.699000	39.787479	0.680067	0.000000	-0.000000	0.680067	40.000000
28.603000	39.777933	0.710614	0.000000	-0.000000	0.710614	40.000000
28.497000	39.770435	0.734609	0.000000	-0.000000	0.734609	40.000000
28.397000	39.762867	0.758826	0.000000	-0.000000	0.758826	40.000000
28.301000	39.759749	0.768804	0.000000	-0.000000	0.768804	40.000000
28.202000	39.758973	0.771287	0.000000	-0.000000	0.771287	40.000000
28.096000	39.754351	0.786076	0.000000	-0.000000	0.786076	40.000000
27.998000	39.753453	0.788951	0.000000	-0.000000	0.788951	40.000000
27.900000	39.752192	0.792987	0.000000	0.000000	0.792987	40.000000
27.800000	39.752374	0.792402	0.000000	-0.000000	0.792402	40.000000
27.701000	39.751593	0.794902	0.000000	0.000000	0.794902	40.000000
27.599000	39.756329	0.779746	0.000000	0.000000	0.779746	40.000000
27.498000	39.762390	0.760353	0.000000	0.000000	0.760353	40.000000
27.400000	39.766410	0.747488	0.000000	0.000000	0.747488	40.000000
27.298000	39.770853	0.733270	0.000000	0.000000	0.733270	40.000000
27.198000	39.781594	0.698900	0.000000	0.000000	0.698900	40.000000
27.099000	39.799831	0.640540	0.000000	0.000000	0.640540	40.000000
27.000000	39.816210	0.588126	0.000000	0.000000	0.588126	40.000000
26.897000	39.827853	0.550869	0.000000	0.000000	0.550869	40.000000
26.799000	39.841953	0.505750	0.000000	0.000000	0.505750	40.000000
26.701000	39.854796	0.464653	0.000000	0.000000	0.464653	40.000000
26.597000	39.870095	0.415695	0.000000	0.000000	0.415695	40.000000
26.498000	39.890857	0.349259	0.000000	0.000000	0.349259	40.000000
26.402000	39.905014	0.303956	0.000000	0.000000	0.303956	40.000000
26.298000	39.918996	0.259213	0.000000	0.000000	0.259213	40.000000
26.200000	39.931355	0.219664	0.000000	0.000000	0.219664	40.000000
26.103000	39.944019	0.179139	0.000000	0.000000	0.179139	40.000000
26.002000	39.957881	0.134779	0.000000	0.000000	0.134779	40.000000
25.899000	39.979540	0.065473	0.000000	0.000000	0.065473	40.000000
25.799000	39.993577	0.020554	0.000000	0.000000	0.020554	40.000000
25.700000	40.005473	-0.017512	0.000000	0.000000	-0.017512	40.000000
25.599000	40.014986	-0.047954	0.000000	0.000000	-0.047954	40.000000
25.499000	40.029616	-0.094771	0.000000	0.000000	-0.094771	40.000000
25.402000	40.036896	-0.118066	0.000000	0.000000	-0.118066	40.000000
25.298000	40.045685	-0.146193	0.000000	0.000000	-0.146193	40.000000
25.200000	40.052183	-0.166985	0.000000	0.000000	-0.166985	40.000000
25.099000	40.055248	-0.176792	0.000000	-0.000000	-0.176792	40.000000
25.000000	40.052361	-0.167554	0.000000	0.000000	-0.167554	40.000000
24.899000	40.055550	-0.177759	0.000000	0.000000	-0.177759	40.000000
24.802000	40.056815	-0.181807	0.000000	0.000000	-0.181807	40.000000
24.700000	40.061875	-0.197999	0.000000	0.000000	-0.197999	40.000000
24.599000	40.063073	-0.201833	0.000000	0.000000	-0.201833	40.000000
24.500000	40.068740	-0.219968	0.000000	0.000000	-0.219968	40.000000
24.399000	40.068792	-0.220135	0.000000	0.000000	-0.220135	40.000000
24.298000	40.069696	-0.223027	0.000000	-0.000000	-0.223027	40.000000
24.206000	40.066263	-0.212043	0.000000	-0.000000	-0.212043	40.000000
24.098000	40.056099	-0.179518	0.000000	-0.000000	-0.179518	40.000000
23.997000	40.046282	-0.148101	0.000000	-0.000000	-0.148101	40.000000
23.900000	40.027626	-0.088404	0.000000	-0.000000	-0.088404	40.000000
23.803000	40.009449	-0.030238	0.000000	-0.000000	-0.030238	40.000000
23.698000	39.997544	0.007859	0.000000	-0.000000	0.007859	40.000000
23.601000	39.983621	0.052411	0.000000	-0.000000	0.052411	40.000000
23.501000	39.976599	0.074883	0.000000	-0.000000	0.074883	40.000000
23.398000	39.961362	0.123641	0.000000	-0.000000	0.123641	40.000000
23.301000	39.941200	0.188162	0.000000	-0.000000	0.188162	40.000000
23.200000	39.920136	0.255565	0.000000	-0.000000	0.255565	40.000000
23.098000	39.898298	0.325448	0.000000	-0.000000	0.325448	40.000000
22.999000	39.881192	0.380186	0.000000	-0.000000	0.380186	40.000000
22.899000	39.860018	0.447944	0.000000	-0.000000	0.447944	40.000000
22.801000	39.843879	0.499586	0.000000	-0.000000	0.499586	40.000000
22.699000	39.827255	0.552784	0.000000	-0.000000	0.552784	40.000000
22.601000	39.811771	0.602332	0.000000	-0.000000	0.602332	40.000000
22.500000	39.792510	0.663968	0.000000	-0.000000	0.663968	40.000000
22.398000	39.776735	0.714449	0.000000	-0.000000	0.714449	40.000000
22.303000	39.759807	0.768616	0.000000	-0.000000	0.768616	40.000000
22.198000	39.740311	0.831004	0.000000	-0.000000	0.831004	40.000000
22.105000	39.726030	0.876703	0.000000	-0.000000	0.876703	40.000000
22.001000	39.714450	0.913760	0.000000	-0.000000	0.913760	40.000000
21.902000	39.701367	0.955624	0.000000	-0.000000	0.955624	40.000000
21.800000	39.687562	0.999801	0.000000	-0.000000	0.999801	40.000000
21.701000	39.679112	1.026842	0.000000	-0.000000	1.026842	40.000000
21.601000	39.673228	1.045671	0.000000	-0.000000	1.045671	40.000000
21.499000	39.669389	1.057956	0.000000	0.000000	1.057956	40.000000
21.402000	39.669559	1.057410	0.000000	0.000000	1.057410	40.000000
21.304000	39.672744	1.047219	0.000000	0.000000	1.047219	40.000000
21.204000	39.675690	1.037792	0.000000	0.000000	1.037792	40.000000
21.099000	39.683127	1.013993	0.000000	0.000000	1.013993	40.000000
20.999000	39.692067	0.985387	0.000000	0.000000	0.985387	40.000000
20.900000	39.701254	0.955987	0.000000	0.000000	0.955987	40.000000
20.803000	39.714273	0.914327	0.000000	0.000000	0.914327	40.000000
20.703000	39.730648	0.861926	0.000000	0.000000	0.861926	40.000000
20.597000	39.747207	0.808937	0.000000	0.000000	0.808937	40.000000
20.499000	39.766531	0.747100	0.000000	0.000000	0.747100	40.000000
20.400000	39.785250	0.687199	0.000000	0.000000	0.687199	40.000000
20.300000	39.805657	0.621899	0.000000	0.000000	0.621899	40.000000
20.202000	39.825930	0.557025	0.000000	0.000000	0.557025	40.000000
20.105000	39.849640	0.481153	0.000000	0.000000	0.481153	40.000000
20.001000	39.873997	0.403209	0.000000	0.000000	0.403209	40.000000
19.900000	39.894760	0.336769	0.000000	0.000000	0.336769	40.000000
19.799000	39.919599	0.257284	0.000000	0.000000	0.257284	40.000000
19.700000	39.945692	0.173786	0.000000	0.000000	0.173786	40.000000
19.600000	39.968983	0.099254	0.000000	0.000000	0.099254	40.000000
19.503000	39.992622	0.023609	0.000000	0.000000	0.023609	40.000000
19.403000	40.012887	-0.041240	0.000000	0.000000	-0.041240	40.000000
19.299000	40.036592	-0.117095	0.000000	0.000000	-0.117095	40.000000
19.202000	40.062300	-0.199360	0.000000	0.000000	-0.199360	40.000000
19.102000	40.084986	-0.271954	0.000000	0.000000	-0.271954	40.000000
18.998000	40.112615	-0.360368	0.000000	0.000000	-0.360368	40.000000
18.900000	40.133383	-0.426827	0.000000	0.000000	-0.426827	40.000000
18.802000	40.161907	-0.518103	0.000000	0.000000	-0.518103	40.000000
18.700000	40.191703	-0.613449	0.000000	0.000000	-0.613449	40.000000
18.599000	40.221860	-0.709951	0.000000	0.000000	-0.709951	40.000000
18.501000	40.246831	-0.789858	0.000000	0.000000	-0.789858	40.000000
18.400000	40.277533	-0.888106	0.000000	0.000000	-0.888106	40.000000
18.300000	40.311899	-0.998078	0.000000	0.000000	-0.998078	40.000000
18.198000	40.347172	-1.110951	0.000000	0.000000	-1.110951	40.000000
18.104000	40.369383	-1.182026	0.000000	0.000000	-1.182026	40.000000
18.001000	40.398278	-1.274488	0.000000	0.000000	-1.274488	40.000000
17.903000	40.428010	-1.369633	0.000000	0.000000	-1.369633	40.000000
17.804000	40.454424	-1.454158	0.000000	0.000000	-1.454158	40.000000
17.699000	40.481452	-1.540646	0.000000	0.000000	-1.540646	40.000000
17.599000	40.506851	-1.621923	0.000000	0.000000	-1.621923	40.000000
17.502000	40.533457	-1.707063	0.000000	0.000000	-1.707063	40.000000
17.401000	40.555965	-1.779089	0.000000	0.000000	-1.779089	40.000000
17.302000	40.581973	-1.862312	0.000000	0.000000	-1.862312	40.000000
17.203000	40.605979	-1.939134	0.000000	0.000000	-1.939134	40.000000
17.098000	40.633788	-2.028122	0.000000	0.000000	-2.028122	40.000000
17.001000	40.658111	-2.105954	0.000000	0.000000	-2.105954	40.000000
16.900000	40.687845	-2.201103	0.000000	0.000000	-2.201103	40.000000
16.802000	40.714141	-2.285251	0.000000	0.000000	-2.285251	40.000000
16.700000	40.744899	-2.383678	0.000000	0.000000	-2.383678	40.000000
16.615000	40.768619	-2.459580	0.000000	0.000000	-2.459580	40.000000
16.533000	40.785588	-2.513881	0.000000	0.000000	-2.513881	40.000000
16.450000	40.803818	-2.572218	0.000000	0.000000	-2.572218	40.000000
16.368000	40.823684	-2.635788	0.000000	0.000000	-2.635788	40.000000
16.200000	40.864440	-2.766209	0.000000	0.000000	-2.766209	40.000000
16.107000	40.887367	-2.839574	0.000000	0.000000	-2.839574	40.000000
16.004000	40.923656	-2.955699	0.000000	0.000000	-2.955699	40.000000
15.903000	40.930339	-2.977086	0.000000	0.000000	-2.977086	40.000000
15.798000	40.951767	-3.045654	0.000000	0.000000	-3.045654	40.000000
15.699000	40.978919	-3.132540	0.000000	0.000000	-3.132540	40.000000
15.601000	40.999861	-3.199555	0.000000	0.000000	-3.199555	40.000000
15.500000	41.024543	-3.278538	0.000000	0.000000	-3.278538	40.000000
15.415000	41.043862	-3.340357	0.000000	0.000000	-3.340357	40.000000
15.335000	41.063725	-3.403919	0.000000	0.000000	-3.403919	40.000000
15.254000	41.080334	-3.457069	0.000000	0.000000	-3.457069	40.000000
15.174000	41.098630	-3.515615	0.000000	0.000000	-3.515615	40.000000
15.002000	41.139619	-3.646781	0.000000	0.000000	-3.646781	40.000000
14.902000	41.165141	-3.728452	0.000000	0.000000	-3.728452	40.000000
14.799000	41.193005	-3.817615	0.000000	0.000000	-3.817615	40.000000
14.702000	41.215102	-3.888326	0.000000	0.000000	-3.888326	40.000000
14.600000	41.237305	-3.959376	0.000000	0.000000	-3.959376	40.000000
14.501000	41.267944	-4.057422	0.000000	0.000000	-4.057422	40.000000
14.398000	41.291836	-4.133876	0.000000	0.000000	-4.133876	40.000000
14.299000	41.315673	-4.210155	0.000000	0.000000	-4.210155	40.000000
14.207000	41.335895	-4.274863	0.000000	0.000000	-4.274863	40.000000
14.104000	41.364424	-4.366157	0.000000	0.000000	-4.366157	40.000000
14.000000	41.385611	-4.433954	0.000000	0.000000	-4.433954	40.000000
13.897000	41.405534	-4.497708	0.000000	0.000000	-4.497708	40.000000
13.799000	41.433883	-4.588424	0.000000	0.000000	-4.588424	40.000000
13.702000	41.461572	-4.677031	0.000000	0.000000	-4.677031	40.000000
13.600000	41.475293	-4.720938	0.000000	0.000000	-4.720938	40.000000
13.503000	41.497806	-4.792981	0.000000	0.000000	-4.792981	40.000000
13.398000	41.517668	-4.856538	0.000000	0.000000	-4.856538	40.000000
13.300000	41.534223	-4.909513	0.000000	0.000000	-4.909513	40.000000
13.200000	41.555166	-4.976531	0.000000	0.000000	-4.976531	40.000000
13.104000	41.573343	-5.034697	0.000000	0.000000	-5.034697	40.000000
13.001000	41.597416	-5.111733	0.000000	0.000000	-5.111733	40.000000
12.900000	41.619685	-5.182992	0.000000	0.000000	-5.182992	40.000000
12.799000	41.635638	-5.234041	0.000000	0.000000	-5.234041	40.000000
12.701000	41.655257	-5.296824	0.000000	0.000000	-5.296824	40.000000
12.601000	41.671575	-5.349041	0.000000	0.000000	-5.349041	40.000000
12.502000	41.682344	-5.383500	0.000000	0.000000	-5.383500	40.000000
12.400000	41.696492	-5.428773	0.000000	0.000000	-5.428773	40.000000
12.300000	41.709068	-5.469018	0.000000	0.000000	-5.469018	40.000000
12.200000	41.730495	-5.537585	0.000000	0.000000	-5.537585	40.000000
12.107000	41.751381	-5.604420	0.000000	0.000000	-5.604420	40.000000
12.002000	41.767575	-5.656240	0.000000	0.000000	-5.656240	40.000000
11.901000	41.785872	-5.714790	0.000000	0.000000	-5.714790	40.000000
11.803000	41.801039	-5.763323	0.000000	0.000000	-5.763323	40.000000
11.700000	41.819154	-5.821292	0.000000	0.000000	-5.821292	40.000000
11.599000	41.834199	-5.869436	0.000000	0.000000	-5.869436	40.000000
11.498000	41.846541	-5.908931	0.000000	0.000000	-5.908931	40.000000
11.400000	41.857618	-5.944379	0.000000	0.000000	-5.944379	40.000000
11.301000	41.864481	-5.966339	0.000000	0.000000	-5.966339	40.000000
11.203000	41.875492	-6.001573	0.000000	0.000000	-6.001573	40.000000
11.099000	41.887104	-6.038733	0.000000	0.000000	-6.038733	40.000000
10.999000	41.899207	-6.077462	0.000000	0.000000	-6.077462	40.000000
10.899000	41.907871	-6.105186	0.000000	0.000000	-6.105186	40.000000
10.802000	41.917745	-6.136783	0.000000	0.000000	-6.136783	40.000000
10.700000	41.922323	-6.151435	0.000000	-0.000000	-6.151435	40.000000
10.606000	41.919130	-6.141216	0.000000	-0.000000	-6.141216	40.000000
10.501000	41.916724	-6.133518	0.000000	-0.000000	-6.133518	40.000000
10.399000	41.914681	-6.126980	0.000000	0.000000	-6.126980	40.000000
10.301000	41.917682	-6.136582	0.000000	-0.000000	-6.136582	40.000000
10.199000	41.917385	-6.135632	0.000000	-0.000000	-6.135632	40.000000
10.100000	41.915816	-6.130613	0.000000	-0.000000	-6.130613	40.000000
10.002000	41.911060	-6.115392	0.000000	-0.000000	-6.115392	40.000000
9.899000	41.904266	-6.093650	0.000000	-0.000000	-6.093650	40.000000
9.800000	41.897041	-6.070530	0.000000	-0.000000	-6.070530	40.000000
9.702000	41.885542	-6.033735	0.000000	-0.000000	-6.033735	40.000000
9.602000	41.867300	-5.975360	0.000000	-0.000000	-5.975360	40.000000
9.500000	41.848590	-5.915487	0.000000	-0.000000	-5.915487	40.000000
9.402000	41.825836	-5.842674	0.000000	-0.000000	-5.842674	40.000000
9.304000	41.804113	-5.773161	0.000000	-0.000000	-5.773161	40.000000
9.203000	41.782435	-5.703793	0.000000	-0.000000	-5.703793	40.000000
9.102000	41.753850	-5.612319	0.000000	-0.000000	-5.612319	40.000000
9.000000	41.724594	-5.518702	0.000000	-0.000000	-5.518702	40.000000
8.898000	41.694081	-5.421058	0.000000	-0.000000	-5.421058	40.000000
8.801000	41.659413	-5.310123	0.000000	-0.000000	-5.310123	40.000000
8.704000	41.620105	-5.184336	0.000000	-0.000000	-5.184336	40.000000
8.601000	41.579241	-5.053572	0.000000	-0.000000	-5.053572	40.000000
8.500000	41.539997	-4.927990	0.000000	-0.000000	-4.927990	40.000000
8.398000	41.494013	-4.780841	0.000000	-0.000000	-4.780841	40.000000
8.301000	41.443457	-4.619062	0.000000	-0.000000	-4.619062	40.000000
8.200000	41.390606	-4.449941	0.000000	-0.000000	-4.449941	40.000000
8.101000	41.328610	-4.251550	0.000000	-0.000000	-4.251550	40.000000
7.999000	41.263728	-4.043930	0.000000	-0.000000	-4.043930	40.000000
7.898000	41.188311	-3.802595	0.000000	-0.000000	-3.802595	40.000000
7.801000	41.114160	-3.565312	0.000000	-0.000000	-3.565312	40.000000
7.701000	41.029111	-3.293155	0.000000	-0.000000	-3.293155	40.000000
7.600000	40.940267	-3.008854	0.000000	-0.000000	-3.008854	40.000000
7.500000	40.842771	-2.696867	0.000000	-0.000000	-2.696867	40.000000
7.402000	40.748210	-2.394273	0.000000	-0.000000	-2.394273	40.000000
7.300000	40.632105	-2.022734	0.000000	-0.000000	-2.022734	40.000000
7.201000	40.519489	-1.662364	0.000000	-0.000000	-1.662364	40.000000
7.102000	40.399116	-1.277171	0.000000	-0.000000	-1.277171	40.000000
6.999000	40.273013	-0.873642	0.000000	-0.000000	-0.873642	40.000000
6.901000	40.134345	-0.429903	0.000000	-0.000000	-0.429903	40.000000
6.800000	39.996463	0.011319	0.000000	-0.000000	0.011319	40.000000
6.701000	39.858875	0.451600	0.000000	-0.000000	0.451600	40.000000
6.601000	39.721047	0.892648	0.000000	-0.000000	0.892648	40.000000
6.503000	39.585263	1.327158	0.000000	-0.000000	1.327158	40.000000
6.399000	39.446596	1.770894	0.000000	-0.000000	1.770894	40.000000
6.301000	39.315556	2.190221	0.000000	-0.000000	2.190221	40.000000
6.202000	39.175329	2.638948	0.000000	-0.000000	2.638948	40.000000
6.100000	39.038283	3.077493	0.000000	-0.000000	3.077493	40.000000
5.999000	38.903039	3.510275	0.000000	-0.000000	3.510275	40.000000
5.903000	38.767731	3.943261	0.000000	-0.000000	3.943261	40.000000
5.804000	38.635303	4.367029	0.000000	-0.000000	4.367029	40.000000
5.701000	38.499462	4.801722	0.000000	-0.000000	4.801722	40.000000
5.602000	38.363972	5.235288	0.000000	-0.000000	5.235288	40.000000
5.501000	38.234196	5.650571	0.000000	-0.000000	5.650571	40.000000
5.401000	38.105724	6.061683	0.000000	-0.000000	6.061683	40.000000
5.302000	37.976775	6.474321	0.000000	-0.000000	6.474321	40.000000
5.201000	37.849517	6.881546	0.000000	-0.000000	6.881546	40.000000
5.099000	37.721231	7.292061	0.000000	-0.000000	7.292061	40.000000
5.001000	37.588565	7.716592	0.000000	-0.000000	7.716592	40.000000
4.900000	37.464901	8.112317	0.000000	-0.000000	8.112317	40.000000
4.801000	37.339441	8.513788	0.000000	-0.000000	8.513788	40.000000
4.705000	37.217096	8.905293	0.000000	-0.000000	8.905293	40.000000
4.603000	37.089765	9.312753	0.000000	-0.000000	9.312753	40.000000
4.499000	36.965921	9.709054	0.000000	-0.000000	9.709054	40.000000
4.400000	36.843331	10.101340	0.000000	-0.000000	10.101340	40.000000
4.300000	36.723572	10.484570	0.000000	-0.000000	10.484570	40.000000
4.201000	36.606329	10.859747	0.000000	-0.000000	10.859747	40.000000
4.103000	36.488121	11.238011	0.000000	-0.000000	11.238011	40.000000
3.998000	36.370163	11.615479	0.000000	-0.000000	11.615479	40.000000
3.900000	36.254952	11.984154	0.000000	-0.000000	11.984154	40.000000
3.801000	36.136634	12.362773	0.000000	-0.000000	12.362773	40.000000
3.702000	36.023765	12.723953	0.000000	-0.000000	12.723953	40.000000
3.601000	35.913483	13.076853	0.000000	-0.000000	13.076853	40.000000
3.505000	35.806616	13.418829	0.000000	-0.000000	13.418829	40.000000
3.405000	35.695549	13.774242	0.000000	-0.000000	13.774242	40.000000
3.302000	35.586766	14.122348	0.000000	-0.000000	14.122348	40.000000
3.200000	35.482901	14.454717	0.000000	-0.000000	14.454717	40.000000
3.103000	35.383115	14.774032	0.000000	-0.000000	14.774032	40.000000
3.002000	35.286699	15.082564	0.000000	-0.000000	15.082564	40.000000
2.899000	35.193931	15.379421	0.000000	-0.000000	15.379421	40.000000
2.802000	35.103088	15.670117	0.000000	-0.000000	15.670117	40.000000
2.701000	35.017405	15.944305	0.000000	-0.000000	15.944305	40.000000
2.601000	34.926978	16.233671	0.000000	-0.000000	16.233671	40.000000
2.505000	34.847057	16.489418	0.000000	-0.000000	16.489418	40.000000
2.403000	34.765031	16.751901	0.000000	-0.000000	16.751901	40.000000
2.302000	34.691777	16.986315	0.000000	-0.000000	16.986315	40.000000
2.202000	34.621811	17.210205	0.000000	-0.000000	17.210205	40.000000
2.100000	34.553646	17.428332	0.000000	-0.000000	17.428332	40.000000
2.000000	34.488238	17.637637	0.000000	-0.000000	17.637637	40.000000
1.902000	34.430709	17.821731	0.000000	-0.000000	17.821731	40.000000
1.804000	34.377785	17.991088	0.000000	-0.000000	17.991088	40.000000
1.705000	34.331641	18.138748	0.000000	-0.000000	18.138748	40.000000
1.602000	34.289334	18.274131	0.000000	-0.000000	18.274131	40.000000
1.499000	34.251178	18.396231	0.000000	-0.000000	18.396231	40.000000
1.401000	34.222201	18.488957	0.000000	-0.000000	18.488957	40.000000
1.301000	34.201373	18.555605	0.000000	-0.000000	18.555605	40.000000
1.205000	34.184273	18.610327	0.000000	-0.000000	18.610327	40.000000
1.102000	34.175693	18.637782	0.000000	-0.000000	18.637782	40.000000
1.002000	34.168793	18.659861	0.000000	0.000000	18.659861	40.000000
0.907000	34.171193	18.652183	0.000000	0.000000	18.652183	40.000000
0.806000	34.176832	18.634139	0.000000	0.000000	18.634139	40.000000
0.705000	34.184999	18.608002	0.000000	0.000000	18.608002	40.000000
0.605000	34.196392	18.571547	0.000000	0.000000	18.571547	40.000000
0.505000	34.209536	18.529486	0.000000	0.000000	18.529486	40.000000
0.401000	34.221656	0.000000	0.000000	0.000000	0.000000	40.000000
0.302000	34.238634	0.000000	0.000000	0.000000	0.000000	40.000000
0.205000	34.252256	0.000000	0.000000	0.000000	0.000000	40.000000
0.101000	34.270560	0.000000	0.000000	0.000000	0.000000	40.000000
