Zeit (s)	Istwert	P	I	D	Regelausgang	Sollwert
73.497000	39.890854	0.392926	0.000000	-0.000000	0.392926	40.000000
73.396000	39.877062	0.442577	0.000000	-0.000000	0.442577	40.000000
73.293000	39.865712	0.483436	0.000000	-0.000000	0.483436	40.000000
73.195000	39.850953	0.536570	0.000000	-0.000000	0.536570	40.000000
73.096000	39.839188	0.578922	0.000000	-0.000000	0.578922	40.000000
72.994000	39.832778	0.602000	0.000000	-0.000000	0.602000	40.000000
72.895000	39.829714	0.613028	0.000000	-0.000000	0.613028	40.000000
72.795000	39.823770	0.634427	0.000000	-0.000000	0.634427	40.000000
72.696000	39.822452	0.639173	0.000000	-0.000000	0.639173	40.000000
72.596000	39.820412	0.646516	0.000000	-0.000000	0.646516	40.000000
72.498000	39.819031	0.651488	0.000000	-0.000000	0.651488	40.000000
72.394000	39.813692	0.670708	0.000000	-0.000000	0.670708	40.000000
72.294000	39.807512	0.692956	0.000000	-0.000000	0.692956	40.000000
72.193000	39.806253	0.697491	0.000000	-0.000000	0.697491	40.000000
72.095000	39.804453	0.703970	0.000000	0.000000	0.703970	40.000000
71.998000	39.807095	0.694458	0.000000	0.000000	0.694458	40.000000
71.896000	39.813028	0.673097	0.000000	0.000000	0.673097	40.000000
71.793000	39.822877	0.637642	0.000000	0.000000	0.637642	40.000000
71.696000	39.826470	0.624709	0.000000	0.000000	0.624709	40.000000
71.596000	39.833728	0.598578	0.000000	0.000000	0.598578	40.000000
71.494000	39.842617	0.566579	0.000000	0.000000	0.566579	40.000000
71.395000	39.850415	0.538504	0.000000	0.000000	0.538504	40.000000
71.301000	39.857491	0.513031	0.000000	0.000000	0.513031	40.000000
71.197000	39.869016	0.471544	0.000000	0.000000	0.471544	40.000000
71.101000	39.876750	0.443700	0.000000	0.000000	0.443700	40.000000
70.997000	39.889113	0.399194	0.000000	0.000000	0.399194	40.000000
70.894000	39.899320	0.362448	0.000000	0.000000	0.362448	40.000000
70.794000	39.912103	0.316430	0.000000	0.000000	0.316430	40.000000
70.693000	39.926017	0.266338	0.000000	0.000000	0.266338	40.000000
70.594000	39.926556	0.264399	0.000000	0.000000	0.264399	40.000000
70.493000	39.934118	0.237174	0.000000	0.000000	0.237174	40.000000
70.398000	39.936694	0.227902	0.000000	0.000000	0.227902	40.000000
70.306000	39.946901	0.191156	0.000000	0.000000	0.191156	40.000000
70.214000	39.952419	0.171293	0.000000	0.000000	0.171293	40.000000
70.098000	39.964961	0.126139	0.000000	0.000000	0.126139	40.000000
69.993000	39.972513	0.098953	0.000000	0.000000	0.098953	40.000000
69.894000	39.980377	0.070643	0.000000	0.000000	0.070643	40.000000
69.797000	39.985059	0.053789	0.000000	0.000000	0.053789	40.000000
69.699000	39.986558	0.048390	0.000000	0.000000	0.048390	40.000000
69.595000	39.986801	0.047517	0.000000	-0.000000	0.047517	40.000000
69.492000	39.984752	0.054893	0.000000	-0.000000	0.054893	40.000000
69.399000	39.982838	0.061785	0.000000	-0.000000	0.061785	40.000000
69.308000	39.979420	0.074089	0.000000	-0.000000	0.074089	40.000000
69.214000	39.975099	0.089643	0.000000	-0.000000	0.089643	40.000000
69.125000	39.970839	0.104980	0.000000	-0.000000	0.104980	40.000000
69.030000	39.964413	0.128112	0.000000	-0.000000	0.128112	40.000000
68.938000	39.958600	0.149040	0.000000	-0.000000	0.149040	40.000000
68.847000	39.950139	0.179500	0.000000	-0.000000	0.179500	40.000000
68.754000	39.942273	0.207819	0.000000	-0.000000	0.207819	40.000000
68.662000	39.937839	0.223780	0.000000	-0.000000	0.223780	40.000000
68.493000	39.926681	0.263948	0.000000	-0.000000	0.263948	40.000000
68.393000	39.919356	0.290318	0.000000	-0.000000	0.290318	40.000000
68.294000	39.909581	0.325510	0.000000	-0.000000	0.325510	40.000000
68.195000	39.901897	0.353171	0.000000	-0.000000	0.353171	40.000000
68.092000	39.890911	0.392720	0.000000	-0.000000	0.392720	40.000000
67.995000	39.876698	0.443887	0.000000	-0.000000	0.443887	40.000000
67.896000	39.867573	0.476736	0.000000	-0.000000	0.476736	40.000000
67.798000	39.861934	0.497036	0.000000	-0.000000	0.497036	40.000000
67.697000	39.856654	0.516045	0.000000	-0.000000	0.516045	40.000000
67.595000	39.853651	0.526857	0.000000	-0.000000	0.526857	40.000000
67.495000	39.849818	0.540654	0.000000	-0.000000	0.540654	40.000000
67.396000	39.842129	0.568335	0.000000	-0.000000	0.568335	40.000000
67.295000	39.838055	0.583001	0.000000	-0.000000	0.583001	40.000000
67.196000	39.837030	0.586691	0.000000	0.000000	0.586691	40.000000
67.095000	39.837454	0.585165	0.000000	-0.000000	0.585165	40.000000
66.996000	39.835292	0.592949	0.000000	-0.000000	0.592949	40.000000
66.897000	39.832351	0.603536	0.000000	-0.000000	0.603536	40.000000
66.795000	39.829410	0.614122	0.000000	0.000000	0.614122	40.000000
66.695000	39.833014	0.601151	0.000000	0.000000	0.601151	40.000000
66.596000	39.837699	0.584282	0.000000	-0.000000	0.584282	40.000000
66.496000	39.837450	0.585180	0.000000	-0.000000	0.585180	40.000000
66.396000	39.836789	0.587560	0.000000	0.000000	0.587560	40.000000
66.301000	39.840215	0.575226	0.000000	0.000000	0.575226	40.000000
66.196000	39.845258	0.557072	0.000000	0.000000	0.557072	40.000000
66.095000	39.848009	0.547167	0.000000	0.000000	0.547167	40.000000
65.998000	39.852934	0.529439	0.000000	0.000000	0.529439	40.000000
65.895000	39.858394	0.509782	0.000000	0.000000	0.509782	40.000000
65.795000	39.864817	0.486661	0.000000	0.000000	0.486661	40.000000
65.695000	39.870327	0.466821	0.000000	0.000000	0.466821	40.000000
65.595000	39.874956	0.450159	0.000000	0.000000	0.450159	40.000000
65.498000	39.880236	0.431150	0.000000	0.000000	0.431150	40.000000
65.397000	39.882934	0.421437	0.000000	0.000000	0.421437	40.000000
65.301000	39.887553	0.404809	0.000000	0.000000	0.404809	40.000000
65.209000	39.894272	0.380621	0.000000	0.000000	0.380621	40.000000
65.100000	39.908257	0.330275	0.000000	0.000000	0.330275	40.000000
64.995000	39.921875	0.281248	0.000000	0.000000	0.281248	40.000000
64.894000	39.937420	0.225287	0.000000	0.000000	0.225287	40.000000
64.797000	39.944616	0.199382	0.000000	0.000000	0.199382	40.000000
64.700000	39.953190	0.168515	0.000000	0.000000	0.168515	40.000000
64.598000	39.961774	0.137614	0.000000	0.000000	0.137614	40.000000
64.493000	39.965737	0.123346	0.000000	0.000000	0.123346	40.000000
64.396000	39.968613	0.112995	0.000000	0.000000	0.112995	40.000000
64.296000	39.972101	0.100436	0.000000	-0.000000	0.100436	40.000000
64.196000	39.970895	0.104779	0.000000	0.000000	0.104779	40.000000
64.097000	39.972218	0.100013	0.000000	-0.000000	0.100013	40.000000
63.996000	39.969576	0.109525	0.000000	0.000000	0.109525	40.000000
63.895000	39.974375	0.092249	0.000000	-0.000000	0.092249	40.000000
63.796000	39.964053	0.129407	0.000000	0.000000	0.129407	40.000000
63.695000	39.964661	0.127219	0.000000	-0.000000	0.127219	40.000000
63.599000	39.959257	0.146674	0.000000	-0.000000	0.146674	40.000000
63.503000	39.953500	0.167401	0.000000	-0.000000	0.167401	40.000000
63.414000	39.950559	0.177988	0.000000	-0.000000	0.177988	40.000000
63.325000	39.943052	0.205011	0.000000	-0.000000	0.205011	40.000000
63.234000	39.935141	0.233493	0.000000	-0.000000	0.233493	40.000000
63.145000	39.929673	0.253179	0.000000	-0.000000	0.253179	40.000000
63.056000	39.923620	0.274966	0.000000	-0.000000	0.274966	40.000000
62.964000	39.919841	0.288572	0.000000	-0.000000	0.288572	40.000000
62.800000	39.912817	0.313858	0.000000	-0.000000	0.313858	40.000000
62.698000	39.906939	0.335021	0.000000	-0.000000	0.335021	40.000000
62.597000	39.899201	0.362875	0.000000	-0.000000	0.362875	40.000000
62.499000	39.887495	0.405020	0.000000	-0.000000	0.405020	40.000000
62.396000	39.882698	0.422287	0.000000	-0.000000	0.422287	40.000000
62.296000	39.874716	0.451023	0.000000	-0.000000	0.451023	40.000000
62.198000	39.863192	0.492511	0.000000	-0.000000	0.492511	40.000000
62.094000	39.854556	0.523599	0.000000	-0.000000	0.523599	40.000000
61.996000	39.854253	0.524688	0.000000	-0.000000	0.524688	40.000000
61.898000	39.848555	0.545204	0.000000	-0.000000	0.545204	40.000000
61.795000	39.841656	0.570039	0.000000	-0.000000	0.570039	40.000000
61.697000	39.835838	0.590982	0.000000	-0.000000	0.590982	40.000000
61.595000	39.829772	0.612822	0.000000	-0.000000	0.612822	40.000000
61.495000	39.823953	0.633770	0.000000	-0.000000	0.633770	40.000000
61.396000	39.823654	0.634845	0.000000	-0.000000	0.634845	40.000000
61.299000	39.822329	0.639615	0.000000	0.000000	0.639615	40.000000
61.195000	39.823480	0.635473	0.000000	-0.000000	0.635473	40.000000
61.096000	39.823356	0.635919	0.000000	-0.000000	0.635919	40.000000
60.996000	39.822093	0.640464	0.000000	0.000000	0.640464	40.000000
60.896000	39.826118	0.625976	0.000000	-0.000000	0.625976	40.000000
60.796000	39.826055	0.626201	0.000000	0.000000	0.626201	40.000000
60.699000	39.831401	0.606957	0.000000	0.000000	0.606957	40.000000
60.597000	39.839610	0.577405	0.000000	0.000000	0.577405	40.000000
60.496000	39.845135	0.557513	0.000000	0.000000	0.557513	40.000000
60.397000	39.854189	0.524918	0.000000	0.000000	0.524918	40.000000
60.297000	39.858395	0.509777	0.000000	0.000000	0.509777	40.000000
60.201000	39.867637	0.476506	0.000000	0.000000	0.476506	40.000000
60.098000	39.876879	0.443234	0.000000	0.000000	0.443234	40.000000
59.999000	39.886777	0.407602	0.000000	0.000000	0.407602	40.000000
59.895000	39.893373	0.383856	0.000000	0.000000	0.383856	40.000000
59.795000	39.907053	0.334609	0.000000	0.000000	0.334609	40.000000
59.694000	39.921642	0.282088	0.000000	0.000000	0.282088	40.000000
59.594000	39.930582	0.249906	0.000000	0.000000	0.249906	40.000000
59.495000	39.937595	0.224658	0.000000	0.000000	0.224658	40.000000
59.398000	39.945697	0.195490	0.000000	0.000000	0.195490	40.000000
59.297000	39.950554	0.178007	0.000000	0.000000	0.178007	40.000000
59.194000	39.955175	0.161369	0.000000	0.000000	0.161369	40.000000
59.095000	39.960214	0.143229	0.000000	0.000000	0.143229	40.000000
58.995000	39.964293	0.128544	0.000000	0.000000	0.128544	40.000000
58.897000	39.969695	0.109098	0.000000	0.000000	0.109098	40.000000
58.799000	39.976179	0.085756	0.000000	0.000000	0.085756	40.000000
58.696000	39.978878	0.076038	0.000000	0.000000	0.076038	40.000000
58.595000	39.982602	0.062634	0.000000	0.000000	0.062634	40.000000
58.498000	39.982898	0.061569	0.000000	0.000000	0.061569	40.000000
58.400000	39.987457	0.045156	0.000000	-0.000000	0.045156	40.000000
58.297000	39.983856	0.058118	0.000000	0.000000	0.058118	40.000000
58.198000	39.985426	0.052465	0.000000	-0.000000	0.052465	40.000000
58.096000	39.978344	0.077962	0.000000	-0.000000	0.077962	40.000000
57.995000	39.973958	0.093751	0.000000	-0.000000	0.093751	40.000000
57.896000	39.968557	0.113196	0.000000	-0.000000	0.113196	40.000000
57.797000	39.959138	0.147101	0.000000	-0.000000	0.147101	40.000000
57.706000	39.954096	0.165256	0.000000	-0.000000	0.165256	40.000000
57.595000	39.942935	0.205433	0.000000	-0.000000	0.205433	40.000000
57.497000	39.931597	0.246249	0.000000	-0.000000	0.246249	40.000000
57.397000	39.919120	0.291168	0.000000	-0.000000	0.291168	40.000000
57.296000	39.911496	0.318613	0.000000	-0.000000	0.318613	40.000000
57.195000	39.894760	0.378865	0.000000	-0.000000	0.378865	40.000000
57.096000	39.884078	0.417320	0.000000	-0.000000	0.417320	40.000000
56.997000	39.877478	0.441079	0.000000	-0.000000	0.441079	40.000000
56.899000	39.866431	0.480849	0.000000	-0.000000	0.480849	40.000000
56.797000	39.859771	0.504825	0.000000	-0.000000	0.504825	40.000000
56.696000	39.852578	0.530720	0.000000	-0.000000	0.530720	40.000000
56.597000	39.840091	0.575673	0.000000	-0.000000	0.575673	40.000000
56.498000	39.827849	0.619742	0.000000	-0.000000	0.619742	40.000000
56.396000	39.817600	0.656642	0.000000	-0.000000	0.656642	40.000000
56.298000	39.814359	0.668308	0.000000	-0.000000	0.668308	40.000000
56.206000	39.812070	0.676548	0.000000	-0.000000	0.676548	40.000000
56.117000	39.811477	0.678684	0.000000	-0.000000	0.678684	40.000000
56.029000	39.810690	0.681515	0.000000	0.000000	0.681515	40.000000
55.942000	39.811766	0.677642	0.000000	0.000000	0.677642	40.000000
55.854000	39.812549	0.674825	0.000000	-0.000000	0.674825	40.000000
55.765000	39.809972	0.684102	0.000000	0.000000	0.684102	40.000000
55.603000	39.815203	0.665270	0.000000	0.000000	0.665270	40.000000
55.513000	39.815615	0.663787	0.000000	0.000000	0.663787	40.000000
55.421000	39.818191	0.654511	0.000000	0.000000	0.654511	40.000000
55.332000	39.822515	0.638948	0.000000	0.000000	0.638948	40.000000
55.246000	39.828151	0.618657	0.000000	0.000000	0.618657	40.000000
55.158000	39.832234	0.603958	0.000000	0.000000	0.603958	40.000000
55.050000	39.839375	0.578250	0.000000	0.000000	0.578250	40.000000
54.961000	39.849034	0.543476	0.000000	0.000000	0.543476	40.000000
54.795000	39.866916	0.479102	0.000000	0.000000	0.479102	40.000000
54.701000	39.878920	0.435887	0.000000	0.000000	0.435887	40.000000
54.601000	39.888518	0.401334	0.000000	0.000000	0.401334	40.000000
54.497000	39.898174	0.366575	0.000000	0.000000	0.366575	40.000000
54.393000	39.907472	0.333102	0.000000	0.000000	0.333102	40.000000
54.299000	39.916118	0.301975	0.000000	0.000000	0.301975	40.000000
54.197000	39.925300	0.268920	0.000000	0.000000	0.268920	40.000000
54.100000	39.939459	0.217949	0.000000	0.000000	0.217949	40.000000
54.007000	39.950319	0.178852	0.000000	0.000000	0.178852	40.000000
53.919000	39.956439	0.156819	0.000000	0.000000	0.156819	40.000000
53.828000	39.966702	0.119872	0.000000	0.000000	0.119872	40.000000
53.740000	39.970960	0.104544	0.000000	0.000000	0.104544	40.000000
53.651000	39.973542	0.095248	0.000000	0.000000	0.095248	40.000000
53.563000	39.979956	0.072160	0.000000	0.000000	0.072160	40.000000
53.395000	39.981999	0.064803	0.000000	0.000000	0.064803	40.000000
53.297000	39.987823	0.043836	0.000000	0.000000	0.043836	40.000000
53.197000	39.989144	0.039080	0.000000	0.000000	0.039080	40.000000
53.098000	39.993222	0.024400	0.000000	0.000000	0.024400	40.000000
52.998000	39.996160	0.013823	0.000000	-0.000000	0.013823	40.000000
52.896000	39.995076	0.017725	0.000000	-0.000000	0.017725	40.000000
52.796000	39.992018	0.028734	0.000000	-0.000000	0.028734	40.000000
52.699000	39.988182	0.042545	0.000000	-0.000000	0.042545	40.000000
52.596000	39.982900	0.061559	0.000000	-0.000000	0.061559	40.000000
52.497000	39.975462	0.088337	0.000000	-0.000000	0.088337	40.000000
52.399000	39.971679	0.101957	0.000000	-0.000000	0.101957	40.000000
52.297000	39.961359	0.139106	0.000000	-0.000000	0.139106	40.000000
52.198000	39.956202	0.157674	0.000000	-0.000000	0.157674	40.000000
52.099000	39.944378	0.200241	0.000000	-0.000000	0.200241	40.000000
51.994000	39.933338	0.239982	0.000000	-0.000000	0.239982	40.000000
51.896000	39.921458	0.282750	0.000000	-0.000000	0.282750	40.000000
51.798000	39.909339	0.326378	0.000000	-0.000000	0.326378	40.000000
51.696000	39.896734	0.371758	0.000000	-0.000000	0.371758	40.000000
51.597000	39.885031	0.413888	0.000000	-0.000000	0.413888	40.000000
51.494000	39.871418	0.462896	0.000000	-0.000000	0.462896	40.000000
51.396000	39.863551	0.491215	0.000000	-0.000000	0.491215	40.000000
51.296000	39.848852	0.544134	0.000000	-0.000000	0.544134	40.000000
51.200000	39.838655	0.580841	0.000000	-0.000000	0.580841	40.000000
51.098000	39.827797	0.619929	0.000000	-0.000000	0.619929	40.000000
50.996000	39.818794	0.652342	0.000000	-0.000000	0.652342	40.000000
50.895000	39.814531	0.667689	0.000000	-0.000000	0.667689	40.000000
50.795000	39.809734	0.684956	0.000000	-0.000000	0.684956	40.000000
50.696000	39.804098	0.705246	0.000000	-0.000000	0.705246	40.000000
50.599000	39.798694	0.724701	0.000000	0.000000	0.724701	40.000000
50.497000	39.801991	0.712833	0.000000	-0.000000	0.712833	40.000000
50.395000	39.801693	0.713903	0.000000	-0.000000	0.713903	40.000000
50.299000	39.800436	0.718429	0.000000	0.000000	0.718429	40.000000
50.208000	39.804032	0.705486	0.000000	0.000000	0.705486	40.000000
50.098000	39.809496	0.685815	0.000000	0.000000	0.685815	40.000000
49.997000	39.820111	0.647600	0.000000	0.000000	0.647600	40.000000
49.896000	39.827134	0.622319	0.000000	0.000000	0.622319	40.000000
49.797000	39.836012	0.590358	0.000000	0.000000	0.590358	40.000000
49.699000	39.846930	0.551054	0.000000	0.000000	0.551054	40.000000
49.597000	39.855878	0.518838	0.000000	0.000000	0.518838	40.000000
49.495000	39.869797	0.468731	0.000000	0.000000	0.468731	40.000000
49.397000	39.881372	0.427062	0.000000	0.000000	0.427062	40.000000
49.296000	39.888034	0.403076	0.000000	0.000000	0.403076	40.000000
49.195000	39.897874	0.367655	0.000000	0.000000	0.367655	40.000000
49.097000	39.913119	0.312773	0.000000	0.000000	0.312773	40.000000
48.999000	39.921400	0.282962	0.000000	0.000000	0.282962	40.000000
48.894000	39.932495	0.243019	0.000000	0.000000	0.243019	40.000000
48.795000	39.940957	0.212555	0.000000	0.000000	0.212555	40.000000
48.698000	39.952353	0.171528	0.000000	0.000000	0.171528	40.000000
48.597000	39.957460	0.153143	0.000000	0.000000	0.153143	40.000000
48.499000	39.962916	0.133501	0.000000	0.000000	0.133501	40.000000
48.398000	39.968015	0.115145	0.000000	0.000000	0.115145	40.000000
48.300000	39.972572	0.098742	0.000000	0.000000	0.098742	40.000000
48.197000	39.975698	0.087488	0.000000	0.000000	0.087488	40.000000
48.097000	39.977857	0.079714	0.000000	0.000000	0.079714	40.000000
47.999000	39.980915	0.068705	0.000000	0.000000	0.068705	40.000000
47.895000	39.983561	0.059179	0.000000	-0.000000	0.059179	40.000000
47.801000	39.981338	0.067183	0.000000	-0.000000	0.067183	40.000000
47.711000	39.980981	0.068470	0.000000	-0.000000	0.068470	40.000000
47.598000	39.979778	0.072798	0.000000	-0.000000	0.072798	40.000000
47.499000	39.979658	0.073230	0.000000	-0.000000	0.073230	40.000000
47.395000	39.975999	0.086403	0.000000	-0.000000	0.086403	40.000000
47.296000	39.967842	0.115769	0.000000	-0.000000	0.115769	40.000000
47.198000	39.958359	0.149909	0.000000	-0.000000	0.149909	40.000000
47.101000	39.950740	0.177335	0.000000	-0.000000	0.177335	40.000000
46.998000	39.944800	0.198720	0.000000	-0.000000	0.198720	40.000000
46.897000	39.935198	0.233287	0.000000	-0.000000	0.233287	40.000000
46.796000	39.928057	0.258995	0.000000	-0.000000	0.258995	40.000000
46.698000	39.923622	0.274962	0.000000	-0.000000	0.274962	40.000000
46.599000	39.914621	0.307365	0.000000	-0.000000	0.307365	40.000000
46.499000	39.900817	0.357058	0.000000	-0.000000	0.357058	40.000000
46.397000	39.887670	0.404386	0.000000	-0.000000	0.404386	40.000000
46.295000	39.877955	0.439361	0.000000	-0.000000	0.439361	40.000000
46.198000	39.871057	0.464196	0.000000	-0.000000	0.464196	40.000000
46.098000	39.859050	0.507421	0.000000	-0.000000	0.507421	40.000000
45.994000	39.852510	0.530965	0.000000	-0.000000	0.530965	40.000000
45.896000	39.843516	0.563344	0.000000	-0.000000	0.563344	40.000000
45.795000	39.830732	0.609367	0.000000	-0.000000	0.609367	40.000000
45.697000	39.824367	0.632277	0.000000	-0.000000	0.632277	40.000000
45.598000	39.813512	0.671355	0.000000	-0.000000	0.671355	40.000000
45.497000	39.807875	0.691650	0.000000	-0.000000	0.691650	40.000000
45.395000	39.806074	0.698134	0.000000	-0.000000	0.698134	40.000000
45.298000	39.804393	0.704185	0.000000	-0.000000	0.704185	40.000000
45.202000	39.803848	0.706148	0.000000	-0.000000	0.706148	40.000000
45.099000	39.799771	0.720824	0.000000	0.000000	0.720824	40.000000
44.998000	39.799948	0.720185	0.000000	0.000000	0.720185	40.000000
44.900000	39.802055	0.712603	0.000000	0.000000	0.712603	40.000000
44.798000	39.807039	0.694659	0.000000	0.000000	0.694659	40.000000
44.698000	39.813447	0.671591	0.000000	0.000000	0.671591	40.000000
44.599000	39.817831	0.655807	0.000000	0.000000	0.655807	40.000000
44.496000	39.827552	0.620812	0.000000	0.000000	0.620812	40.000000
44.396000	39.832474	0.603094	0.000000	0.000000	0.603094	40.000000
44.299000	39.840749	0.573302	0.000000	0.000000	0.573302	40.000000
44.196000	39.847413	0.549312	0.000000	0.000000	0.549312	40.000000
44.099000	39.848854	0.544124	0.000000	0.000000	0.544124	40.000000
43.997000	39.856172	0.517782	0.000000	0.000000	0.517782	40.000000
43.895000	39.861216	0.499623	0.000000	0.000000	0.499623	40.000000
43.798000	39.872615	0.458586	0.000000	0.000000	0.458586	40.000000
43.700000	39.884916	0.414301	0.000000	0.000000	0.414301	40.000000
43.598000	39.893441	0.383611	0.000000	0.000000	0.383611	40.000000
43.496000	39.901654	0.354045	0.000000	0.000000	0.354045	40.000000
43.398000	39.914316	0.308463	0.000000	0.000000	0.308463	40.000000
43.300000	39.922777	0.278004	0.000000	0.000000	0.278004	40.000000
43.199000	39.931957	0.244953	0.000000	0.000000	0.244953	40.000000
43.096000	39.944383	0.200222	0.000000	0.000000	0.200222	40.000000
42.997000	39.952714	0.170228	0.000000	0.000000	0.170228	40.000000
42.898000	39.959560	0.145585	0.000000	0.000000	0.145585	40.000000
42.797000	39.964181	0.128947	0.000000	0.000000	0.128947	40.000000
42.703000	39.967118	0.118374	0.000000	0.000000	0.118374	40.000000
42.594000	39.974257	0.092676	0.000000	0.000000	0.092676	40.000000
42.498000	39.977855	0.079723	0.000000	0.000000	0.079723	40.000000
42.398000	39.981287	0.067366	0.000000	0.000000	0.067366	40.000000
42.297000	39.983023	0.061117	0.000000	0.000000	0.061117	40.000000
42.204000	39.984993	0.054025	0.000000	0.000000	0.054025	40.000000
42.101000	39.986564	0.048371	0.000000	-0.000000	0.048371	40.000000
41.996000	39.983500	0.059399	0.000000	-0.000000	0.059399	40.000000
41.897000	39.978163	0.078615	0.000000	0.000000	0.078615	40.000000
41.799000	39.978221	0.078404	0.000000	-0.000000	0.078404	40.000000
41.699000	39.976902	0.083155	0.000000	-0.000000	0.083155	40.000000
41.598000	39.975281	0.088990	0.000000	-0.000000	0.088990	40.000000
41.498000	39.970596	0.105854	0.000000	-0.000000	0.105854	40.000000
41.398000	39.965740	0.123337	0.000000	-0.000000	0.123337	40.000000
41.296000	39.961358	0.139111	0.000000	-0.000000	0.139111	40.000000
41.199000	39.951763	0.173654	0.000000	-0.000000	0.173654	40.000000
41.096000	39.944195	0.200898	0.000000	-0.000000	0.200898	40.000000
40.996000	39.934058	0.237390	0.000000	-0.000000	0.237390	40.000000
40.902000	39.918456	0.293558	0.000000	-0.000000	0.293558	40.000000
40.799000	39.907297	0.333730	0.000000	-0.000000	0.333730	40.000000
40.695000	39.897153	0.370251	0.000000	-0.000000	0.370251	40.000000
40.598000	39.884618	0.415376	0.000000	-0.000000	0.415376	40.000000
40.500000	39.875680	0.447553	0.000000	-0.000000	0.447553	40.000000
40.396000	39.861457	0.498754	0.000000	-0.000000	0.498754	40.000000
40.297000	39.849632	0.541326	0.000000	-0.000000	0.541326	40.000000
40.211000	39.843700	0.562682	0.000000	-0.000000	0.562682	40.000000
40.097000	39.834211	0.596841	0.000000	-0.000000	0.596841	40.000000
39.999000	39.825634	0.627718	0.000000	-0.000000	0.627718	40.000000
39.901000	39.814596	0.667454	0.000000	-0.000000	0.667454	40.000000
39.796000	39.806728	0.695778	0.000000	-0.000000	0.695778	40.000000
39.697000	39.805717	0.699420	0.000000	-0.000000	0.699420	40.000000
39.596000	39.802653	0.710448	0.000000	-0.000000	0.710448	40.000000
39.495000	39.800068	0.719753	0.000000	0.000000	0.719753	40.000000
39.397000	39.803257	0.708274	0.000000	-0.000000	0.708274	40.000000
39.300000	39.803131	0.708730	0.000000	-0.000000	0.708730	40.000000
39.195000	39.801637	0.714105	0.000000	-0.000000	0.714105	40.000000
39.096000	39.797248	0.729908	0.000000	0.000000	0.729908	40.000000
38.998000	39.798213	0.726434	0.000000	0.000000	0.726434	40.000000
38.897000	39.802956	0.709359	0.000000	0.000000	0.709359	40.000000
38.798000	39.812551	0.674816	0.000000	0.000000	0.674816	40.000000
38.698000	39.820587	0.645887	0.000000	0.000000	0.645887	40.000000
38.600000	39.828992	0.615629	0.000000	0.000000	0.615629	40.000000
38.497000	39.831693	0.605906	0.000000	0.000000	0.605906	40.000000
38.397000	39.837813	0.583874	0.000000	0.000000	0.583874	40.000000
38.301000	39.848253	0.546288	0.000000	0.000000	0.546288	40.000000
38.203000	39.857617	0.512580	0.000000	0.000000	0.512580	40.000000
38.097000	39.868172	0.474581	0.000000	0.000000	0.474581	40.000000
38.000000	39.876277	0.445403	0.000000	0.000000	0.445403	40.000000
37.900000	39.886355	0.409123	0.000000	0.000000	0.409123	40.000000
37.799000	39.899315	0.362467	0.000000	0.000000	0.362467	40.000000
37.697000	39.908614	0.328989	0.000000	0.000000	0.328989	40.000000
37.610000	39.921464	0.282731	0.000000	0.000000	0.282731	40.000000
37.524000	39.936335	0.229193	0.000000	0.000000	0.229193	40.000000
37.435000	39.946954	0.190964	0.000000	0.000000	0.190964	40.000000
37.349000	39.954757	0.162876	0.000000	0.000000	0.162876	40.000000
37.262000	39.959921	0.144284	0.000000	0.000000	0.144284	40.000000
37.098000	39.972217	0.100018	0.000000	0.000000	0.100018	40.000000
36.997000	39.977853	0.079728	0.000000	0.000000	0.079728	40.000000
36.898000	39.980733	0.069362	0.000000	0.000000	0.069362	40.000000
36.796000	39.984817	0.054658	0.000000	0.000000	0.054658	40.000000
36.696000	39.987522	0.044921	0.000000	0.000000	0.044921	40.000000
36.598000	39.992145	0.028278	0.000000	-0.000000	0.028278	40.000000
36.501000	39.990699	0.033485	0.000000	0.000000	0.033485	40.000000
36.401000	39.992924	0.025475	0.000000	0.000000	0.025475	40.000000
36.296000	39.994355	0.020321	0.000000	0.000000	0.020321	40.000000
36.204000	39.996757	0.011673	0.000000	0.000000	0.011673	40.000000
36.098000	39.997597	0.008650	0.000000	-0.000000	0.008650	40.000000
35.996000	39.988539	0.041259	0.000000	-0.000000	0.041259	40.000000
35.898000	39.980979	0.068474	0.000000	-0.000000	0.068474	40.000000
35.800000	39.977977	0.079282	0.000000	-0.000000	0.079282	40.000000
35.697000	39.969763	0.108853	0.000000	-0.000000	0.108853	40.000000
35.597000	39.955477	0.160284	0.000000	-0.000000	0.160284	40.000000
35.497000	39.950620	0.177767	0.000000	-0.000000	0.177767	40.000000
35.398000	39.942581	0.206710	0.000000	-0.000000	0.206710	40.000000
35.297000	39.934894	0.234381	0.000000	-0.000000	0.234381	40.000000
35.201000	39.927154	0.262244	0.000000	-0.000000	0.262244	40.000000
35.101000	39.920377	0.286642	0.000000	-0.000000	0.286642	40.000000
35.017000	39.913956	0.309759	0.000000	-0.000000	0.309759	40.000000
34.931000	39.900393	0.358584	0.000000	-0.000000	0.358584	40.000000
34.847000	39.889177	0.398963	0.000000	-0.000000	0.398963	40.000000
34.764000	39.876454	0.444765	0.000000	-0.000000	0.444765	40.000000
34.602000	39.853354	0.527927	0.000000	-0.000000	0.527927	40.000000
34.496000	39.840575	0.573931	0.000000	-0.000000	0.573931	40.000000
34.397000	39.829112	0.615197	0.000000	-0.000000	0.615197	40.000000
34.298000	39.816155	0.661844	0.000000	-0.000000	0.661844	40.000000
34.199000	39.802107	0.712416	0.000000	-0.000000	0.712416	40.000000
34.097000	39.798032	0.727086	0.000000	-0.000000	0.727086	40.000000
34.000000	39.790053	0.755808	0.000000	-0.000000	0.755808	40.000000
33.897000	39.784894	0.774381	0.000000	-0.000000	0.774381	40.000000
33.796000	39.781171	0.787784	0.000000	-0.000000	0.787784	40.000000
33.698000	39.780270	0.791028	0.000000	-0.000000	0.791028	40.000000
33.601000	39.776671	0.803986	0.000000	0.000000	0.803986	40.000000
33.499000	39.778289	0.798160	0.000000	0.000000	0.798160	40.000000
33.396000	39.779607	0.793414	0.000000	0.000000	0.793414	40.000000
33.296000	39.782727	0.782184	0.000000	0.000000	0.782184	40.000000
33.198000	39.788128	0.762738	0.000000	0.000000	0.762738	40.000000
33.097000	39.796293	0.733344	0.000000	0.000000	0.733344	40.000000
32.999000	39.802355	0.711523	0.000000	0.000000	0.711523	40.000000
32.897000	39.815557	0.663994	0.000000	0.000000	0.663994	40.000000
32.798000	39.822817	0.637858	0.000000	0.000000	0.637858	40.000000
32.697000	39.834577	0.595521	0.000000	0.000000	0.595521	40.000000
32.596000	39.848790	0.544354	0.000000	0.000000	0.544354	40.000000
32.497000	39.864878	0.486440	0.000000	0.000000	0.486440	40.000000
32.399000	39.879151	0.435057	0.000000	0.000000	0.435057	40.000000
32.296000	39.890982	0.392465	0.000000	0.000000	0.392465	40.000000
32.204000	39.904292	0.344547	0.000000	0.000000	0.344547	40.000000
32.098000	39.918279	0.294196	0.000000	0.000000	0.294196	40.000000
31.995000	39.929976	0.252085	0.000000	0.000000	0.252085	40.000000
31.896000	39.945456	0.196358	0.000000	0.000000	0.196358	40.000000
31.800000	39.956798	0.155528	0.000000	0.000000	0.155528	40.000000
31.698000	39.964540	0.127656	0.000000	0.000000	0.127656	40.000000
31.596000	39.972513	0.098953	0.000000	0.000000	0.098953	40.000000
31.498000	39.981940	0.065014	0.000000	0.000000	0.065014	40.000000
31.400000	39.991539	0.030461	0.000000	0.000000	0.030461	40.000000
31.295000	39.998801	0.004316	0.000000	0.000000	0.004316	40.000000
31.201000	40.004392	-0.015812	0.000000	0.000000	-0.015812	40.000000
31.100000	40.010961	-0.039458	0.000000	0.000000	-0.039458	40.000000
30.998000	40.017695	-0.063701	0.000000	0.000000	-0.063701	40.000000
30.900000	40.023952	-0.086225	0.000000	0.000000	-0.086225	40.000000
30.798000	40.028108	-0.101187	0.000000	-0.000000	-0.101187	40.000000
30.696000	40.027867	-0.100321	0.000000	0.000000	-0.100321	40.000000
30.599000	40.027927	-0.100537	0.000000	-0.000000	-0.100537	40.000000
30.499000	40.027812	-0.100123	0.000000	-0.000000	-0.100123	40.000000
30.400000	40.023837	-0.085811	0.000000	-0.000000	-0.085811	40.000000
30.298000	40.019023	-0.068481	0.000000	-0.000000	-0.068481	40.000000
30.203000	40.011557	-0.041605	0.000000	-0.000000	-0.041605	40.000000
30.097000	40.006862	-0.024703	0.000000	-0.000000	-0.024703	40.000000
29.999000	39.993338	0.023983	0.000000	-0.000000	0.023983	40.000000
29.902000	39.983739	0.058540	0.000000	-0.000000	0.058540	40.000000
29.797000	39.971625	0.102149	0.000000	-0.000000	0.102149	40.000000
29.697000	39.956263	0.157453	0.000000	-0.000000	0.157453	40.000000
29.601000	39.943903	0.201949	0.000000	-0.000000	0.201949	40.000000
29.501000	39.928295	0.258136	0.000000	-0.000000	0.258136	40.000000
29.397000	39.910053	0.323811	0.000000	-0.000000	0.323811	40.000000
29.297000	39.893979	0.381677	0.000000	-0.000000	0.381677	40.000000
29.201000	39.879699	0.433084	0.000000	-0.000000	0.433084	40.000000
29.098000	39.858452	0.509571	0.000000	-0.000000	0.509571	40.000000
28.998000	39.843450	0.563579	0.000000	-0.000000	0.563579	40.000000
28.900000	39.830430	0.610451	0.000000	-0.000000	0.610451	40.000000
28.797000	39.818369	0.653873	0.000000	-0.000000	0.653873	40.000000
28.698000	39.806194	0.697702	0.000000	-0.000000	0.697702	40.000000
28.599000	39.798334	0.725997	0.000000	-0.000000	0.725997	40.000000
28.501000	39.789444	0.758002	0.000000	-0.000000	0.758002	40.000000
28.396000	39.778288	0.798165	0.000000	-0.000000	0.798165	40.000000
28.297000	39.768331	0.834008	0.000000	-0.000000	0.834008	40.000000
28.198000	39.756091	0.878073	0.000000	-0.000000	0.878073	40.000000
28.101000	39.750991	0.896434	0.000000	-0.000000	0.896434	40.000000
28.001000	39.747810	0.907884	0.000000	0.000000	0.907884	40.000000
27.897000	39.749668	0.901195	0.000000	0.000000	0.901195	40.000000
27.797000	39.757591	0.872674	0.000000	0.000000	0.872674	40.000000
27.699000	39.768568	0.833154	0.000000	0.000000	0.833154	40.000000
27.602000	39.772771	0.818023	0.000000	0.000000	0.818023	40.000000
27.498000	39.780570	0.789949	0.000000	0.000000	0.789949	40.000000
27.399000	39.796773	0.731617	0.000000	0.000000	0.731617	40.000000
27.301000	39.815133	0.665520	0.000000	0.000000	0.665520	40.000000
27.199000	39.831455	0.606761	0.000000	0.000000	0.606761	40.000000
27.101000	39.845796	0.555133	0.000000	0.000000	0.555133	40.000000
27.000000	39.864635	0.487313	0.000000	0.000000	0.487313	40.000000
26.896000	39.882277	0.423803	0.000000	0.000000	0.423803	40.000000
26.797000	39.903217	0.348420	0.000000	0.000000	0.348420	40.000000
26.701000	39.920200	0.287281	0.000000	0.000000	0.287281	40.000000
26.601000	39.940657	0.213635	0.000000	0.000000	0.213635	40.000000
26.496000	39.964659	0.127229	0.000000	0.000000	0.127229	40.000000
26.398000	39.974801	0.090718	0.000000	0.000000	0.090718	40.000000
26.299000	39.994301	0.020518	0.000000	0.000000	0.020518	40.000000
26.203000	40.004633	-0.016678	0.000000	0.000000	-0.016678	40.000000
26.100000	40.018482	-0.066536	0.000000	0.000000	-0.066536	40.000000
25.999000	40.023358	-0.084088	0.000000	0.000000	-0.084088	40.000000
25.897000	40.034011	-0.122441	0.000000	0.000000	-0.122441	40.000000
25.799000	40.039606	-0.142582	0.000000	0.000000	-0.142582	40.000000
25.699000	40.044716	-0.160976	0.000000	0.000000	-0.160976	40.000000
25.600000	40.062414	-0.224689	0.000000	0.000000	-0.224689	40.000000
25.499000	40.078609	-0.282991	0.000000	0.000000	-0.282991	40.000000
25.400000	40.092453	-0.332830	0.000000	0.000000	-0.332830	40.000000
25.297000	40.103942	-0.374191	0.000000	0.000000	-0.374191	40.000000
25.198000	40.120804	-0.434895	0.000000	0.000000	-0.434895	40.000000
25.098000	40.133076	-0.479073	0.000000	0.000000	-0.479073	40.000000
24.999000	40.135972	-0.489500	0.000000	0.000000	-0.489500	40.000000
24.915000	40.137954	-0.496634	0.000000	-0.000000	-0.496634	40.000000
24.834000	40.132112	-0.475602	0.000000	-0.000000	-0.475602	40.000000
24.752000	40.129168	-0.465006	0.000000	-0.000000	-0.465006	40.000000
24.668000	40.126277	-0.454599	0.000000	-0.000000	-0.454599	40.000000
24.497000	40.112972	-0.406700	0.000000	-0.000000	-0.406700	40.000000
24.396000	40.105337	-0.379212	0.000000	-0.000000	-0.379212	40.000000
24.298000	40.093773	-0.337581	0.000000	-0.000000	-0.337581	40.000000
24.204000	40.079027	-0.284498	0.000000	-0.000000	-0.284498	40.000000
24.096000	40.066329	-0.238784	0.000000	-0.000000	-0.238784	40.000000
23.998000	40.051101	-0.183963	0.000000	-0.000000	-0.183963	40.000000
23.898000	40.034363	-0.123707	0.000000	-0.000000	-0.123707	40.000000
23.798000	40.011614	-0.041812	0.000000	-0.000000	-0.041812	40.000000
23.699000	39.990100	0.035639	0.000000	-0.000000	0.035639	40.000000
23.599000	39.967959	0.115346	0.000000	-0.000000	0.115346	40.000000
23.498000	39.947378	0.189438	0.000000	-0.000000	0.189438	40.000000
23.398000	39.921276	0.283408	0.000000	-0.000000	0.283408	40.000000
23.298000	39.897575	0.368730	0.000000	-0.000000	0.368730	40.000000
23.201000	39.873752	0.454493	0.000000	-0.000000	0.454493	40.000000
23.097000	39.847953	0.547368	0.000000	-0.000000	0.547368	40.000000
23.001000	39.825143	0.629484	0.000000	-0.000000	0.629484	40.000000
22.901000	39.798813	0.724274	0.000000	-0.000000	0.724274	40.000000
22.798000	39.775290	0.808958	0.000000	-0.000000	0.808958	40.000000
22.699000	39.757952	0.871374	0.000000	-0.000000	0.871374	40.000000
22.598000	39.742598	0.926649	0.000000	-0.000000	0.926649	40.000000
22.497000	39.729264	0.974648	0.000000	-0.000000	0.974648	40.000000
22.399000	39.716188	1.021722	0.000000	-0.000000	1.021722	40.000000
22.299000	39.710190	1.043317	0.000000	-0.000000	1.043317	40.000000
22.199000	39.703707	1.066655	0.000000	-0.000000	1.066655	40.000000
22.099000	39.694349	1.100344	0.000000	-0.000000	1.100344	40.000000
22.001000	39.693150	1.104659	0.000000	0.000000	1.104659	40.000000
21.899000	39.694702	1.099072	0.000000	0.000000	1.099072	40.000000
21.797000	39.694829	1.098617	0.000000	0.000000	1.098617	40.000000
21.699000	39.697711	1.088241	0.000000	0.000000	1.088241	40.000000
21.595000	39.703532	1.067284	0.000000	0.000000	1.067284	40.000000
21.496000	39.711448	1.038787	0.000000	0.000000	1.038787	40.000000
21.400000	39.719665	1.009206	0.000000	0.000000	1.009206	40.000000
21.301000	39.732873	0.961657	0.000000	0.000000	0.961657	40.000000
21.200000	39.744573	0.919536	0.000000	0.000000	0.919536	40.000000
21.103000	39.759387	0.866205	0.000000	0.000000	0.866205	40.000000
20.999000	39.780454	0.790366	0.000000	0.000000	0.790366	40.000000
20.898000	39.801511	0.714561	0.000000	0.000000	0.714561	40.000000
20.801000	39.821195	0.643699	0.000000	0.000000	0.643699	40.000000
20.699000	39.845378	0.556640	0.000000	0.000000	0.556640	40.000000
20.598000	39.867340	0.477576	0.000000	0.000000	0.477576	40.000000
20.498000	39.893797	0.382330	0.000000	0.000000	0.382330	40.000000
20.398000	39.918518	0.293337	0.000000	0.000000	0.293337	40.000000
20.299000	39.940113	0.215593	0.000000	0.000000	0.215593	40.000000
20.203000	39.971744	0.101722	0.000000	0.000000	0.101722	40.000000
20.100000	39.997717	0.008218	0.000000	0.000000	0.008218	40.000000
19.997000	40.026725	-0.096210	0.000000	0.000000	-0.096210	40.000000
19.898000	40.058928	-0.212139	0.000000	0.000000	-0.212139	40.000000
19.801000	40.078126	-0.281253	0.000000	0.000000	-0.281253	40.000000
19.695000	40.100393	-0.361415	0.000000	0.000000	-0.361415	40.000000
19.597000	40.130912	-0.471284	0.000000	0.000000	-0.471284	40.000000
19.501000	40.156427	-0.563139	0.000000	0.000000	-0.563139	40.000000
19.398000	40.180993	-0.651576	0.000000	0.000000	-0.651576	40.000000
19.300000	40.207895	-0.748423	0.000000	0.000000	-0.748423	40.000000
19.199000	40.230585	-0.830106	0.000000	0.000000	-0.830106	40.000000
19.097000	40.257242	-0.926072	0.000000	0.000000	-0.926072	40.000000
18.997000	40.278672	-1.003220	0.000000	0.000000	-1.003220	40.000000
18.901000	40.303474	-1.092505	0.000000	0.000000	-1.092505	40.000000
18.800000	40.327373	-1.178544	0.000000	0.000000	-1.178544	40.000000
18.698000	40.355598	-1.280152	0.000000	0.000000	-1.280152	40.000000
18.598000	40.383647	-1.381130	0.000000	0.000000	-1.381130	40.000000
18.499000	40.414700	-1.492919	0.000000	0.000000	-1.492919	40.000000
18.397000	40.446368	-1.606923	0.000000	0.000000	-1.606923	40.000000
18.299000	40.472124	-1.699645	0.000000	0.000000	-1.699645	40.000000
18.197000	40.495896	-1.785227	0.000000	0.000000	-1.785227	40.000000
18.098000	40.518235	-1.865644	0.000000	0.000000	-1.865644	40.000000
17.998000	40.541641	-1.949908	0.000000	0.000000	-1.949908	40.000000
17.900000	40.570172	-2.052618	0.000000	0.000000	-2.052618	40.000000
17.798000	40.595629	-2.144266	0.000000	0.000000	-2.144266	40.000000
17.699000	40.621570	-2.237652	0.000000	0.000000	-2.237652	40.000000
17.599000	40.652147	-2.347728	0.000000	0.000000	-2.347728	40.000000
17.498000	40.682001	-2.455204	0.000000	0.000000	-2.455204	40.000000
17.400000	40.707288	-2.546236	0.000000	0.000000	-2.546236	40.000000
17.299000	40.734789	-2.645239	0.000000	0.000000	-2.645239	40.000000
17.197000	40.758925	-2.732131	0.000000	0.000000	-2.732131	40.000000
17.105000	40.785349	-2.827255	0.000000	0.000000	-2.827255	40.000000
17.001000	40.812848	-2.926254	0.000000	0.000000	-2.926254	40.000000
16.899000	40.837834	-3.016202	0.000000	0.000000	-3.016202	40.000000
16.797000	40.865037	-3.114133	0.000000	0.000000	-3.114133	40.000000
16.700000	40.892720	-3.213791	0.000000	0.000000	-3.213791	40.000000
16.601000	40.920590	-3.314123	0.000000	0.000000	-3.314123	40.000000
16.497000	40.945752	-3.404707	0.000000	0.000000	-3.404707	40.000000
16.400000	40.969284	-3.489423	0.000000	0.000000	-3.489423	40.000000
16.297000	40.988365	-3.558114	0.000000	0.000000	-3.558114	40.000000
16.201000	41.013823	-3.649762	0.000000	0.000000	-3.649762	40.000000
16.099000	41.041151	-3.748144	0.000000	0.000000	-3.748144	40.000000
15.999000	41.069503	-3.850210	0.000000	0.000000	-3.850210	40.000000
15.898000	41.096820	-3.948554	0.000000	0.000000	-3.948554	40.000000
15.797000	41.123372	-4.044140	0.000000	0.000000	-4.044140	40.000000
15.697000	41.149186	-4.137068	0.000000	0.000000	-4.137068	40.000000
15.598000	41.170260	-4.212936	0.000000	0.000000	-4.212936	40.000000
15.498000	41.192765	-4.293955	0.000000	0.000000	-4.293955	40.000000
15.400000	41.214259	-4.371334	0.000000	0.000000	-4.371334	40.000000
15.300000	41.233519	-4.440669	0.000000	0.000000	-4.440669	40.000000
15.196000	41.255908	-4.521269	0.000000	0.000000	-4.521269	40.000000
15.099000	41.276856	-4.596680	0.000000	0.000000	-4.596680	40.000000
15.000000	41.302067	-4.687442	0.000000	0.000000	-4.687442	40.000000
14.895000	41.329452	-4.786027	0.000000	0.000000	-4.786027	40.000000
14.798000	41.355276	-4.878994	0.000000	0.000000	-4.878994	40.000000
14.700000	41.381039	-4.971740	0.000000	0.000000	-4.971740	40.000000
14.597000	41.404396	-5.055825	0.000000	0.000000	-5.055825	40.000000
14.498000	41.426543	-5.135553	0.000000	0.000000	-5.135553	40.000000
14.396000	41.449235	-5.217246	0.000000	0.000000	-5.217246	40.000000
14.299000	41.476499	-5.315398	0.000000	0.000000	-5.315398	40.000000
14.205000	41.497986	-5.392748	0.000000	0.000000	-5.392748	40.000000
14.102000	41.521698	-5.478114	0.000000	0.000000	-5.478114	40.000000
13.999000	41.537531	-5.535111	0.000000	0.000000	-5.535111	40.000000
13.900000	41.553663	-5.593187	0.000000	0.000000	-5.593187	40.000000
13.801000	41.575152	-5.670547	0.000000	0.000000	-5.670547	40.000000
13.700000	41.602233	-5.768039	0.000000	0.000000	-5.768039	40.000000
13.598000	41.629735	-5.867048	0.000000	0.000000	-5.867048	40.000000
13.503000	41.648392	-5.934212	0.000000	0.000000	-5.934212	40.000000
13.399000	41.669638	-6.010696	0.000000	0.000000	-6.010696	40.000000
13.300000	41.689987	-6.083955	0.000000	0.000000	-6.083955	40.000000
13.203000	41.709130	-6.152866	0.000000	0.000000	-6.152866	40.000000
13.100000	41.728272	-6.221778	0.000000	0.000000	-6.221778	40.000000
13.000000	41.751260	-6.304535	0.000000	0.000000	-6.304535	40.000000
12.901000	41.769920	-6.371713	0.000000	0.000000	-6.371713	40.000000
12.803000	41.787974	-6.436706	0.000000	0.000000	-6.436706	40.000000
12.697000	41.806518	-6.503466	0.000000	0.000000	-6.503466	40.000000
12.599000	41.826195	-6.574304	0.000000	0.000000	-6.574304	40.000000
12.500000	41.839018	-6.620464	0.000000	0.000000	-6.620464	40.000000
12.398000	41.855930	-6.681347	0.000000	0.000000	-6.681347	40.000000
12.298000	41.876393	-6.755014	0.000000	0.000000	-6.755014	40.000000
12.204000	41.886683	-6.792058	0.000000	0.000000	-6.792058	40.000000
12.099000	41.900410	-6.841478	0.000000	0.000000	-6.841478	40.000000
11.999000	41.912869	-6.886329	0.000000	0.000000	-6.886329	40.000000
11.901000	41.927140	-6.937704	0.000000	0.000000	-6.937704	40.000000
11.801000	41.933572	-6.960859	0.000000	0.000000	-6.960859	40.000000
11.722000	41.943265	-6.995755	0.000000	0.000000	-6.995755	40.000000
11.643000	41.949584	-7.018501	0.000000	0.000000	-7.018501	40.000000
11.565000	41.959399	-7.053836	0.000000	0.000000	-7.053836	40.000000
11.399000	41.972883	-7.102379	0.000000	0.000000	-7.102379	40.000000
11.300000	41.981241	-7.132467	0.000000	0.000000	-7.132467	40.000000
11.197000	41.985632	-7.148276	0.000000	0.000000	-7.148276	40.000000
11.099000	41.990390	-7.165404	0.000000	0.000000	-7.165404	40.000000
10.998000	41.997248	-7.190094	0.000000	0.000000	-7.190094	40.000000
10.901000	42.003513	-7.212648	0.000000	-0.000000	-7.212648	40.000000
10.798000	42.002492	-7.208970	0.000000	0.000000	-7.208970	40.000000
10.707000	42.003269	-7.211767	0.000000	-0.000000	-7.211767	40.000000
10.605000	42.002250	-7.208099	0.000000	-0.000000	-7.208099	40.000000
10.498000	41.999721	-7.198995	0.000000	-0.000000	-7.198995	40.000000
10.401000	41.991236	-7.168451	0.000000	-0.000000	-7.168451	40.000000
10.298000	41.984614	-7.144612	0.000000	-0.000000	-7.144612	40.000000
10.197000	41.978717	-7.123383	0.000000	-0.000000	-7.123383	40.000000
10.105000	41.971250	-7.096502	0.000000	-0.000000	-7.096502	40.000000
10.002000	41.958309	-7.049912	0.000000	-0.000000	-7.049912	40.000000
9.897000	41.946028	-7.005701	0.000000	-0.000000	-7.005701	40.000000
9.798000	41.930749	-6.950697	0.000000	-0.000000	-6.950697	40.000000
9.698000	41.916056	-6.897801	0.000000	-0.000000	-6.897801	40.000000
9.598000	41.899743	-6.839076	0.000000	-0.000000	-6.839076	40.000000
9.499000	41.881267	-6.772561	0.000000	-0.000000	-6.772561	40.000000
9.400000	41.857495	-6.686984	0.000000	-0.000000	-6.686984	40.000000
9.298000	41.833668	-6.601204	0.000000	-0.000000	-6.601204	40.000000
9.199000	41.805430	-6.499548	0.000000	-0.000000	-6.499548	40.000000
9.099000	41.776842	-6.396630	0.000000	-0.000000	-6.396630	40.000000
8.999000	41.745543	-6.283955	0.000000	-0.000000	-6.283955	40.000000
8.898000	41.706062	-6.141823	0.000000	-0.000000	-6.141823	40.000000
8.801000	41.662722	-5.985798	0.000000	-0.000000	-5.985798	40.000000
8.701000	41.615593	-5.816135	0.000000	-0.000000	-5.816135	40.000000
8.599000	41.564314	-5.631530	0.000000	-0.000000	-5.631530	40.000000
8.501000	41.509851	-5.435463	0.000000	-0.000000	-5.435463	40.000000
8.400000	41.454889	-5.237600	0.000000	-0.000000	-5.237600	40.000000
8.298000	41.391211	-5.008359	0.000000	-0.000000	-5.008359	40.000000
8.205000	41.330479	-4.789724	0.000000	-0.000000	-4.789724	40.000000
8.103000	41.262886	-4.546389	0.000000	-0.000000	-4.546389	40.000000
7.999000	41.189458	-4.282050	0.000000	-0.000000	-4.282050	40.000000
7.899000	41.104286	-3.975430	0.000000	-0.000000	-3.975430	40.000000
7.798000	41.015027	-3.654099	0.000000	-0.000000	-3.654099	40.000000
7.711000	40.938835	-3.379805	0.000000	-0.000000	-3.379805	40.000000
7.610000	40.837656	-3.015562	0.000000	-0.000000	-3.015562	40.000000
7.502000	40.719323	-2.589561	0.000000	-0.000000	-2.589561	40.000000
7.399000	40.605384	-2.179384	0.000000	-0.000000	-2.179384	40.000000
7.298000	40.486261	-1.750538	0.000000	-0.000000	-1.750538	40.000000
7.203000	40.367633	-1.323478	0.000000	-0.000000	-1.323478	40.000000
7.098000	40.234619	-0.844630	0.000000	-0.000000	-0.844630	40.000000
7.001000	40.104549	-0.376377	0.000000	-0.000000	-0.376377	40.000000
6.900000	39.958423	0.149678	0.000000	-0.000000	0.149678	40.000000
6.797000	39.821127	0.643943	0.000000	-0.000000	0.643943	40.000000
6.699000	39.680008	1.151972	0.000000	-0.000000	1.151972	40.000000
6.606000	39.551005	1.616382	0.000000	-0.000000	1.616382	40.000000
6.503000	39.418100	2.094839	0.000000	-0.000000	2.094839	40.000000
6.398000	39.280871	2.588864	0.000000	-0.000000	2.588864	40.000000
6.299000	39.151504	3.054585	0.000000	-0.000000	3.054585	40.000000
6.199000	39.023276	3.516207	0.000000	-0.000000	3.516207	40.000000
6.100000	38.885275	4.013011	0.000000	-0.000000	4.013011	40.000000
6.000000	38.746431	4.512847	0.000000	-0.000000	4.512847	40.000000
5.902000	38.614848	4.986548	0.000000	-0.000000	4.986548	40.000000
5.798000	38.478945	5.475798	0.000000	-0.000000	5.475798	40.000000
5.703000	38.359297	5.906529	0.000000	-0.000000	5.906529	40.000000
5.601000	38.212645	6.434478	0.000000	-0.000000	6.434478	40.000000
5.500000	38.080696	6.909495	0.000000	-0.000000	6.909495	40.000000
5.398000	37.954039	7.365459	0.000000	-0.000000	7.365459	40.000000
5.302000	37.828334	7.817996	0.000000	-0.000000	7.817996	40.000000
5.203000	37.705329	8.260816	0.000000	-0.000000	8.260816	40.000000
5.102000	37.573508	8.735371	0.000000	-0.000000	8.735371	40.000000
4.998000	37.448464	9.185528	0.000000	-0.000000	9.185528	40.000000
4.898000	37.327133	9.622320	0.000000	-0.000000	9.622320	40.000000
4.799000	37.201608	10.074210	0.000000	-0.000000	10.074210	40.000000
4.703000	37.087186	10.486129	0.000000	-0.000000	10.486129	40.000000
4.603000	36.967542	10.916850	0.000000	-0.000000	10.916850	40.000000
4.497000	36.838716	11.380622	0.000000	-0.000000	11.380622	40.000000
4.398000	36.721531	11.802489	0.000000	-0.000000	11.802489	40.000000
4.299000	36.608127	12.210741	0.000000	-0.000000	12.210741	40.000000
4.200000	36.495986	12.614449	0.000000	-0.000000	12.614449	40.000000
4.101000	36.383780	13.018391	0.000000	-0.000000	13.018391	40.000000
3.999000	36.276193	13.405706	0.000000	-0.000000	13.405706	40.000000
3.899000	36.163815	13.810267	0.000000	-0.000000	13.810267	40.000000
3.799000	36.058626	14.188948	0.000000	-0.000000	14.188948	40.000000
3.701000	35.952607	14.570614	0.000000	-0.000000	14.570614	40.000000
3.598000	35.845739	14.955341	0.000000	-0.000000	14.955341	40.000000
3.503000	35.748303	15.306111	0.000000	-0.000000	15.306111	40.000000
3.402000	35.643408	15.683731	0.000000	-0.000000	15.683731	40.000000
3.303000	35.550347	16.018750	0.000000	-0.000000	16.018750	40.000000
3.201000	35.453858	16.366112	0.000000	-0.000000	16.366112	40.000000
3.105000	35.367397	16.677372	0.000000	-0.000000	16.677372	40.000000
3.001000	35.274693	17.011105	0.000000	-0.000000	17.011105	40.000000
2.904000	35.194715	17.299027	0.000000	-0.000000	17.299027	40.000000
2.804000	35.114191	17.588911	0.000000	-0.000000	17.588911	40.000000
2.703000	35.033966	17.877721	0.000000	-0.000000	17.877721	40.000000
2.596000	34.955601	18.159836	0.000000	-0.000000	18.159836	40.000000
2.498000	34.884440	18.416017	0.000000	-0.000000	18.416017	40.000000
2.399000	34.821318	18.643255	0.000000	-0.000000	18.643255	40.000000
2.299000	34.757891	18.871592	0.000000	-0.000000	18.871592	40.000000
2.200000	34.698371	19.085863	0.000000	-0.000000	19.085863	40.000000
2.101000	34.647676	19.268365	0.000000	-0.000000	19.268365	40.000000
1.998000	34.602614	19.430591	0.000000	-0.000000	19.430591	40.000000
1.898000	34.556047	19.598230	0.000000	-0.000000	19.598230	40.000000
1.799000	34.522753	19.718090	0.000000	-0.000000	19.718090	40.000000
1.701000	34.494665	19.819205	0.000000	-0.000000	19.819205	40.000000
1.601000	34.470966	19.904522	0.000000	-0.000000	19.904522	40.000000
1.503000	34.457942	19.951409	0.000000	-0.000000	19.951409	40.000000
1.402000	34.447567	19.988759	0.000000	-0.000000	19.988759	40.000000
1.300000	34.445521	19.996126	0.000000	0.000000	19.996126	40.000000
1.199000	34.451107	19.976013	0.000000	0.000000	19.976013	40.000000
1.100000	34.464431	19.928047	0.000000	0.000000	19.928047	40.000000
1.002000	34.474687	19.891128	0.000000	0.000000	19.891128	40.000000
0.901000	34.489565	19.837566	0.000000	0.000000	19.837566	40.000000
0.802000	34.508286	19.770169	0.000000	0.000000	19.770169	40.000000
0.699000	34.519503	0.000000	0.000000	0.000000	0.000000	40.000000
0.598000	34.533548	0.000000	0.000000	0.000000	0.000000	40.000000
0.501000	34.549329	0.000000	0.000000	0.000000	0.000000	40.000000
0.399000	34.560662	0.000000	0.000000	0.000000	0.000000	40.000000
0.298000	34.575906	0.000000	0.000000	0.000000	0.000000	40.000000
0.198000	34.590851	0.000000	0.000000	0.000000	0.000000	40.000000
0.099000	34.611072	0.000000	0.000000	0.000000	0.000000	40.000000
