Zeit (s)	Istwert	P	I	D	Regelausgang	Sollwert
106.392000	39.935617	0.424930	0.000000	-0.207242	0.217688	40.000000
106.295000	39.915514	0.557607	0.000000	-0.171081	0.386526	40.000000
106.194000	39.898235	0.671649	0.000000	-0.143411	0.528238	40.000000
106.094000	39.883894	0.766300	0.000000	-0.163589	0.602711	40.000000
105.995000	39.867699	0.873189	0.000000	-0.116343	0.756846	40.000000
105.897000	39.856297	0.948440	0.000000	-0.080842	0.867599	40.000000
105.796000	39.848132	1.002329	0.000000	-0.060570	0.941759	40.000000
105.693000	39.841893	1.043505	0.000000	-0.004215	1.039290	40.000000
105.594000	39.841476	1.046259	0.000000	0.020941	1.067199	40.000000
105.491000	39.843633	1.032023	0.000000	0.081466	1.113489	40.000000
105.393000	39.851617	0.979331	0.000000	0.084540	1.063871	40.000000
105.295000	39.859902	0.924650	0.000000	0.124095	1.048745	40.000000
105.195000	39.872311	0.842748	0.000000	0.145317	0.988064	40.000000
105.093000	39.887133	0.744920	0.000000	0.111533	0.856453	40.000000
104.994000	39.898175	0.672045	0.000000	0.117058	0.789103	40.000000
104.893000	39.909998	0.594014	0.000000	0.118185	0.712198	40.000000
104.794000	39.921698	0.516792	0.000000	0.126792	0.643584	40.000000
104.697000	39.933997	0.435620	0.000000	0.116468	0.552088	40.000000
104.594000	39.945993	0.356445	0.000000	0.122482	0.478927	40.000000
104.494000	39.958241	0.275607	0.000000	0.119377	0.394984	40.000000
104.396000	39.969940	0.198394	0.000000	0.099150	0.297544	40.000000
104.298000	39.979657	0.134264	0.000000	0.099826	0.234090	40.000000
104.194000	39.990039	0.065744	0.000000	0.067472	0.133216	40.000000
104.098000	39.996516	0.022993	0.000000	0.082662	0.105655	40.000000
103.999000	40.004700	-0.031018	0.000000	0.045515	0.014497	40.000000
103.892000	40.009570	-0.063161	0.000000	0.027017	-0.036144	40.000000
103.794000	40.012218	-0.080636	0.000000	0.082293	0.001657	40.000000
103.696000	40.020282	-0.133863	0.000000	0.022798	-0.111065	40.000000
103.593000	40.022630	-0.149360	0.000000	0.059594	-0.089767	40.000000
103.494000	40.028530	-0.188299	0.000000	0.052940	-0.135359	40.000000
103.394000	40.033824	-0.223239	0.000000	0.052980	-0.170259	40.000000
103.294000	40.039122	-0.258206	0.000000	0.031343	-0.226864	40.000000
103.196000	40.042194	-0.278479	0.000000	0.004210	-0.274268	40.000000
103.095000	40.042619	-0.281285	0.000000	-0.037822	-0.319107	40.000000
102.993000	40.038761	-0.255823	0.000000	-0.059547	-0.315370	40.000000
102.895000	40.032926	-0.217308	0.000000	-0.098980	-0.316288	40.000000
102.794000	40.022929	-0.151328	0.000000	-0.108341	-0.259669	40.000000
102.694000	40.012094	-0.079824	0.000000	-0.126363	-0.206186	40.000000
102.594000	39.999458	0.003576	0.000000	-0.161001	-0.157425	40.000000
102.496000	39.983680	0.107711	0.000000	-0.127156	-0.019444	40.000000
102.395000	39.970837	0.192473	0.000000	-0.095637	0.096836	40.000000
102.294000	39.961178	0.256225	0.000000	-0.165141	0.091083	40.000000
102.193000	39.944499	0.366308	0.000000	-0.108591	0.257717	40.000000
102.093000	39.933640	0.437978	0.000000	-0.151836	0.286142	40.000000
101.993000	39.918456	0.538189	0.000000	-0.108386	0.429803	40.000000
101.895000	39.907834	0.608293	0.000000	-0.121213	0.487080	40.000000
101.797000	39.895955	0.686694	0.000000	-0.115817	0.570876	40.000000
101.696000	39.884258	0.763898	0.000000	-0.081225	0.682673	40.000000
101.594000	39.875973	0.818579	0.000000	-0.019769	0.798810	40.000000
101.494000	39.873996	0.831627	0.000000	-0.018418	0.813209	40.000000
101.396000	39.872191	0.843539	0.000000	0.044624	0.888164	40.000000
101.295000	39.876698	0.813793	0.000000	-0.014096	0.799696	40.000000
101.201000	39.875373	0.822538	0.000000	0.024452	0.846990	40.000000
101.093000	39.878014	0.805109	0.000000	0.018465	0.823574	40.000000
100.992000	39.879879	0.792800	0.000000	0.010950	0.803750	40.000000
100.894000	39.880952	0.785718	0.000000	0.046790	0.832508	40.000000
100.794000	39.885631	0.754836	0.000000	0.095366	0.850202	40.000000
100.692000	39.895358	0.690636	0.000000	0.070996	0.761632	40.000000
100.599000	39.901961	0.647058	0.000000	0.090551	0.737609	40.000000
100.503000	39.910654	0.589685	0.000000	0.105645	0.695330	40.000000
100.407000	39.920796	0.522748	0.000000	0.086219	0.608967	40.000000
100.311000	39.929073	0.468120	0.000000	0.085412	0.553532	40.000000
100.214000	39.937358	0.413440	0.000000	0.109403	0.522842	40.000000
100.112000	39.948517	0.339790	0.000000	0.101613	0.441403	40.000000
100.001000	39.959796	0.265348	0.000000	0.141887	0.407236	40.000000
99.905000	39.973417	0.175448	0.000000	0.113310	0.288758	40.000000
99.807000	39.984521	0.102159	0.000000	0.082324	0.184483	40.000000
99.713000	39.992260	0.051086	0.000000	0.009038	0.060124	40.000000
99.613000	39.993164	0.045121	0.000000	0.025272	0.070393	40.000000
99.518000	39.995564	0.029275	0.000000	0.017275	0.046550	40.000000
99.421000	39.997240	0.018216	0.000000	-0.000581	0.017634	40.000000
99.327000	39.997185	0.018577	0.000000	0.063221	0.081798	40.000000
99.232000	40.003191	-0.021063	0.000000	0.055992	0.034929	40.000000
99.130000	40.008903	-0.058757	0.000000	0.068915	0.010158	40.000000
99.033000	40.015587	-0.102876	0.000000	0.009645	-0.093231	40.000000
98.939000	40.016494	-0.108860	0.000000	0.027282	-0.081578	40.000000
98.842000	40.019140	-0.126326	0.000000	-0.027268	-0.153594	40.000000
98.745000	40.016495	-0.108869	0.000000	-0.049975	-0.158843	40.000000
98.651000	40.011798	-0.077864	0.000000	-0.127721	-0.205586	40.000000
98.553000	39.999281	0.004746	0.000000	-0.118175	-0.113429	40.000000
98.456000	39.987818	0.080402	0.000000	-0.119386	-0.038984	40.000000
98.361000	39.976476	0.155257	0.000000	-0.094113	0.061144	40.000000
98.194000	39.960759	0.258987	0.000000	-0.133346	0.125641	40.000000
98.095000	39.947558	0.346116	0.000000	-0.149421	0.196695	40.000000
97.993000	39.932317	0.446706	0.000000	-0.119962	0.326744	40.000000
97.895000	39.920561	0.524297	0.000000	-0.136318	0.387979	40.000000
97.795000	39.906929	0.614267	0.000000	-0.085839	0.528428	40.000000
97.693000	39.898174	0.672054	0.000000	-0.047802	0.624252	40.000000
97.594000	39.893441	0.703287	0.000000	-0.013811	0.689477	40.000000
97.494000	39.892060	0.712402	0.000000	-0.007462	0.704940	40.000000
97.397000	39.891336	0.717180	0.000000	0.044683	0.761862	40.000000
97.291000	39.896073	0.685920	0.000000	0.038577	0.724497	40.000000
97.193000	39.899853	0.660968	0.000000	0.041866	0.702834	40.000000
97.097000	39.903873	0.634441	0.000000	-0.020915	0.613527	40.000000
96.994000	39.901718	0.648659	0.000000	0.058156	0.706816	40.000000
96.895000	39.907476	0.610660	0.000000	0.005345	0.616005	40.000000
96.794000	39.908016	0.607097	0.000000	0.019183	0.626279	40.000000
96.694000	39.909934	0.594436	0.000000	-0.004172	0.590264	40.000000
96.594000	39.909517	0.597190	0.000000	0.010811	0.608001	40.000000
96.494000	39.910598	0.590055	0.000000	0.046494	0.636548	40.000000
96.396000	39.915154	0.559982	0.000000	0.075130	0.635112	40.000000
96.293000	39.922893	0.508909	0.000000	0.060029	0.568938	40.000000
96.196000	39.928715	0.470478	0.000000	0.022622	0.493101	40.000000
96.095000	39.931000	0.455398	0.000000	0.070032	0.525430	40.000000
95.994000	39.938073	0.408715	0.000000	0.066859	0.475574	40.000000
95.897000	39.944559	0.365912	0.000000	0.038253	0.404165	40.000000
95.795000	39.948461	0.340159	0.000000	0.076784	0.416944	40.000000
95.695000	39.956139	0.289482	0.000000	0.093974	0.383456	40.000000
95.596000	39.965443	0.228079	0.000000	0.052716	0.280796	40.000000
95.497000	39.970661	0.193634	0.000000	0.016903	0.210537	40.000000
95.394000	39.972402	0.182144	0.000000	-0.015202	0.166942	40.000000
95.295000	39.970897	0.192077	0.000000	0.032393	0.224470	40.000000
95.195000	39.974137	0.170697	0.000000	0.086134	0.256832	40.000000
95.094000	39.982836	0.113280	0.000000	0.157954	0.271234	40.000000
94.996000	39.998316	0.011116	0.000000	-0.022155	-0.011040	40.000000
94.896000	39.996100	0.025738	0.000000	-0.058258	-0.032520	40.000000
94.795000	39.990216	0.064574	0.000000	-0.074411	-0.009838	40.000000
94.695000	39.982775	0.113685	0.000000	-0.008883	0.104802	40.000000
94.594000	39.981878	0.119606	0.000000	0.007373	0.126979	40.000000
94.496000	39.982600	0.114838	0.000000	-0.005372	0.109466	40.000000
94.395000	39.982058	0.118419	0.000000	-0.053226	0.065192	40.000000
94.298000	39.976895	0.152494	0.000000	-0.030569	0.121925	40.000000
94.196000	39.973777	0.173073	0.000000	-0.056433	0.116640	40.000000
94.094000	39.968021	0.211064	0.000000	-0.113895	0.097169	40.000000
93.996000	39.956859	0.284731	0.000000	-0.087916	0.196815	40.000000
93.895000	39.947979	0.343336	0.000000	-0.109095	0.234240	40.000000
93.796000	39.937179	0.414619	0.000000	-0.139251	0.275368	40.000000
93.696000	39.923254	0.506525	0.000000	-0.151181	0.355344	40.000000
93.598000	39.908438	0.604308	0.000000	-0.102748	0.501560	40.000000
93.494000	39.897752	0.674834	0.000000	-0.127247	0.547587	40.000000
93.395000	39.885155	0.757977	0.000000	-0.043158	0.714819	40.000000
93.299000	39.881012	0.785322	0.000000	-0.057680	0.727641	40.000000
93.195000	39.875013	0.824914	0.000000	0.004861	0.829775	40.000000
93.096000	39.875494	0.821737	0.000000	-0.011764	0.809974	40.000000
92.999000	39.874353	0.829269	0.000000	0.022157	0.851426	40.000000
92.896000	39.876635	0.814206	0.000000	0.035764	0.849970	40.000000
92.797000	39.880176	0.790838	0.000000	0.065843	0.856681	40.000000
92.695000	39.886892	0.746513	0.000000	0.087655	0.834168	40.000000
92.593000	39.895833	0.687503	0.000000	0.100693	0.788197	40.000000
92.494000	39.905801	0.621710	0.000000	0.088079	0.709789	40.000000
92.398000	39.914257	0.565904	0.000000	0.120538	0.686441	40.000000
92.296000	39.926552	0.484758	0.000000	0.120668	0.605426	40.000000
92.194000	39.938860	0.403524	0.000000	0.140787	0.544311	40.000000
92.096000	39.952657	0.312463	0.000000	0.128924	0.441387	40.000000
91.995000	39.965678	0.226522	0.000000	0.118203	0.344724	40.000000
91.895000	39.977499	0.148508	0.000000	0.075611	0.224119	40.000000
91.795000	39.985060	0.098605	0.000000	0.070138	0.168743	40.000000
91.694000	39.992144	0.051851	0.000000	0.135851	0.187703	40.000000
91.595000	40.005593	-0.036914	0.000000	0.093108	0.056194	40.000000
91.498000	40.014624	-0.096522	0.000000	0.050530	-0.045991	40.000000
91.399000	40.019627	-0.129538	0.000000	0.075154	-0.054385	40.000000
91.295000	40.027443	-0.181124	0.000000	0.018536	-0.162588	40.000000
91.194000	40.029315	-0.193479	0.000000	0.009077	-0.184403	40.000000
91.095000	40.030214	-0.199410	0.000000	0.025313	-0.174097	40.000000
90.995000	40.032745	-0.216117	0.000000	0.062669	-0.153448	40.000000
90.898000	40.038824	-0.256238	0.000000	-0.050198	-0.306436	40.000000
90.796000	40.033704	-0.222445	0.000000	0.018341	-0.204104	40.000000
90.694000	40.035575	-0.234792	0.000000	-0.096698	-0.331490	40.000000
90.595000	40.026001	-0.171610	0.000000	-0.102938	-0.274548	40.000000
90.495000	40.015708	-0.103670	0.000000	-0.100331	-0.204002	40.000000
90.396000	40.005775	-0.038114	0.000000	-0.117803	-0.155917	40.000000
90.295000	39.993877	0.040414	0.000000	-0.167127	-0.126713	40.000000
90.206000	39.979002	0.138584	0.000000	-0.169129	-0.030545	40.000000
90.096000	39.960398	0.261372	0.000000	-0.166923	0.094448	40.000000
89.995000	39.943539	0.372642	0.000000	-0.186125	0.186517	40.000000
89.897000	39.925299	0.493028	0.000000	-0.122965	0.370063	40.000000
89.794000	39.912633	0.576620	0.000000	-0.143773	0.432847	40.000000
89.693000	39.898112	0.672458	0.000000	-0.163588	0.508871	40.000000
89.598000	39.882572	0.775028	0.000000	-0.097986	0.677042	40.000000
89.497000	39.872675	0.840346	0.000000	-0.143139	0.697206	40.000000
89.396000	39.858218	0.935762	0.000000	-0.143464	0.792298	40.000000
89.296000	39.843871	1.030448	0.000000	-0.017211	1.013237	40.000000
89.195000	39.842133	1.041921	0.000000	-0.030580	1.011341	40.000000
89.095000	39.839075	1.062104	0.000000	0.055645	1.117749	40.000000
88.998000	39.844473	1.026480	0.000000	0.097262	1.123742	40.000000
88.895000	39.854491	0.960362	0.000000	0.148590	1.108951	40.000000
88.794000	39.869498	0.861312	0.000000	0.216333	1.077644	40.000000
88.695000	39.890915	0.719960	0.000000	0.167306	0.887266	40.000000
88.596000	39.907478	0.610642	0.000000	0.163051	0.773693	40.000000
88.497000	39.923620	0.504105	0.000000	0.061713	0.565818	40.000000
88.395000	39.929915	0.462560	0.000000	0.147656	0.610216	40.000000
88.293000	39.944976	0.363158	0.000000	0.128627	0.491785	40.000000
88.195000	39.957581	0.279962	0.000000	0.169765	0.449728	40.000000
88.095000	39.974558	0.167917	0.000000	0.047541	0.215459	40.000000
87.994000	39.979360	0.136226	0.000000	0.067735	0.203961	40.000000
87.893000	39.986201	0.091074	0.000000	0.073924	0.164998	40.000000
87.794000	39.993519	0.042772	0.000000	0.050819	0.093591	40.000000
87.696000	39.998500	0.009902	0.000000	0.067897	0.077799	40.000000
87.596000	40.005289	-0.034910	0.000000	0.122915	0.088005	40.000000
87.497000	40.017458	-0.115223	0.000000	0.016073	-0.099150	40.000000
87.396000	40.019081	-0.125937	0.000000	0.047424	-0.078514	40.000000
87.297000	40.023776	-0.156924	0.000000	0.088136	-0.068788	40.000000
87.196000	40.032678	-0.215676	0.000000	-0.027536	-0.243211	40.000000
87.098000	40.029980	-0.197866	0.000000	-0.067293	-0.265159	40.000000
86.996000	40.023116	-0.152564	0.000000	-0.042394	-0.194958	40.000000
86.895000	40.018834	-0.124305	0.000000	-0.092391	-0.216696	40.000000
86.798000	40.009872	-0.065156	0.000000	-0.108413	-0.173569	40.000000
86.697000	39.998922	0.007113	0.000000	-0.072625	-0.065512	40.000000
86.597000	39.991660	0.055045	0.000000	-0.040375	0.014671	40.000000
86.496000	39.987582	0.081959	0.000000	-0.019499	0.062460	40.000000
86.394000	39.985593	0.095086	0.000000	-0.083916	0.011170	40.000000
86.294000	39.977201	0.150470	0.000000	-0.103179	0.047291	40.000000
86.194000	39.966884	0.218568	0.000000	-0.127534	0.091035	40.000000
86.097000	39.954513	0.300216	0.000000	-0.150235	0.149981	40.000000
85.994000	39.939039	0.402345	0.000000	-0.086942	0.315403	40.000000
85.894000	39.930344	0.459727	0.000000	-0.152313	0.307414	40.000000
85.797000	39.915570	0.557237	0.000000	-0.118167	0.439070	40.000000
85.696000	39.903635	0.636008	0.000000	-0.096330	0.539677	40.000000
85.597000	39.894099	0.698950	0.000000	-0.083370	0.615580	40.000000
85.497000	39.885762	0.753974	0.000000	-0.097637	0.656337	40.000000
85.398000	39.876096	0.817769	0.000000	-0.008762	0.809007	40.000000
85.295000	39.875193	0.823726	0.000000	-0.052847	0.770878	40.000000
85.194000	39.869855	0.858954	0.000000	-0.026920	0.832034	40.000000
85.096000	39.867217	0.876365	0.000000	0.042880	0.919246	40.000000
84.994000	39.871591	0.847499	0.000000	0.045629	0.893128	40.000000
84.898000	39.875972	0.818588	0.000000	0.046974	0.865562	40.000000
84.797000	39.880716	0.787275	0.000000	0.043410	0.830685	40.000000
84.696000	39.885100	0.758338	0.000000	0.112044	0.870382	40.000000
84.597000	39.896193	0.685128	0.000000	0.060000	0.745128	40.000000
84.492000	39.902493	0.643548	0.000000	0.079045	0.722593	40.000000
84.394000	39.910239	0.592421	0.000000	0.139509	0.731931	40.000000
84.296000	39.923911	0.502187	0.000000	0.138475	0.640662	40.000000
84.198000	39.937482	0.412621	0.000000	0.084312	0.496934	40.000000
84.097000	39.945997	0.356419	0.000000	0.102973	0.459391	40.000000
83.995000	39.956500	0.287098	0.000000	0.111533	0.398630	40.000000
83.896000	39.967542	0.214222	0.000000	0.097180	0.311402	40.000000
83.796000	39.977260	0.150083	0.000000	0.070718	0.220801	40.000000
83.695000	39.984403	0.102943	0.000000	0.063053	0.165995	40.000000
83.598000	39.990519	0.062576	0.000000	0.094447	0.157024	40.000000
83.495000	40.000247	-0.001629	0.000000	0.071934	0.070305	40.000000
83.393000	40.007584	-0.050055	0.000000	0.091490	0.041435	40.000000
83.295000	40.016550	-0.109230	0.000000	0.043009	-0.066221	40.000000
83.197000	40.020765	-0.137049	0.000000	0.058464	-0.078584	40.000000
83.093000	40.026845	-0.177179	0.000000	0.022347	-0.154832	40.000000
82.996000	40.029013	-0.191485	0.000000	0.020045	-0.171440	40.000000
82.897000	40.030997	-0.204582	0.000000	0.003019	-0.201563	40.000000
82.796000	40.031302	-0.206594	0.000000	0.032421	-0.174174	40.000000
82.694000	40.034609	-0.228420	0.000000	-0.053529	-0.281949	40.000000
82.595000	40.029310	-0.193444	0.000000	-0.144167	-0.337611	40.000000
82.494000	40.014749	-0.097342	0.000000	-0.110909	-0.208251	40.000000
82.393000	40.003547	-0.023411	0.000000	-0.151671	-0.175081	40.000000
82.296000	39.988835	0.073689	0.000000	-0.122440	-0.048751	40.000000
82.197000	39.976714	0.153691	0.000000	-0.181126	-0.027435	40.000000
82.095000	39.958239	0.275625	0.000000	-0.161617	0.114007	40.000000
81.994000	39.941915	0.383359	0.000000	-0.164116	0.219243	40.000000
81.896000	39.925832	0.489509	0.000000	-0.148471	0.341038	40.000000
81.795000	39.910836	0.588480	0.000000	-0.159597	0.428883	40.000000
81.698000	39.895356	0.690653	0.000000	-0.087768	0.602885	40.000000
81.592000	39.886052	0.752056	0.000000	-0.060627	0.691429	40.000000
81.494000	39.880111	0.791269	0.000000	-0.061829	0.729440	40.000000
81.397000	39.874113	0.830852	0.000000	-0.078392	0.752460	40.000000
81.299000	39.866431	0.881556	0.000000	0.009831	0.891388	40.000000
81.195000	39.867453	0.874808	0.000000	0.034014	0.908822	40.000000
81.098000	39.870753	0.853033	0.000000	-0.016138	0.836895	40.000000
80.994000	39.869074	0.864110	0.000000	0.067773	0.931882	40.000000
80.894000	39.875852	0.819380	0.000000	0.061904	0.881284	40.000000
80.798000	39.881794	0.780157	0.000000	0.092681	0.872838	40.000000
80.697000	39.891155	0.718376	0.000000	0.046157	0.764533	40.000000
80.593000	39.895955	0.686694	0.000000	0.102471	0.789165	40.000000
80.494000	39.906100	0.619740	0.000000	0.095159	0.714899	40.000000
80.395000	39.915521	0.557563	0.000000	0.078513	0.636076	40.000000
80.298000	39.923137	0.507299	0.000000	0.147764	0.655063	40.000000
80.207000	39.936583	0.418551	0.000000	0.099551	0.518102	40.000000
80.095000	39.947733	0.344963	0.000000	0.114155	0.459118	40.000000
79.994000	39.959262	0.268868	0.000000	0.125457	0.394325	40.000000
79.896000	39.971557	0.187722	0.000000	0.083745	0.271467	40.000000
79.795000	39.980016	0.131897	0.000000	0.086209	0.218106	40.000000
79.692000	39.988895	0.073293	0.000000	0.123721	0.197014	40.000000
79.594000	40.001020	-0.006730	0.000000	0.107363	0.100632	40.000000
79.497000	40.011434	-0.075464	0.000000	0.082068	0.006604	40.000000
79.395000	40.019805	-0.130712	0.000000	0.068630	-0.062082	40.000000
79.296000	40.026599	-0.175555	0.000000	0.049490	-0.126065	40.000000
79.195000	40.031598	-0.208545	0.000000	0.032199	-0.176346	40.000000
79.094000	40.034850	-0.230008	0.000000	0.010438	-0.219570	40.000000
78.996000	40.035873	-0.236760	0.000000	-0.008542	-0.245302	40.000000
78.898000	40.035036	-0.231235	0.000000	-0.056070	-0.287305	40.000000
78.797000	40.029373	-0.193859	0.000000	-0.097603	-0.291462	40.000000
78.694000	40.019319	-0.127508	0.000000	-0.090315	-0.217823	40.000000
78.594000	40.010288	-0.067900	0.000000	-0.007396	-0.075297	40.000000
78.498000	40.009578	-0.063214	0.000000	-0.011045	-0.074259	40.000000
78.394000	40.008429	-0.055633	0.000000	-0.085664	-0.141297	40.000000
78.297000	40.000120	-0.000791	0.000000	-0.111637	-0.112428	40.000000
78.204000	39.989738	0.067732	0.000000	-0.167031	-0.099298	40.000000
78.097000	39.971865	0.185690	0.000000	-0.167016	0.018674	40.000000
77.996000	39.954997	0.297022	0.000000	-0.137740	0.159282	40.000000
77.898000	39.941498	0.386112	0.000000	-0.139246	0.246866	40.000000
77.795000	39.927156	0.480772	0.000000	-0.140230	0.340542	40.000000
77.697000	39.913413	0.571473	0.000000	-0.144436	0.427037	40.000000
77.594000	39.898536	0.669661	0.000000	-0.088771	0.580890	40.000000
77.496000	39.889837	0.727078	0.000000	-0.098581	0.628497	40.000000
77.395000	39.879880	0.792791	0.000000	-0.067635	0.725156	40.000000
77.300000	39.873455	0.835199	0.000000	-0.045707	0.789492	40.000000
77.199000	39.868838	0.865667	0.000000	-0.077265	0.788402	40.000000
77.098000	39.861035	0.917171	0.000000	0.002300	0.919472	40.000000
76.996000	39.861269	0.915623	0.000000	-0.001755	0.913868	40.000000
76.898000	39.861097	0.916758	0.000000	-0.008234	0.908524	40.000000
76.796000	39.860257	0.922301	0.000000	0.062420	0.984721	40.000000
76.699000	39.866312	0.882339	0.000000	0.087942	0.970282	40.000000
76.598000	39.875194	0.823717	0.000000	0.107651	0.931368	40.000000
76.496000	39.886175	0.751246	0.000000	0.134155	0.885401	40.000000
76.394000	39.899859	0.660933	0.000000	0.071738	0.732671	40.000000
76.297000	39.906817	0.615006	0.000000	0.163684	0.778690	40.000000
76.198000	39.923022	0.508055	0.000000	0.143815	0.651870	40.000000
76.095000	39.937835	0.410290	0.000000	0.144809	0.555098	40.000000
75.998000	39.951881	0.317583	0.000000	0.114023	0.431606	40.000000
75.897000	39.963398	0.241576	0.000000	0.089711	0.331287	40.000000
75.796000	39.972458	0.181774	0.000000	0.161681	0.343455	40.000000
75.698000	39.988303	0.077199	0.000000	0.111336	0.188535	40.000000
75.594000	39.999882	0.000778	0.000000	0.060813	0.061591	40.000000
75.494000	40.005963	-0.039358	0.000000	0.077503	0.038144	40.000000
75.397000	40.013481	-0.088976	0.000000	0.076422	-0.012554	40.000000
75.297000	40.021123	-0.139414	0.000000	0.084528	-0.054886	40.000000
75.198000	40.029492	-0.194644	0.000000	0.036939	-0.157706	40.000000
75.097000	40.033222	-0.219268	0.000000	0.091455	-0.127813	40.000000
74.995000	40.042551	-0.280835	0.000000	-0.033671	-0.314506	40.000000
74.895000	40.039184	-0.258612	0.000000	0.021220	-0.237392	40.000000
74.796000	40.041284	-0.272477	0.000000	-0.010292	-0.282770	40.000000
74.697000	40.040265	-0.265752	0.000000	-0.014119	-0.279871	40.000000
74.595000	40.038825	-0.256247	0.000000	-0.094955	-0.351202	40.000000
74.498000	40.029615	-0.195456	0.000000	-0.080045	-0.275502	40.000000
74.398000	40.021610	-0.142626	0.000000	-0.124615	-0.267241	40.000000
74.298000	40.009149	-0.060381	0.000000	-0.125518	-0.185899	40.000000
74.195000	39.996220	0.024947	0.000000	-0.097610	-0.072663	40.000000
74.096000	39.986557	0.088725	0.000000	-0.122295	-0.033570	40.000000
73.996000	39.974327	0.169439	0.000000	-0.095599	0.073840	40.000000
73.898000	39.964959	0.231273	0.000000	-0.150313	0.080960	40.000000
73.799000	39.950078	0.329487	0.000000	-0.202689	0.126798	40.000000
73.696000	39.929201	0.467276	0.000000	-0.102804	0.364472	40.000000
73.595000	39.918817	0.535805	0.000000	-0.123015	0.412790	40.000000
73.495000	39.906516	0.616995	0.000000	-0.101205	0.515790	40.000000
73.396000	39.896497	0.683122	0.000000	-0.140645	0.542477	40.000000
73.297000	39.882573	0.775019	0.000000	-0.119989	0.655030	40.000000
73.201000	39.871054	0.851044	0.000000	-0.093733	0.757311	40.000000
73.096000	39.861212	0.916001	0.000000	-0.068511	0.847490	40.000000
72.997000	39.854429	0.960766	0.000000	-0.004732	0.956034	40.000000
72.897000	39.853956	0.963890	0.000000	0.004146	0.968036	40.000000
72.797000	39.854371	0.961154	0.000000	0.013318	0.974471	40.000000
72.693000	39.855756	0.952012	0.000000	0.063277	1.015289	40.000000
72.601000	39.861577	0.913591	0.000000	0.089680	1.003271	40.000000
72.506000	39.870097	0.857361	0.000000	0.097197	0.954559	40.000000
72.414000	39.879039	0.798343	0.000000	0.096545	0.894888	40.000000
72.322000	39.887921	0.739721	0.000000	0.153272	0.892993	40.000000
72.232000	39.901716	0.648677	0.000000	0.158104	0.806781	40.000000
72.139000	39.916419	0.551633	0.000000	0.111185	0.662818	40.000000
72.043000	39.927093	0.481186	0.000000	0.106516	0.587702	40.000000
71.950000	39.936999	0.415806	0.000000	0.116707	0.532514	40.000000
71.857000	39.947853	0.344171	0.000000	0.142319	0.486490	40.000000
71.765000	39.960946	0.257756	0.000000	0.087442	0.345198	40.000000
71.597000	39.975636	0.160799	0.000000	0.079047	0.239846	40.000000
71.496000	39.983620	0.108107	0.000000	0.095017	0.203124	40.000000
71.395000	39.993217	0.044769	0.000000	0.114665	0.159434	40.000000
71.296000	40.004569	-0.030153	0.000000	0.071031	0.040877	40.000000
71.195000	40.011743	-0.077503	0.000000	0.081873	0.004371	40.000000
71.098000	40.019684	-0.129918	0.000000	0.119680	-0.010238	40.000000
71.008000	40.030456	-0.201008	0.000000	0.034781	-0.166226	40.000000
70.913000	40.033760	-0.222816	0.000000	0.065245	-0.157571	40.000000
70.817000	40.040023	-0.264155	0.000000	-0.003982	-0.268137	40.000000
70.727000	40.039665	-0.261789	0.000000	-0.040358	-0.302148	40.000000
70.633000	40.035871	-0.236751	0.000000	0.007567	-0.229184	40.000000
70.545000	40.036537	-0.241146	0.000000	-0.015044	-0.256190	40.000000
70.453000	40.035153	-0.232012	0.000000	-0.097774	-0.329786	40.000000
70.360000	40.026060	-0.171998	0.000000	-0.084776	-0.256774	40.000000
70.272000	40.018600	-0.122760	0.000000	-0.081788	-0.204548	40.000000
70.180000	40.011076	-0.073099	0.000000	-0.078930	-0.152028	40.000000
70.064000	40.001920	-0.012670	0.000000	-0.094659	-0.107329	40.000000
69.898000	39.986206	0.091039	0.000000	-0.130798	-0.039760	40.000000
69.797000	39.972996	0.178229	0.000000	-0.105897	0.072332	40.000000
69.699000	39.962618	0.246723	0.000000	-0.163655	0.083067	40.000000
69.596000	39.945761	0.357976	0.000000	-0.103050	0.254926	40.000000
69.497000	39.935559	0.425308	0.000000	-0.116390	0.308919	40.000000
69.397000	39.923920	0.502125	0.000000	-0.109351	0.392775	40.000000
69.296000	39.912876	0.575018	0.000000	-0.130290	0.444729	40.000000
69.197000	39.899977	0.660150	0.000000	-0.103462	0.556688	40.000000
69.099000	39.889838	0.727069	0.000000	-0.082963	0.644106	40.000000
68.997000	39.881376	0.782920	0.000000	-0.092113	0.690807	40.000000
68.896000	39.872072	0.844322	0.000000	-0.029394	0.814928	40.000000
68.796000	39.869133	0.863722	0.000000	-0.096464	0.767259	40.000000
68.694000	39.859294	0.928662	0.000000	-0.022608	0.906054	40.000000
68.596000	39.857078	0.943284	0.000000	-0.056905	0.886379	40.000000
68.500000	39.851615	0.979339	0.000000	0.084579	1.063919	40.000000
68.395000	39.860496	0.920726	0.000000	0.034766	0.955492	40.000000
68.295000	39.863973	0.897780	0.000000	0.073345	0.971125	40.000000
68.196000	39.871234	0.849856	0.000000	0.123676	0.973532	40.000000
68.098000	39.883354	0.769863	0.000000	0.114036	0.883899	40.000000
67.997000	39.894872	0.693847	0.000000	0.117109	0.810956	40.000000
67.897000	39.906583	0.616555	0.000000	0.160402	0.776957	40.000000
67.799000	39.922302	0.512806	0.000000	0.146122	0.658928	40.000000
67.698000	39.937060	0.415402	0.000000	0.104671	0.520073	40.000000
67.596000	39.947737	0.344937	0.000000	0.107733	0.452670	40.000000
67.498000	39.958295	0.275255	0.000000	0.165633	0.440888	40.000000
67.394000	39.975520	0.161565	0.000000	0.092668	0.254233	40.000000
67.295000	39.984695	0.101016	0.000000	0.030688	0.131703	40.000000
67.197000	39.987702	0.081167	0.000000	0.072364	0.153531	40.000000
67.095000	39.995083	0.032451	0.000000	0.093488	0.125939	40.000000
66.998000	40.004151	-0.027400	0.000000	0.023535	-0.003865	40.000000
66.898000	40.006505	-0.042933	0.000000	0.047296	0.004363	40.000000
66.795000	40.011376	-0.075084	0.000000	0.074329	-0.000755	40.000000
66.701000	40.018363	-0.121198	0.000000	0.062180	-0.059018	40.000000
66.613000	40.023835	-0.157312	0.000000	0.025494	-0.131818	40.000000
66.521000	40.026181	-0.172792	0.000000	0.032499	-0.140294	40.000000
66.432000	40.029073	-0.191882	0.000000	-0.022635	-0.214517	40.000000
66.336000	40.026900	-0.177540	0.000000	-0.055426	-0.232967	40.000000
66.247000	40.021967	-0.144983	0.000000	-0.079753	-0.224736	40.000000
66.155000	40.014630	-0.096557	0.000000	-0.030477	-0.127034	40.000000
66.064000	40.011856	-0.078253	0.000000	-0.034902	-0.113155	40.000000
65.895000	40.005958	-0.039323	0.000000	-0.123864	-0.163187	40.000000
65.797000	39.993819	0.040792	0.000000	-0.116911	-0.076118	40.000000
65.700000	39.982479	0.115638	0.000000	-0.131300	-0.015662	40.000000
65.599000	39.969218	0.203163	0.000000	-0.161895	0.041267	40.000000
65.496000	39.952543	0.313219	0.000000	-0.134309	0.178910	40.000000
65.395000	39.938977	0.402750	0.000000	-0.132830	0.269920	40.000000
65.297000	39.925960	0.488664	0.000000	-0.125427	0.363237	40.000000
65.208000	39.914797	0.562340	0.000000	-0.109105	0.453235	40.000000
65.098000	39.902795	0.641550	0.000000	-0.092694	0.548857	40.000000
64.997000	39.893433	0.703340	0.000000	-0.148872	0.554468	40.000000
64.895000	39.878248	0.803560	0.000000	-0.059906	0.743654	40.000000
64.797000	39.872378	0.842308	0.000000	-0.032460	0.809848	40.000000
64.697000	39.869132	0.863731	0.000000	-0.004132	0.859599	40.000000
64.597000	39.868718	0.866459	0.000000	-0.054708	0.811750	40.000000
64.496000	39.863193	0.902927	0.000000	0.031767	0.934694	40.000000
64.396000	39.866370	0.881961	0.000000	0.034525	0.916486	40.000000
64.297000	39.869788	0.859402	0.000000	0.039125	0.898528	40.000000
64.197000	39.873700	0.833580	0.000000	0.109977	0.943557	40.000000
64.095000	39.884918	0.759543	0.000000	0.071372	0.830915	40.000000
63.995000	39.892055	0.712437	0.000000	0.112217	0.824655	40.000000
63.895000	39.903277	0.638374	0.000000	0.090923	0.729297	40.000000
63.798000	39.912096	0.580165	0.000000	0.143028	0.723193	40.000000
63.699000	39.926256	0.486711	0.000000	0.135778	0.622489	40.000000
63.596000	39.940241	0.394409	0.000000	0.154768	0.549178	40.000000
63.496000	39.955718	0.292262	0.000000	0.123662	0.415924	40.000000
63.398000	39.967837	0.212278	0.000000	0.052917	0.265195	40.000000
63.296000	39.973234	0.176654	0.000000	0.139087	0.315741	40.000000
63.198000	39.986865	0.086692	0.000000	0.103899	0.190591	40.000000
63.097000	39.997359	0.017433	0.000000	0.063004	0.080437	40.000000
62.995000	40.003785	-0.024982	0.000000	0.052948	0.027967	40.000000
62.896000	40.009027	-0.059578	0.000000	0.026981	-0.032597	40.000000
62.800000	40.011617	-0.076673	0.000000	0.047209	-0.029464	40.000000
62.698000	40.016432	-0.108454	0.000000	0.025918	-0.082536	40.000000
62.596000	40.019076	-0.125902	0.000000	0.037348	-0.088554	40.000000
62.496000	40.022811	-0.150552	0.000000	0.041345	-0.109206	40.000000
62.397000	40.026904	-0.177567	0.000000	0.006017	-0.171549	40.000000
62.297000	40.027506	-0.181538	0.000000	-0.035116	-0.216654	40.000000
62.201000	40.024135	-0.159289	0.000000	-0.058525	-0.217814	40.000000
62.094000	40.017873	-0.117959	0.000000	-0.085649	-0.203608	40.000000
61.995000	40.009393	-0.061996	0.000000	-0.108153	-0.170149	40.000000
61.897000	39.998794	0.007957	0.000000	-0.141749	-0.133792	40.000000
61.798000	39.984761	0.100576	0.000000	-0.135572	-0.034997	40.000000
61.698000	39.971204	0.190053	0.000000	-0.112897	0.077157	40.000000
61.598000	39.959914	0.264565	0.000000	-0.075997	0.188568	40.000000
61.497000	39.952239	0.315225	0.000000	-0.116443	0.198782	40.000000
61.397000	39.940594	0.392078	0.000000	-0.093497	0.298581	40.000000
61.295000	39.931058	0.455020	0.000000	-0.083861	0.371159	40.000000
61.197000	39.922839	0.509261	0.000000	-0.096516	0.412745	40.000000
61.095000	39.912995	0.574235	0.000000	-0.104814	0.469422	40.000000
60.996000	39.902618	0.642721	0.000000	-0.095605	0.547115	40.000000
60.900000	39.893440	0.703296	0.000000	-0.059475	0.643821	40.000000
60.796000	39.887255	0.744120	0.000000	-0.047704	0.696415	40.000000
60.698000	39.882580	0.774975	0.000000	-0.000633	0.774342	40.000000
60.599000	39.882517	0.775389	0.000000	-0.030318	0.745071	40.000000
60.494000	39.879334	0.796399	0.000000	0.009808	0.806206	40.000000
60.396000	39.880295	0.790055	0.000000	0.005467	0.795522	40.000000
60.297000	39.880836	0.786483	0.000000	0.008433	0.794916	40.000000
60.205000	39.881612	0.781363	0.000000	0.071689	0.853051	40.000000
60.097000	39.889354	0.730263	0.000000	0.032470	0.762732	40.000000
59.999000	39.892536	0.709261	0.000000	0.077447	0.786708	40.000000
59.896000	39.900513	0.656613	0.000000	0.079059	0.735671	40.000000
59.798000	39.908261	0.605478	0.000000	0.064752	0.670230	40.000000
59.697000	39.914801	0.562314	0.000000	0.065428	0.627742	40.000000
59.598000	39.921278	0.519563	0.000000	0.107450	0.627013	40.000000
59.497000	39.932131	0.447937	0.000000	0.123768	0.571706	40.000000
59.400000	39.944136	0.368701	0.000000	0.090332	0.459033	40.000000
59.303000	39.952898	0.310870	0.000000	0.110946	0.421816	40.000000
59.197000	39.964659	0.233253	0.000000	0.126833	0.360086	40.000000
59.100000	39.976962	0.152054	0.000000	0.049592	0.201646	40.000000
58.996000	39.982119	0.118014	0.000000	0.084339	0.202353	40.000000
58.895000	39.990637	0.061793	0.000000	0.093175	0.154969	40.000000
58.799000	39.999582	0.002757	0.000000	0.048454	0.051211	40.000000
58.701000	40.004331	-0.028582	0.000000	0.051175	0.022593	40.000000
58.601000	40.009448	-0.062358	0.000000	0.004651	-0.057707	40.000000
58.511000	40.009867	-0.065120	0.000000	0.026076	-0.039045	40.000000
58.423000	40.012161	-0.080265	0.000000	-0.061556	-0.141821	40.000000
58.333000	40.006621	-0.043701	0.000000	-0.041086	-0.084787	40.000000
58.242000	40.002882	-0.019024	0.000000	-0.014123	-0.033148	40.000000
58.153000	40.001625	-0.010728	0.000000	-0.057392	-0.068121	40.000000
58.063000	39.996460	0.023363	0.000000	-0.087327	-0.063965	40.000000
57.896000	39.981876	0.119615	0.000000	-0.082986	0.036629	40.000000
57.797000	39.973661	0.173838	0.000000	-0.145127	0.028712	40.000000
57.699000	39.959438	0.267706	0.000000	-0.059460	0.208246	40.000000
57.598000	39.953433	0.307342	0.000000	-0.070827	0.236515	40.000000
57.499000	39.946421	0.353621	0.000000	-0.064818	0.288802	40.000000
57.398000	39.939874	0.396829	0.000000	-0.069438	0.327391	40.000000
57.297000	39.932861	0.443116	0.000000	-0.081828	0.361288	40.000000
57.198000	39.924760	0.496583	0.000000	-0.053584	0.442999	40.000000
57.096000	39.919295	0.532655	0.000000	-0.097207	0.435448	40.000000
56.996000	39.909574	0.596812	0.000000	-0.086553	0.510259	40.000000
56.899000	39.901178	0.652223	0.000000	-0.060608	0.591614	40.000000
56.798000	39.895057	0.692624	0.000000	-0.049803	0.642821	40.000000
56.698000	39.890077	0.725494	0.000000	-0.048137	0.677357	40.000000
56.607000	39.885696	0.754405	0.000000	-0.039093	0.715312	40.000000
56.518000	39.882217	0.777368	0.000000	-0.044295	0.733073	40.000000
56.426000	39.878142	0.804264	0.000000	-0.020781	0.783483	40.000000
56.336000	39.876272	0.816608	0.000000	0.033004	0.849612	40.000000
56.245000	39.879275	0.796786	0.000000	0.033057	0.829843	40.000000
56.156000	39.882217	0.777368	0.000000	0.071401	0.848769	40.000000
56.067000	39.888572	0.735427	0.000000	0.021203	0.756631	40.000000
55.897000	39.892176	0.711637	0.000000	0.039781	0.751417	40.000000
55.796000	39.896194	0.685119	0.000000	0.071372	0.756491	40.000000
55.696000	39.903331	0.638014	0.000000	0.075065	0.713078	40.000000
55.596000	39.910838	0.588471	0.000000	0.094221	0.682692	40.000000
55.496000	39.920260	0.526285	0.000000	0.116973	0.643258	40.000000
55.397000	39.931840	0.449855	0.000000	0.110713	0.560568	40.000000
55.300000	39.942579	0.378977	0.000000	0.107949	0.486926	40.000000
55.210000	39.952295	0.314856	0.000000	0.110549	0.425405	40.000000
55.097000	39.964787	0.232408	0.000000	0.138446	0.370854	40.000000
55.000000	39.978216	0.143775	0.000000	0.144488	0.288263	40.000000
54.897000	39.993098	0.045552	0.000000	0.088579	0.134131	40.000000
54.798000	40.001868	-0.012326	0.000000	0.134950	0.122624	40.000000
54.699000	40.015228	-0.100502	0.000000	0.089702	-0.010800	40.000000
54.601000	40.024018	-0.158521	0.000000	0.049168	-0.109353	40.000000
54.497000	40.029132	-0.192270	0.000000	0.052881	-0.139390	40.000000
54.398000	40.034367	-0.226822	0.000000	0.032795	-0.194027	40.000000
54.299000	40.037614	-0.248251	0.000000	-0.007582	-0.255833	40.000000
54.196000	40.036833	-0.243097	0.000000	-0.042039	-0.285135	40.000000
54.100000	40.032797	-0.216461	0.000000	-0.011254	-0.227715	40.000000
53.999000	40.031661	-0.208959	0.000000	-0.042103	-0.251062	40.000000
53.896000	40.027324	-0.180338	0.000000	-0.018611	-0.198949	40.000000
53.799000	40.025519	-0.168424	0.000000	-0.090605	-0.259029	40.000000
53.696000	40.016186	-0.106830	0.000000	-0.043479	-0.150309	40.000000
53.595000	40.011795	-0.077847	0.000000	-0.030019	-0.107866	40.000000
53.497000	40.008853	-0.058430	0.000000	-0.152580	-0.211010	40.000000
53.404000	39.994663	0.035223	0.000000	-0.177309	-0.142086	40.000000
53.294000	39.975159	0.163949	0.000000	-0.142651	0.021298	40.000000
53.196000	39.961179	0.256216	0.000000	-0.215754	0.040462	40.000000
53.097000	39.939820	0.397189	0.000000	-0.185975	0.211214	40.000000
52.997000	39.921222	0.519933	0.000000	-0.193980	0.325953	40.000000
52.898000	39.902018	0.646680	0.000000	-0.147256	0.499424	40.000000
52.799000	39.887440	0.742897	0.000000	-0.105441	0.637456	40.000000
52.696000	39.876579	0.814576	0.000000	-0.094001	0.720575	40.000000
52.597000	39.867273	0.875996	0.000000	-0.048663	0.827333	40.000000
52.496000	39.862358	0.908435	0.000000	-0.011874	0.896561	40.000000
52.399000	39.861207	0.916036	0.000000	-0.024992	0.891045	40.000000
52.296000	39.858632	0.933026	0.000000	0.027608	0.960633	40.000000
52.196000	39.861393	0.914805	0.000000	0.100192	1.014997	40.000000
52.102000	39.870811	0.852645	0.000000	0.076010	0.928655	40.000000
51.997000	39.878792	0.799971	0.000000	0.083915	0.883885	40.000000
51.899000	39.887016	0.745695	0.000000	0.051589	0.797284	40.000000
51.799000	39.892175	0.711646	0.000000	0.058862	0.770507	40.000000
51.696000	39.898238	0.671631	0.000000	0.162212	0.833844	40.000000
51.598000	39.914134	0.566713	0.000000	0.099834	0.666547	40.000000
51.497000	39.924218	0.500163	0.000000	0.146949	0.647113	40.000000
51.399000	39.938619	0.405117	0.000000	0.150900	0.556016	40.000000
51.298000	39.953860	0.304527	0.000000	0.114453	0.418979	40.000000
51.200000	39.965076	0.230499	0.000000	0.044388	0.274887	40.000000
51.096000	39.969692	0.200031	0.000000	0.076278	0.276308	40.000000
50.996000	39.977320	0.149687	0.000000	0.093855	0.243543	40.000000
50.895000	39.986799	0.087123	0.000000	0.123032	0.210155	40.000000
50.796000	39.998980	0.006734	0.000000	0.072859	0.079593	40.000000
50.696000	40.006266	-0.041353	0.000000	0.073161	0.031808	40.000000
50.599000	40.013362	-0.088190	0.000000	0.060161	-0.028030	40.000000
50.501000	40.019258	-0.127102	0.000000	0.019521	-0.107582	40.000000
50.399000	40.021249	-0.140244	0.000000	0.018098	-0.122146	40.000000
50.296000	40.023113	-0.152546	0.000000	0.064142	-0.088404	40.000000
50.204000	40.029014	-0.191494	0.000000	-0.016359	-0.207853	40.000000
50.097000	40.027264	-0.179941	0.000000	-0.030370	-0.210311	40.000000
50.000000	40.024318	-0.160498	0.000000	-0.078114	-0.238612	40.000000
49.899000	40.016428	-0.108427	0.000000	-0.105010	-0.213438	40.000000
49.797000	40.005717	-0.037735	0.000000	-0.092222	-0.129957	40.000000
49.696000	39.996403	0.023741	0.000000	-0.127314	-0.103573	40.000000
49.597000	39.983799	0.106928	0.000000	-0.100402	0.006526	40.000000
49.496000	39.973658	0.173856	0.000000	-0.144186	0.029670	40.000000
49.397000	39.959384	0.268067	0.000000	-0.069016	0.199051	40.000000
49.296000	39.952413	0.314073	0.000000	-0.110267	0.203806	40.000000
49.197000	39.941497	0.386121	0.000000	-0.106712	0.279409	40.000000
49.098000	39.930932	0.455847	0.000000	-0.079170	0.376677	40.000000
48.998000	39.923015	0.508099	0.000000	-0.099755	0.408344	40.000000
48.897000	39.912940	0.574596	0.000000	-0.095637	0.478959	40.000000
48.796000	39.903281	0.638348	0.000000	-0.098216	0.540132	40.000000
48.697000	39.893557	0.702522	0.000000	-0.038807	0.663715	40.000000
48.598000	39.889715	0.727878	0.000000	-0.040032	0.687846	40.000000
48.499000	39.885752	0.754035	0.000000	-0.071840	0.682195	40.000000
48.398000	39.878496	0.801924	0.000000	0.025463	0.827387	40.000000
48.299000	39.881017	0.785287	0.000000	-0.030634	0.754652	40.000000
48.197000	39.877893	0.805909	0.000000	0.010185	0.816094	40.000000
48.097000	39.878911	0.799188	0.000000	-0.021968	0.777219	40.000000
47.999000	39.876758	0.813397	0.000000	0.059949	0.873345	40.000000
47.897000	39.882873	0.773039	0.000000	0.086962	0.860001	40.000000
47.799000	39.891395	0.716793	0.000000	0.029341	0.746133	40.000000
47.701000	39.894270	0.697815	0.000000	0.054216	0.752030	40.000000
47.598000	39.899855	0.660959	0.000000	0.073495	0.734454	40.000000
47.500000	39.907057	0.613423	0.000000	0.037404	0.650827	40.000000
47.415000	39.910237	0.592439	0.000000	0.111098	0.703537	40.000000
47.327000	39.920013	0.527913	0.000000	0.063610	0.591523	40.000000
47.242000	39.925420	0.492227	0.000000	0.091645	0.583872	40.000000
47.151000	39.933760	0.437186	0.000000	0.076913	0.514099	40.000000
47.062000	39.940605	0.392007	0.000000	0.131499	0.523506	40.000000
46.896000	39.962434	0.247937	0.000000	0.087615	0.335551	40.000000
46.798000	39.971020	0.191268	0.000000	0.114696	0.305964	40.000000
46.697000	39.982604	0.114811	0.000000	0.085683	0.200494	40.000000
46.599000	39.991001	0.059391	0.000000	0.078258	0.137650	40.000000
46.497000	39.998984	0.006708	0.000000	0.094090	0.100798	40.000000
46.396000	40.008487	-0.056012	0.000000	0.124074	0.068061	40.000000
46.298000	40.020646	-0.136263	0.000000	0.057091	-0.079173	40.000000
46.200000	40.026241	-0.173189	0.000000	0.070269	-0.102920	40.000000
46.098000	40.033408	-0.220495	0.000000	0.053125	-0.167370	40.000000
45.995000	40.038880	-0.256609	0.000000	-0.059001	-0.315610	40.000000
45.897000	40.033098	-0.218447	0.000000	-0.025848	-0.244295	40.000000
45.797000	40.030513	-0.201387	0.000000	-0.086284	-0.287671	40.000000
45.698000	40.021971	-0.145009	0.000000	-0.030728	-0.175738	40.000000
45.600000	40.018960	-0.125134	0.000000	-0.113663	-0.238797	40.000000
45.501000	40.007707	-0.050867	0.000000	-0.073482	-0.124349	40.000000
45.397000	40.000065	-0.000429	0.000000	-0.140633	-0.141062	40.000000
45.298000	39.986142	0.091461	0.000000	-0.116163	-0.024702	40.000000
45.205000	39.975339	0.162761	0.000000	-0.143807	0.018954	40.000000
45.099000	39.960096	0.263369	0.000000	-0.128784	0.134585	40.000000
44.997000	39.946960	0.350066	0.000000	-0.146004	0.204062	40.000000
44.900000	39.932797	0.443538	0.000000	-0.139221	0.304317	40.000000
44.797000	39.918458	0.538180	0.000000	-0.123099	0.415081	40.000000
44.698000	39.906271	0.618614	0.000000	-0.112905	0.505709	40.000000
44.596000	39.894754	0.694621	0.000000	-0.116901	0.577720	40.000000
44.498000	39.883298	0.770233	0.000000	-0.042045	0.728188	40.000000
44.398000	39.879094	0.797982	0.000000	-0.049609	0.748373	40.000000
44.300000	39.874232	0.830069	0.000000	-0.030007	0.800062	40.000000
44.200000	39.871231	0.849874	0.000000	-0.030571	0.819303	40.000000
44.096000	39.868052	0.870858	0.000000	-0.015557	0.855301	40.000000
43.996000	39.866496	0.881125	0.000000	0.066666	0.947792	40.000000
43.897000	39.873096	0.837565	0.000000	0.032953	0.870519	40.000000
43.797000	39.876391	0.815816	0.000000	0.030035	0.845851	40.000000
43.699000	39.879335	0.796390	0.000000	0.079285	0.875674	40.000000
43.596000	39.887501	0.742492	0.000000	0.106187	0.848679	40.000000
43.500000	39.897695	0.675212	0.000000	0.097065	0.772277	40.000000
43.398000	39.907596	0.609868	0.000000	0.073481	0.683350	40.000000
43.300000	39.914797	0.562340	0.000000	0.105747	0.668088	40.000000
43.199000	39.925477	0.491849	0.000000	0.092749	0.584598	40.000000
43.100000	39.934660	0.431247	0.000000	0.156090	0.587337	40.000000
43.002000	39.949956	0.330288	0.000000	0.115386	0.445674	40.000000
42.898000	39.961957	0.251087	0.000000	0.097807	0.348893	40.000000
42.798000	39.971737	0.186534	0.000000	0.106858	0.293392	40.000000
42.698000	39.982423	0.116008	0.000000	0.098940	0.214948	40.000000
42.598000	39.992317	0.050708	0.000000	0.093016	0.143724	40.000000
42.496000	40.001805	-0.011911	0.000000	0.093078	0.081167	40.000000
42.397000	40.011019	-0.072728	0.000000	0.040237	-0.032491	40.000000
42.297000	40.015043	-0.099284	0.000000	0.066361	-0.032923	40.000000
42.198000	40.021613	-0.142644	0.000000	0.046941	-0.095703	40.000000
42.102000	40.026119	-0.172386	0.000000	0.064316	-0.108071	40.000000
41.999000	40.032744	-0.216108	0.000000	-0.025063	-0.241171	40.000000
41.898000	40.030212	-0.199401	0.000000	-0.005362	-0.204764	40.000000
41.798000	40.029676	-0.195862	0.000000	-0.006017	-0.201880	40.000000
41.698000	40.029074	-0.191891	0.000000	-0.057770	-0.249661	40.000000
41.599000	40.023355	-0.154144	0.000000	-0.022305	-0.176448	40.000000
41.499000	40.021125	-0.139423	0.000000	-0.028614	-0.168037	40.000000
41.396000	40.018177	-0.119971	0.000000	-0.102413	-0.222385	40.000000
41.299000	40.008243	-0.054406	0.000000	-0.068502	-0.122908	40.000000
41.198000	40.001325	-0.008742	0.000000	-0.123639	-0.132382	40.000000
41.099000	39.989084	0.072043	0.000000	-0.065980	0.006064	40.000000
40.998000	39.982420	0.116025	0.000000	-0.146005	-0.029980	40.000000
40.901000	39.968258	0.209497	0.000000	-0.137199	0.072298	40.000000
40.800000	39.954401	0.300955	0.000000	-0.117100	0.183854	40.000000
40.698000	39.942457	0.379787	0.000000	-0.149020	0.230767	40.000000
40.599000	39.927704	0.477156	0.000000	-0.107014	0.370142	40.000000
40.498000	39.916895	0.548492	0.000000	-0.127723	0.420769	40.000000
40.397000	39.903995	0.633632	0.000000	-0.115097	0.518536	40.000000
40.300000	39.892831	0.707317	0.000000	-0.069260	0.638057	40.000000
40.210000	39.886597	0.748457	0.000000	-0.050812	0.697645	40.000000
40.099000	39.880957	0.785682	0.000000	-0.064171	0.721511	40.000000
39.998000	39.874476	0.828459	0.000000	-0.079405	0.749055	40.000000
39.899000	39.866615	0.880342	0.000000	-0.015892	0.864450	40.000000
39.797000	39.864994	0.891041	0.000000	0.017139	0.908180	40.000000
39.699000	39.866673	0.879955	0.000000	0.056318	0.936273	40.000000
39.602000	39.872136	0.843900	0.000000	0.029137	0.873037	40.000000
39.497000	39.875196	0.823708	0.000000	0.062960	0.886669	40.000000
39.397000	39.881492	0.782154	0.000000	0.072397	0.854552	40.000000
39.300000	39.888514	0.735805	0.000000	0.077821	0.813626	40.000000
39.202000	39.896141	0.685471	0.000000	0.099954	0.785425	40.000000
39.097000	39.906636	0.616203	0.000000	0.084148	0.700351	40.000000
39.000000	39.914798	0.562331	0.000000	0.108187	0.670518	40.000000
38.898000	39.925833	0.489500	0.000000	0.100273	0.589773	40.000000
38.798000	39.935861	0.423320	0.000000	0.111474	0.534794	40.000000
38.700000	39.946785	0.351219	0.000000	0.095914	0.447133	40.000000
38.600000	39.956376	0.287916	0.000000	0.095514	0.383430	40.000000
38.497000	39.966214	0.222985	0.000000	0.141237	0.364222	40.000000
38.398000	39.980197	0.130701	0.000000	0.091808	0.222509	40.000000
38.298000	39.989378	0.070108	0.000000	0.135403	0.205511	40.000000
38.200000	40.002647	-0.017471	0.000000	0.164661	0.147190	40.000000
38.098000	40.019442	-0.128320	0.000000	0.076767	-0.051554	40.000000
38.000000	40.026966	-0.177973	0.000000	0.073215	-0.104758	40.000000
37.899000	40.034360	-0.226778	0.000000	0.070462	-0.156317	40.000000
37.798000	40.041477	-0.273748	0.000000	0.072277	-0.201471	40.000000
37.699000	40.048632	-0.320974	0.000000	0.091683	-0.229291	40.000000
37.596000	40.058076	-0.383300	0.000000	-0.009698	-0.392998	40.000000
37.497000	40.057116	-0.376963	0.000000	0.018114	-0.358849	40.000000
37.400000	40.058873	-0.388560	0.000000	-0.050667	-0.439227	40.000000
37.300000	40.053806	-0.355120	0.000000	-0.001717	-0.356837	40.000000
37.198000	40.053631	-0.353964	0.000000	-0.108983	-0.462946	40.000000
37.098000	40.042733	-0.282035	0.000000	-0.072026	-0.354061	40.000000
36.996000	40.035386	-0.233548	0.000000	-0.094280	-0.327827	40.000000
36.899000	40.026241	-0.173189	0.000000	-0.062038	-0.235228	40.000000
36.800000	40.020099	-0.132654	0.000000	-0.111084	-0.243737	40.000000
36.702000	40.009213	-0.060805	0.000000	-0.146579	-0.207383	40.000000
36.597000	39.993822	0.040774	0.000000	-0.193954	-0.153179	40.000000
36.498000	39.974621	0.167504	0.000000	-0.199253	-0.031749	40.000000
36.398000	39.954695	0.299010	0.000000	-0.160971	0.138040	40.000000
36.297000	39.938437	0.406313	0.000000	-0.165911	0.240402	40.000000
36.199000	39.922178	0.513625	0.000000	-0.175218	0.338407	40.000000
36.099000	39.904656	0.629268	0.000000	-0.132244	0.497024	40.000000
35.996000	39.891035	0.719168	0.000000	-0.040373	0.678795	40.000000
35.898000	39.887079	0.745281	0.000000	-0.070421	0.674860	40.000000
35.800000	39.880177	0.790829	0.000000	-0.028616	0.762214	40.000000
35.697000	39.877230	0.810282	0.000000	-0.026341	0.783941	40.000000
35.597000	39.874596	0.827667	0.000000	-0.003689	0.823978	40.000000
35.498000	39.874231	0.830078	0.000000	-0.023955	0.806123	40.000000
35.398000	39.871835	0.845888	0.000000	-0.034279	0.811610	40.000000
35.300000	39.868476	0.868060	0.000000	-0.017455	0.850605	40.000000
35.204000	39.866800	0.879119	0.000000	-0.022500	0.856619	40.000000
35.097000	39.864393	0.895009	0.000000	0.014281	0.909290	40.000000
34.996000	39.865835	0.885489	0.000000	0.044685	0.930174	40.000000
34.898000	39.870214	0.856587	0.000000	0.064739	0.921326	40.000000
34.797000	39.876753	0.813432	0.000000	0.105787	0.919218	40.000000
34.696000	39.887437	0.742914	0.000000	0.126877	0.869792	40.000000
34.600000	39.899617	0.662525	0.000000	0.103765	0.766291	40.000000
34.500000	39.909994	0.594040	0.000000	0.135208	0.729248	40.000000
34.397000	39.923920	0.502125	0.000000	0.128578	0.630704	40.000000
34.300000	39.936392	0.419810	0.000000	0.119509	0.539318	40.000000
34.200000	39.948343	0.340934	0.000000	0.122240	0.463174	40.000000
34.097000	39.960934	0.257835	0.000000	0.106098	0.363932	40.000000
34.002000	39.971013	0.191312	0.000000	0.113430	0.304742	40.000000
33.902000	39.982356	0.116448	0.000000	0.080009	0.196457	40.000000
33.797000	39.990757	0.061002	0.000000	0.086662	0.147664	40.000000
33.698000	39.999337	0.004376	0.000000	0.078875	0.083251	40.000000
33.598000	40.007224	-0.047681	0.000000	0.075069	0.027388	40.000000
33.497000	40.014806	-0.097722	0.000000	0.094474	-0.003248	40.000000
33.397000	40.024254	-0.160075	0.000000	0.090916	-0.069158	40.000000
33.299000	40.033164	-0.218879	0.000000	0.101382	-0.117497	40.000000
33.201000	40.043099	-0.284453	0.000000	0.058993	-0.225460	40.000000
33.098000	40.049175	-0.324557	0.000000	0.045104	-0.279453	40.000000
32.998000	40.053686	-0.354326	0.000000	0.053582	-0.300744	40.000000
32.898000	40.059044	-0.389690	0.000000	-0.006004	-0.395694	40.000000
32.798000	40.058443	-0.385727	0.000000	0.047866	-0.337861	40.000000
32.705000	40.062895	-0.415107	0.000000	-0.020208	-0.435315	40.000000
32.598000	40.060733	-0.400836	0.000000	0.008411	-0.392425	40.000000
32.498000	40.061574	-0.406388	0.000000	-0.028568	-0.434955	40.000000
32.399000	40.058746	-0.387721	0.000000	-0.038124	-0.425846	40.000000
32.301000	40.055010	-0.363063	0.000000	-0.049859	-0.412922	40.000000
32.196000	40.049774	-0.328511	0.000000	-0.075036	-0.403546	40.000000
32.099000	40.042496	-0.280473	0.000000	-0.108617	-0.389090	40.000000
32.002000	40.031960	-0.210936	0.000000	-0.110949	-0.321886	40.000000
31.899000	40.020532	-0.135513	0.000000	-0.118632	-0.254145	40.000000
31.797000	40.008432	-0.055650	0.000000	-0.129662	-0.185313	40.000000
31.701000	39.995984	0.026504	0.000000	-0.128609	-0.102105	40.000000
31.596000	39.982480	0.115630	0.000000	-0.167635	-0.052006	40.000000
31.499000	39.966220	0.222950	0.000000	-0.193227	0.029723	40.000000
31.399000	39.946897	0.350480	0.000000	-0.164277	0.186202	40.000000
31.296000	39.929976	0.462155	0.000000	-0.172746	0.289409	40.000000
31.197000	39.912875	0.575027	0.000000	-0.195437	0.379590	40.000000
31.100000	39.893917	0.700146	0.000000	-0.124719	0.575427	40.000000
30.998000	39.881196	0.784108	0.000000	-0.129184	0.654923	40.000000
30.900000	39.868536	0.867664	0.000000	-0.129477	0.738187	40.000000
30.798000	39.855329	0.954828	0.000000	-0.094410	0.860418	40.000000
30.697000	39.845794	1.017761	0.000000	-0.083151	0.934610	40.000000
30.596000	39.837395	1.073190	0.000000	-0.068750	1.004440	40.000000
30.500000	39.830796	1.116750	0.000000	0.034904	1.151654	40.000000
30.402000	39.834216	1.094174	0.000000	0.006306	1.100480	40.000000
30.298000	39.834872	1.089845	0.000000	0.057553	1.147398	40.000000
30.200000	39.840512	1.052620	0.000000	0.098228	1.150848	40.000000
30.098000	39.850531	0.986492	0.000000	0.095239	1.081732	40.000000
29.999000	39.859960	0.924263	0.000000	0.187908	1.112170	40.000000
29.900000	39.878563	0.801484	0.000000	0.141571	0.943055	40.000000
29.800000	39.892720	0.708047	0.000000	0.191752	0.899799	40.000000
29.698000	39.912279	0.578960	0.000000	0.170965	0.749925	40.000000
29.598000	39.929375	0.466123	0.000000	0.144501	0.610624	40.000000
29.500000	39.943536	0.372660	0.000000	0.158355	0.531015	40.000000
29.395000	39.960164	0.262920	0.000000	0.185542	0.448463	40.000000
29.298000	39.978161	0.144136	0.000000	0.176331	0.320467	40.000000
29.200000	39.995442	0.030085	0.000000	0.168572	0.198657	40.000000
29.098000	40.012636	-0.083398	0.000000	0.147847	0.064449	40.000000
28.997000	40.027569	-0.181953	0.000000	0.098111	-0.083842	40.000000
28.897000	40.037380	-0.246706	0.000000	0.148591	-0.098116	40.000000
28.797000	40.052239	-0.344776	0.000000	0.138838	-0.205939	40.000000
28.699000	40.065845	-0.434576	0.000000	0.084749	-0.349828	40.000000
28.601000	40.074150	-0.489392	0.000000	0.107422	-0.381970	40.000000
28.499000	40.085107	-0.561709	0.000000	0.077104	-0.484605	40.000000
28.396000	40.093049	-0.614124	0.000000	0.050159	-0.563965	40.000000
28.300000	40.097864	-0.645905	0.000000	0.055960	-0.589945	40.000000
28.201000	40.103404	-0.682469	0.000000	0.073917	-0.608552	40.000000
28.100000	40.110870	-0.731742	0.000000	0.042968	-0.688774	40.000000
28.002000	40.115081	-0.759534	0.000000	-0.039345	-0.798879	40.000000
27.898000	40.110989	-0.732528	0.000000	-0.056653	-0.789181	40.000000
27.797000	40.105267	-0.694763	0.000000	-0.083480	-0.778243	40.000000
27.699000	40.097086	-0.640768	0.000000	-0.061365	-0.702133	40.000000
27.599000	40.090950	-0.600268	0.000000	-0.092107	-0.692374	40.000000
27.499000	40.081739	-0.539477	0.000000	-0.081491	-0.620968	40.000000
27.397000	40.073427	-0.484617	0.000000	-0.065645	-0.550262	40.000000
27.298000	40.066928	-0.441725	0.000000	-0.084447	-0.526172	40.000000
27.199000	40.058568	-0.386548	0.000000	-0.153485	-0.540033	40.000000
27.099000	40.043219	-0.285248	0.000000	-0.164207	-0.449454	40.000000
27.000000	40.026963	-0.177955	0.000000	-0.142348	-0.320304	40.000000
26.896000	40.012159	-0.080247	0.000000	-0.190672	-0.270919	40.000000
26.797000	39.993282	0.044338	0.000000	-0.170295	-0.125957	40.000000
26.698000	39.976423	0.155609	0.000000	-0.200412	-0.044804	40.000000
26.598000	39.956382	0.287881	0.000000	-0.228894	0.058987	40.000000
26.496000	39.933035	0.441972	0.000000	-0.259007	0.182965	40.000000
26.401000	39.908429	0.604369	0.000000	-0.232268	0.372101	40.000000
26.300000	39.884970	0.759200	0.000000	-0.189198	0.570002	40.000000
26.203000	39.866617	0.880325	0.000000	-0.180637	0.699688	40.000000
26.100000	39.848012	1.003121	0.000000	-0.102144	0.900977	40.000000
25.999000	39.837695	1.071210	0.000000	-0.086989	0.984221	40.000000
25.901000	39.829171	1.127475	0.000000	-0.063551	1.063924	40.000000
25.800000	39.822752	1.169838	0.000000	-0.015289	1.154549	40.000000
25.702000	39.821253	1.179727	0.000000	0.002298	1.182025	40.000000
25.597000	39.821495	1.178135	0.000000	0.045923	1.224057	40.000000
25.499000	39.825995	1.148432	0.000000	0.049673	1.198105	40.000000
25.400000	39.830913	1.115975	0.000000	0.161037	1.277012	40.000000
25.299000	39.847177	1.008629	0.000000	0.119962	1.128591	40.000000
25.198000	39.859294	0.928662	0.000000	0.148705	1.077367	40.000000
25.102000	39.873569	0.834442	0.000000	0.158672	0.993114	40.000000
24.998000	39.890071	0.725529	0.000000	0.217166	0.942695	40.000000
24.901000	39.911136	0.586500	0.000000	0.160620	0.747120	40.000000
24.799000	39.927520	0.478370	0.000000	0.203167	0.681537	40.000000
24.698000	39.948039	0.342940	0.000000	0.215727	0.558667	40.000000
24.599000	39.969396	0.201984	0.000000	0.155940	0.357924	40.000000
24.502000	39.984523	0.102151	0.000000	0.196651	0.298802	40.000000
24.404000	40.003794	-0.025043	0.000000	0.224091	0.199047	40.000000
24.299000	40.027324	-0.180338	0.000000	0.193966	0.013628	40.000000
24.204000	40.045751	-0.301955	0.000000	0.158939	-0.143016	40.000000
24.098000	40.062598	-0.413148	0.000000	0.153251	-0.259897	40.000000
23.999000	40.077770	-0.513283	0.000000	0.139753	-0.373530	40.000000
23.903000	40.091186	-0.601830	0.000000	0.177077	-0.424753	40.000000
23.799000	40.109602	-0.723376	0.000000	0.152272	-0.571104	40.000000
23.697000	40.125134	-0.825885	0.000000	0.110511	-0.715374	40.000000
23.599000	40.135964	-0.897363	0.000000	0.102938	-0.794425	40.000000
23.499000	40.146258	-0.965302	0.000000	0.038623	-0.926679	40.000000
23.396000	40.150236	-0.991559	0.000000	0.030701	-0.960857	40.000000
23.298000	40.153245	-1.011416	0.000000	0.049695	-0.961721	40.000000
23.200000	40.158115	-1.043559	0.000000	0.000622	-1.042937	40.000000
23.099000	40.158178	-1.043974	0.000000	0.015182	-1.028792	40.000000
23.000000	40.159681	-1.053894	0.000000	0.027393	-1.026501	40.000000
22.901000	40.162393	-1.071792	0.000000	0.054916	-1.016875	40.000000
22.798000	40.168049	-1.109124	0.000000	0.025175	-1.083949	40.000000
22.700000	40.170516	-1.125407	0.000000	-0.081689	-1.207096	40.000000
22.599000	40.162266	-1.070953	0.000000	-0.008897	-1.079850	40.000000
22.498000	40.161367	-1.065023	0.000000	-0.017006	-1.082028	40.000000
22.399000	40.159684	-1.053911	0.000000	-0.013577	-1.067488	40.000000
22.301000	40.158353	-1.045130	0.000000	0.009386	-1.035743	40.000000
22.198000	40.159320	-1.051511	0.000000	-0.073560	-1.125071	40.000000
22.099000	40.152037	-1.003447	0.000000	-0.117947	-1.121394	40.000000
22.001000	40.140479	-0.927158	0.000000	-0.012939	-0.940098	40.000000
21.899000	40.139159	-0.918447	0.000000	-0.141423	-1.059871	40.000000
21.799000	40.125016	-0.825108	0.000000	-0.124046	-0.949155	40.000000
21.701000	40.112860	-0.744875	0.000000	-0.147215	-0.892089	40.000000
21.602000	40.098286	-0.648685	0.000000	-0.155389	-0.804073	40.000000
21.499000	40.082281	-0.543052	0.000000	-0.237250	-0.780302	40.000000
21.397000	40.058081	-0.383335	0.000000	-0.252908	-0.636243	40.000000
21.298000	40.033043	-0.218085	0.000000	-0.320430	-0.538515	40.000000
21.199000	40.001321	-0.008716	0.000000	-0.308405	-0.317121	40.000000
21.099000	39.970480	0.194831	0.000000	-0.293940	-0.099109	40.000000
21.001000	39.941674	0.384951	0.000000	-0.324779	0.060172	40.000000
20.897000	39.907897	0.607880	0.000000	-0.303168	0.304712	40.000000
20.800000	39.878490	0.801968	0.000000	-0.315381	0.486587	40.000000
20.699000	39.846636	1.012201	0.000000	-0.238209	0.773992	40.000000
20.598000	39.822577	1.170991	0.000000	-0.258454	0.912536	40.000000
20.497000	39.796473	1.343277	0.000000	-0.195655	1.147622	40.000000
20.401000	39.777690	1.467243	0.000000	-0.132953	1.334291	40.000000
20.299000	39.764129	1.556747	0.000000	-0.076377	1.480370	40.000000
20.204000	39.756873	1.604636	0.000000	0.071162	1.675798	40.000000
20.102000	39.764132	1.556730	0.000000	0.133819	1.690548	40.000000
19.998000	39.778049	1.464877	0.000000	0.033606	1.498483	40.000000
19.898000	39.781410	1.442696	0.000000	0.127438	1.570134	40.000000
19.801000	39.793771	1.361111	0.000000	0.161170	1.522281	40.000000
19.699000	39.810210	1.252611	0.000000	0.201858	1.454469	40.000000
19.600000	39.830194	1.120718	0.000000	0.247021	1.367738	40.000000
19.498000	39.855390	0.954423	0.000000	0.251416	1.205839	40.000000
19.403000	39.879275	0.796786	0.000000	0.297104	1.093889	40.000000
19.300000	39.909877	0.594814	0.000000	0.229313	0.824127	40.000000
19.199000	39.933037	0.441955	0.000000	0.279612	0.721567	40.000000
19.102000	39.960160	0.262946	0.000000	0.283813	0.546760	40.000000
18.998000	39.989676	0.068137	0.000000	0.317163	0.385300	40.000000
18.900000	40.020758	-0.137005	0.000000	0.259883	0.122879	40.000000
18.802000	40.046227	-0.305096	0.000000	0.277942	-0.027154	40.000000
18.700000	40.074577	-0.492207	0.000000	0.262566	-0.229642	40.000000
18.601000	40.100571	-0.663768	0.000000	0.270889	-0.392879	40.000000
18.499000	40.128202	-0.846131	0.000000	0.250906	-0.595225	40.000000
18.398000	40.153543	-1.013384	0.000000	0.287112	-0.726272	40.000000
18.298000	40.182254	-1.202878	0.000000	0.307067	-0.895812	40.000000
18.200000	40.212347	-1.401489	0.000000	0.294018	-1.107470	40.000000
18.096000	40.242925	-1.603303	0.000000	0.301575	-1.301729	40.000000
17.999000	40.272178	-1.796372	0.000000	0.220292	-1.576080	40.000000
17.899000	40.294207	-1.941764	0.000000	0.308787	-1.632977	40.000000
17.800000	40.324777	-2.143525	0.000000	0.297443	-1.846082	40.000000
17.699000	40.354818	-2.341801	0.000000	0.347339	-1.994462	40.000000
17.603000	40.388163	-2.561875	0.000000	0.249674	-2.312201	40.000000
17.502000	40.413380	-2.728308	0.000000	0.246505	-2.481803	40.000000
17.397000	40.439263	-2.899136	0.000000	0.282637	-2.616499	40.000000
17.298000	40.467244	-3.083811	0.000000	0.309564	-2.774247	40.000000
17.200000	40.497581	-3.284037	0.000000	0.232661	-3.051376	40.000000
17.096000	40.521778	-3.443736	0.000000	0.238873	-3.204862	40.000000
17.000000	40.544710	-3.595085	0.000000	0.293659	-3.301426	40.000000
16.901000	40.573782	-3.786962	0.000000	0.302707	-3.484256	40.000000
16.799000	40.604658	-3.990745	0.000000	0.254745	-3.736000	40.000000
16.700000	40.629878	-4.157195	0.000000	0.268504	-3.888691	40.000000
16.598000	40.657265	-4.337952	0.000000	0.251421	-4.086531	40.000000
16.497000	40.682659	-4.505549	0.000000	0.250113	-4.255437	40.000000
16.400000	40.706920	-4.665672	0.000000	0.301555	-4.364116	40.000000
16.302000	40.736472	-4.860717	0.000000	0.229085	-4.631632	40.000000
16.204000	40.758923	-5.008890	0.000000	0.256273	-4.752617	40.000000
16.099000	40.785831	-5.186487	0.000000	0.271757	-4.914730	40.000000
15.998000	40.813279	-5.367640	0.000000	0.250941	-5.116700	40.000000
15.898000	40.838373	-5.533261	0.000000	0.305789	-5.227473	40.000000
15.799000	40.868646	-5.733063	0.000000	0.261252	-5.471812	40.000000
15.702000	40.893987	-5.900317	0.000000	0.318878	-5.581438	40.000000
15.601000	40.926194	-6.112881	0.000000	0.310734	-5.802147	40.000000
15.497000	40.958510	-6.326168	0.000000	0.297297	-6.028872	40.000000
15.399000	40.987645	-6.518460	0.000000	0.297873	-6.220587	40.000000
15.300000	41.017135	-6.713090	0.000000	0.265747	-6.447343	40.000000
15.199000	41.043975	-6.890237	0.000000	0.218935	-6.671303	40.000000
15.097000	41.066307	-7.037624	0.000000	0.241444	-6.796180	40.000000
15.002000	41.089244	-7.189010	0.000000	0.255926	-6.933084	40.000000
14.899000	41.115604	-7.362988	0.000000	0.222263	-7.140725	40.000000
14.801000	41.137386	-7.506748	0.000000	0.241984	-7.264764	40.000000
14.697000	41.162552	-7.672845	0.000000	0.239549	-7.433296	40.000000
14.598000	41.186268	-7.829367	0.000000	0.311906	-7.517461	40.000000
14.499000	41.217147	-8.033167	0.000000	0.220199	-7.812968	40.000000
14.402000	41.238506	-8.174138	0.000000	0.259486	-7.914652	40.000000
14.302000	41.264454	-8.345398	0.000000	0.273183	-8.072215	40.000000
14.200000	41.292319	-8.529305	0.000000	0.211921	-8.317385	40.000000
14.100000	41.313511	-8.669173	0.000000	0.211434	-8.457739	40.000000
13.997000	41.335289	-8.812907	0.000000	0.208263	-8.604643	40.000000
13.899000	41.355699	-8.947611	0.000000	0.227424	-8.720187	40.000000
13.804000	41.377304	-9.090206	0.000000	0.222202	-8.868004	40.000000
13.697000	41.401080	-9.247125	0.000000	0.277923	-8.969202	40.000000
13.598000	41.428594	-9.428720	0.000000	0.290447	-9.138273	40.000000
13.500000	41.457058	-9.616581	0.000000	0.215740	-9.400841	40.000000
13.399000	41.478848	-9.760394	0.000000	0.255934	-9.504460	40.000000
13.300000	41.504185	-9.927621	0.000000	0.183022	-9.744599	40.000000
13.201000	41.522304	-10.047207	0.000000	0.189871	-9.857336	40.000000
13.098000	41.541861	-10.176281	0.000000	0.194741	-9.981540	40.000000
13.000000	41.560945	-10.302240	0.000000	0.214535	-10.087705	40.000000
12.899000	41.582614	-10.445250	0.000000	0.218033	-10.227216	40.000000
12.801000	41.603981	-10.586273	0.000000	0.189731	-10.396543	40.000000
12.696000	41.623903	-10.717757	0.000000	0.163181	-10.554575	40.000000
12.599000	41.639731	-10.822225	0.000000	0.136220	-10.686005	40.000000
12.500000	41.653217	-10.911231	0.000000	0.203136	-10.708095	40.000000
12.399000	41.673734	-11.046642	0.000000	0.169539	-10.877103	40.000000
12.301000	41.690348	-11.156300	0.000000	0.149931	-11.006369	40.000000
12.203000	41.705042	-11.253275	0.000000	0.196934	-11.056341	40.000000
12.104000	41.724538	-11.381952	0.000000	0.174270	-11.207682	40.000000
11.999000	41.742837	-11.502721	0.000000	0.142723	-11.359998	40.000000
11.902000	41.756681	-11.594092	0.000000	0.184706	-11.409386	40.000000
11.801000	41.775336	-11.717218	0.000000	0.166541	-11.550676	40.000000
11.698000	41.792490	-11.830432	0.000000	0.122871	-11.707561	40.000000
11.601000	41.804408	-11.909095	0.000000	0.125970	-11.783124	40.000000
11.503000	41.816753	-11.990572	0.000000	0.060658	-11.929914	40.000000
11.398000	41.823123	-12.032609	0.000000	0.078075	-11.954534	40.000000
11.297000	41.831008	-12.084653	0.000000	0.018262	-12.066391	40.000000
11.198000	41.832816	-12.096585	0.000000	0.060821	-12.035764	40.000000
11.105000	41.838472	-12.133917	0.000000	0.096461	-12.037457	40.000000
11.002000	41.848408	-12.199491	0.000000	0.110119	-12.089372	40.000000
10.902000	41.859420	-12.272170	0.000000	0.078137	-12.194033	40.000000
10.798000	41.867546	-12.325803	0.000000	0.055935	-12.269868	40.000000
10.698000	41.873139	-12.362720	0.000000	0.009806	-12.352914	40.000000
10.599000	41.874110	-12.369128	0.000000	0.011721	-12.357407	40.000000
10.501000	41.875259	-12.376709	0.000000	0.062425	-12.314284	40.000000
10.400000	41.881564	-12.418322	0.000000	0.073741	-12.344580	40.000000
10.297000	41.889159	-12.468451	0.000000	0.039508	-12.428942	40.000000
10.198000	41.893071	-12.494266	0.000000	-0.043209	-12.537475	40.000000
10.099000	41.888793	-12.466033	0.000000	-0.079679	-12.545711	40.000000
10.000000	41.880905	-12.413971	0.000000	-0.067853	-12.481824	40.000000
9.899000	41.874051	-12.368739	0.000000	-0.114947	-12.483686	40.000000
9.799000	41.862557	-12.292875	0.000000	-0.125356	-12.418231	40.000000
9.701000	41.850272	-12.211794	0.000000	-0.139030	-12.350824	40.000000
9.601000	41.836369	-12.120035	0.000000	-0.158170	-12.278205	40.000000
9.499000	41.820235	-12.013554	0.000000	-0.182339	-12.195893	40.000000
9.401000	41.802366	-11.895618	0.000000	-0.219729	-12.115347	40.000000
9.301000	41.780393	-11.750596	0.000000	-0.243726	-11.994323	40.000000
9.199000	41.755533	-11.586520	0.000000	-0.225734	-11.812254	40.000000
9.099000	41.732960	-11.437535	0.000000	-0.275638	-11.713173	40.000000
8.999000	41.705396	-11.255614	0.000000	-0.365369	-11.620982	40.000000
8.900000	41.669225	-11.016882	0.000000	-0.376021	-11.392903	40.000000
8.799000	41.631246	-10.766227	0.000000	-0.401667	-11.167894	40.000000
8.701000	41.591883	-10.506428	0.000000	-0.393322	-10.899751	40.000000
8.598000	41.551371	-10.239049	0.000000	-0.433555	-10.672604	40.000000
8.500000	41.508883	-9.958625	0.000000	-0.444179	-10.402804	40.000000
8.400000	41.464465	-9.665466	0.000000	-0.551560	-10.217026	40.000000
8.302000	41.410412	-9.308718	0.000000	-0.550677	-9.859395	40.000000
8.201000	41.354793	-8.941636	0.000000	-0.713691	-9.655328	40.000000
8.102000	41.284138	-8.475311	0.000000	-0.672775	-9.148085	40.000000
8.000000	41.215515	-8.022400	0.000000	-0.715003	-8.737402	40.000000
7.900000	41.144015	-7.550496	0.000000	-0.773744	-8.324241	40.000000
7.804000	41.069735	-7.060253	0.000000	-0.758021	-7.818274	40.000000
7.698000	40.989385	-6.529942	0.000000	-0.862054	-7.391996	40.000000
7.599000	40.904042	-5.966676	0.000000	-0.934847	-6.901524	40.000000
7.505000	40.816166	-5.386695	0.000000	-0.969041	-6.355736	40.000000
7.404000	40.718293	-4.740733	0.000000	-1.048576	-5.789309	40.000000
7.300000	40.609241	-4.020990	0.000000	-1.124175	-5.145165	40.000000
7.198000	40.494575	-3.264197	0.000000	-1.169180	-4.433377	40.000000
7.099000	40.378827	-2.500255	0.000000	-1.319783	-3.820038	40.000000
7.001000	40.249488	-1.646619	0.000000	-1.322416	-2.969036	40.000000
6.903000	40.119891	-0.791280	0.000000	-1.337652	-2.128932	40.000000
6.804000	39.987463	0.082742	0.000000	-1.459699	-1.376957	40.000000
6.700000	39.835655	1.084680	0.000000	-1.355777	-0.271097	40.000000
6.599000	39.698721	1.988440	0.000000	-1.420959	0.567480	40.000000
6.501000	39.559467	2.907517	0.000000	-1.332554	1.574962	40.000000
6.400000	39.424879	3.795800	0.000000	-1.379437	2.416363	40.000000
6.302000	39.289695	4.688016	0.000000	-1.387817	3.300199	40.000000
6.201000	39.149525	5.613137	0.000000	-1.324193	4.288945	40.000000
6.100000	39.015781	6.495843	0.000000	-1.414218	5.081625	40.000000
6.000000	38.874360	7.429226	0.000000	-1.345583	6.083643	40.000000
5.901000	38.741147	8.308429	0.000000	-1.328536	6.979893	40.000000
5.802000	38.609622	9.176494	0.000000	-1.310137	7.866357	40.000000
5.699000	38.474678	10.067127	0.000000	-1.328339	8.738787	40.000000
5.605000	38.349814	10.891227	0.000000	-1.260581	9.630646	40.000000
5.502000	38.219974	11.748171	0.000000	-1.305404	10.442767	40.000000
5.412000	38.102487	12.523583	0.000000	-1.283371	11.240211	40.000000
5.332000	37.999818	13.201202	0.000000	-1.328461	11.872741	40.000000
5.254000	37.896198	13.885094	0.000000	-1.288553	12.596541	40.000000
5.174000	37.793114	14.565450	0.000000	-1.304781	13.260669	40.000000
5.072000	37.660026	15.443827	0.000000	-1.237586	14.206240	40.000000
4.901000	37.448399	16.840566	0.000000	-1.250485	15.590081	40.000000
4.800000	37.322100	17.674142	0.000000	-1.237530	16.436612	40.000000
4.699000	37.197109	18.499079	0.000000	-1.250738	17.248340	40.000000
4.602000	37.075788	19.299802	0.000000	-1.266013	18.033790	40.000000
4.501000	36.947920	20.143725	0.000000	-1.167330	18.976396	40.000000
4.402000	36.832355	20.906458	0.000000	-1.247820	19.658639	40.000000
4.299000	36.703829	21.754728	0.000000	-1.177563	20.577164	40.000000
4.200000	36.587250	22.524147	0.000000	-1.169441	21.354706	40.000000
4.100000	36.470306	23.295978	0.000000	-1.143060	22.152918	40.000000
4.000000	36.356001	24.050396	0.000000	-1.132883	22.917513	40.000000
3.900000	36.242712	24.798102	0.000000	-1.112104	23.685999	40.000000
3.799000	36.130390	25.539429	0.000000	-1.137430	24.401999	40.000000
3.706000	36.024609	26.237584	0.000000	-1.036651	25.200933	40.000000
3.601000	35.915760	26.955983	0.000000	-1.012903	25.943080	40.000000
3.500000	35.813457	27.631182	0.000000	-1.083064	26.548118	40.000000
3.401000	35.706234	28.338856	0.000000	-0.954705	27.384151	40.000000
3.300000	35.609808	28.975265	0.000000	-0.983617	27.991648	40.000000
3.198000	35.509480	29.637435	0.000000	-0.978295	28.659140	40.000000
3.103000	35.416541	30.250827	0.000000	-1.000037	29.250790	40.000000
3.004000	35.317538	30.904252	0.000000	-0.898901	30.005351	40.000000
2.899000	35.223153	31.527190	0.000000	-0.825827	30.701364	40.000000
2.802000	35.143048	32.055882	0.000000	-0.864633	31.191250	40.000000
2.702000	35.056585	32.626542	0.000000	-0.826987	31.799555	40.000000
2.601000	34.973059	33.177811	0.000000	-0.807589	32.370222	40.000000
2.503000	34.893915	33.700159	0.000000	-0.738261	32.961898	40.000000
2.398000	34.816398	34.211775	0.000000	-0.730571	33.481204	40.000000
2.301000	34.745532	34.679487	0.000000	-0.722396	33.957091	40.000000
2.203000	34.674738	35.146732	0.000000	-0.649294	34.497438	40.000000
2.103000	34.609808	35.575266	0.000000	-0.605289	34.969977	40.000000
2.000000	34.547464	35.986740	0.000000	-0.549605	35.437135	40.000000
1.900000	34.492503	36.349481	0.000000	-0.513229	35.836252	40.000000
1.799000	34.440667	36.691598	0.000000	-0.469183	36.222415	40.000000
1.700000	34.394218	36.998163	0.000000	-0.425933	36.572230	40.000000
1.599000	34.351199	37.282089	0.000000	-0.402048	36.880042	40.000000
1.502000	34.312200	37.539480	0.000000	-0.254486	37.284994	40.000000
1.398000	34.285733	37.714160	0.000000	-0.207244	37.506916	40.000000
1.299000	34.265216	37.849573	0.000000	-0.112830	37.736743	40.000000
1.199000	34.253933	37.924041	0.000000	-0.067811	37.856230	40.000000
1.100000	34.247220	37.968348	0.000000	-0.019615	37.948733	40.000000
1.002000	34.245298	37.981035	0.000000	0.068862	38.049897	40.000000
0.900000	34.252322	37.934678	0.000000	0.153643	38.088320	40.000000
0.802000	34.267378	37.835302	0.000000	0.138544	37.973847	40.000000
0.702000	34.281233	37.743863	0.000000	0.157624	37.901487	40.000000
0.603000	34.296838	37.640871	0.000000	0.152348	37.793219	40.000000
0.501000	34.312377	37.538310	0.000000	0.143297	37.681608	40.000000
0.398000	34.327137	0.000000	0.000000	0.000000	0.000000	40.000000
0.299000	34.342315	0.000000	0.000000	0.000000	0.000000	40.000000
0.200000	34.356480	0.000000	0.000000	0.000000	0.000000	40.000000
0.100000	34.372324	0.000000	0.000000	0.000000	0.000000	40.000000
