Zeit (s)	Istwert	P	I	D	Regelausgang	Sollwert
49.498000	39.892537	0.451343	0.000000	0.041244	0.492587	40.000000
49.399000	39.896621	0.434193	0.000000	-0.012064	0.422129	40.000000
49.299000	39.895414	0.439260	0.000000	-0.003659	0.435601	40.000000
49.201000	39.895056	0.440766	0.000000	0.035663	0.476429	40.000000
49.100000	39.898658	0.425638	0.000000	0.015902	0.441540	40.000000
49.002000	39.900216	0.419093	0.000000	0.029734	0.448827	40.000000
48.897000	39.903338	0.405981	0.000000	0.006067	0.412047	40.000000
48.799000	39.903932	0.403484	0.000000	0.004285	0.407768	40.000000
48.701000	39.904352	0.401720	0.000000	0.004102	0.405822	40.000000
48.597000	39.904779	0.399928	0.000000	-0.012341	0.387587	40.000000
48.500000	39.903582	0.404956	0.000000	0.042780	0.447736	40.000000
48.402000	39.907774	0.387348	0.000000	0.034083	0.421431	40.000000
48.298000	39.911319	0.372460	0.000000	-0.006816	0.365644	40.000000
48.201000	39.910658	0.375237	0.000000	0.007659	0.382896	40.000000
48.099000	39.911439	0.371956	0.000000	0.016604	0.388560	40.000000
47.998000	39.913116	0.364913	0.000000	0.064313	0.429226	40.000000
47.900000	39.919419	0.338442	0.000000	0.000566	0.339007	40.000000
47.801000	39.919475	0.338207	0.000000	0.002115	0.340321	40.000000
47.714000	39.919659	0.337434	0.000000	-0.004126	0.333308	40.000000
47.598000	39.919180	0.339444	0.000000	-0.004255	0.335189	40.000000
47.499000	39.918759	0.341213	0.000000	-0.061900	0.279313	40.000000
47.400000	39.912631	0.366951	0.000000	-0.005919	0.361032	40.000000
47.300000	39.912039	0.369437	0.000000	-0.023943	0.345494	40.000000
47.197000	39.909573	0.379795	0.000000	-0.036316	0.343479	40.000000
47.098000	39.905977	0.394895	0.000000	0.025463	0.420358	40.000000
46.999000	39.908498	0.384307	0.000000	-0.030647	0.353661	40.000000
46.901000	39.905495	0.396922	0.000000	-0.034918	0.362004	40.000000
46.803000	39.902073	0.411294	0.000000	-0.039979	0.371315	40.000000
46.698000	39.897875	0.428925	0.000000	-0.006612	0.422313	40.000000
46.598000	39.897214	0.431702	0.000000	0.050320	0.482021	40.000000
46.499000	39.902196	0.410779	0.000000	-0.012624	0.398155	40.000000
46.399000	39.900933	0.416081	0.000000	-0.017099	0.398982	40.000000
46.301000	39.899257	0.423119	0.000000	0.020194	0.443313	40.000000
46.200000	39.901297	0.414552	0.000000	0.005939	0.420492	40.000000
46.099000	39.901897	0.412033	0.000000	-0.022222	0.389811	40.000000
45.999000	39.899675	0.421366	0.000000	0.013371	0.434737	40.000000
45.900000	39.900998	0.415807	0.000000	0.022972	0.438778	40.000000
45.801000	39.903273	0.406255	0.000000	0.001804	0.408059	40.000000
45.699000	39.903457	0.405482	0.000000	0.027873	0.433355	40.000000
45.600000	39.906216	0.393893	0.000000	0.026478	0.420371	40.000000
45.498000	39.908917	0.382549	0.000000	0.051545	0.434094	40.000000
45.399000	39.914020	0.361117	0.000000	0.022009	0.383126	40.000000
45.301000	39.916177	0.352058	0.000000	0.014718	0.366776	40.000000
45.203000	39.917619	0.346000	0.000000	-0.004848	0.341153	40.000000
45.115000	39.917192	0.347792	0.000000	-0.012582	0.335210	40.000000
45.001000	39.915758	0.353816	0.000000	0.024512	0.378328	40.000000
44.903000	39.918160	0.343727	0.000000	-0.025469	0.318258	40.000000
44.799000	39.915511	0.354852	0.000000	0.024404	0.379256	40.000000
44.698000	39.917976	0.344500	0.000000	-0.042012	0.302487	40.000000
44.601000	39.913901	0.361615	0.000000	-0.027092	0.334523	40.000000
44.499000	39.911138	0.373222	0.000000	0.024009	0.397231	40.000000
44.404000	39.913419	0.363642	0.000000	-0.054088	0.309554	40.000000
44.303000	39.907956	0.386586	0.000000	-0.013724	0.372862	40.000000
44.198000	39.906515	0.392639	0.000000	0.014219	0.406858	40.000000
44.105000	39.907837	0.387084	0.000000	0.030272	0.417357	40.000000
44.002000	39.910955	0.373989	0.000000	0.035689	0.409678	40.000000
43.901000	39.914560	0.358849	0.000000	-0.001790	0.357059	40.000000
43.799000	39.914377	0.359617	0.000000	-0.012512	0.347104	40.000000
43.698000	39.913113	0.364924	0.000000	-0.052861	0.312064	40.000000
43.597000	39.907774	0.387348	0.000000	-0.084472	0.302875	40.000000
43.499000	39.899496	0.422117	0.000000	-0.020853	0.401264	40.000000
43.401000	39.897452	0.430700	0.000000	-0.025626	0.405074	40.000000
43.298000	39.894813	0.441785	0.000000	-0.038352	0.403433	40.000000
43.198000	39.890978	0.457893	0.000000	0.040625	0.498518	40.000000
43.099000	39.895000	0.441001	0.000000	-0.008483	0.432518	40.000000
43.000000	39.894160	0.444529	0.000000	0.008932	0.453460	40.000000
42.900000	39.895053	0.440777	0.000000	0.003666	0.444443	40.000000
42.800000	39.895420	0.439238	0.000000	-0.007097	0.432141	40.000000
42.698000	39.894696	0.442278	0.000000	0.006148	0.448426	40.000000
42.600000	39.895298	0.439747	0.000000	0.022543	0.462291	40.000000
42.499000	39.897575	0.430184	0.000000	0.018377	0.448562	40.000000
42.401000	39.899376	0.422620	0.000000	0.013527	0.436147	40.000000
42.299000	39.900756	0.416826	0.000000	0.041079	0.457904	40.000000
42.207000	39.904535	0.400953	0.000000	-0.011761	0.389192	40.000000
42.100000	39.903277	0.406238	0.000000	0.007127	0.413365	40.000000
41.999000	39.903996	0.403215	0.000000	-0.036686	0.366528	40.000000
41.901000	39.900401	0.418315	0.000000	0.032300	0.450615	40.000000
41.801000	39.903631	0.404749	0.000000	0.028315	0.433064	40.000000
41.697000	39.906576	0.392381	0.000000	0.048279	0.440660	40.000000
41.600000	39.911259	0.372712	0.000000	0.015754	0.388467	40.000000
41.501000	39.912819	0.366162	0.000000	-0.012243	0.353918	40.000000
41.398000	39.911558	0.371458	0.000000	-0.027021	0.344437	40.000000
41.298000	39.908855	0.382807	0.000000	0.028434	0.411241	40.000000
41.201000	39.911614	0.371223	0.000000	-0.023757	0.347466	40.000000
41.100000	39.909214	0.381301	0.000000	0.039426	0.420727	40.000000
41.001000	39.913117	0.364907	0.000000	-0.020980	0.343928	40.000000
40.898000	39.910956	0.373983	0.000000	0.032707	0.406690	40.000000
40.799000	39.914194	0.360384	0.000000	0.015474	0.375858	40.000000
40.702000	39.915695	0.354079	0.000000	0.046244	0.400323	40.000000
40.602000	39.920320	0.334657	0.000000	-0.007097	0.327560	40.000000
40.500000	39.919596	0.337697	0.000000	0.024714	0.362411	40.000000
40.398000	39.922117	0.327110	0.000000	-0.010341	0.316768	40.000000
40.299000	39.921093	0.331410	0.000000	0.017656	0.349066	40.000000
40.197000	39.922894	0.323845	0.000000	-0.047051	0.276794	40.000000
40.109000	39.918753	0.341235	0.000000	-0.039194	0.302041	40.000000
40.002000	39.914560	0.358849	0.000000	-0.041795	0.317054	40.000000
39.900000	39.910297	0.376755	0.000000	-0.032680	0.344075	40.000000
39.799000	39.906996	0.390617	0.000000	0.007185	0.397803	40.000000
39.699000	39.907714	0.387600	0.000000	-0.032734	0.354866	40.000000
39.600000	39.904474	0.401210	0.000000	-0.027240	0.373970	40.000000
39.501000	39.901777	0.412537	0.000000	-0.045285	0.367252	40.000000
39.399000	39.897158	0.431937	0.000000	0.042067	0.474004	40.000000
39.302000	39.901238	0.414799	0.000000	0.001113	0.415912	40.000000
39.199000	39.901353	0.414317	0.000000	-0.027294	0.387023	40.000000
39.100000	39.898651	0.425666	0.000000	-0.024830	0.400836	40.000000
39.001000	39.896193	0.435990	0.000000	0.003599	0.439590	40.000000
38.901000	39.896553	0.434479	0.000000	-0.022795	0.411683	40.000000
38.801000	39.894273	0.444053	0.000000	0.012460	0.456512	40.000000
38.700000	39.895532	0.438767	0.000000	-0.023124	0.415644	40.000000
38.599000	39.893196	0.448577	0.000000	-0.015700	0.432876	40.000000
38.500000	39.891642	0.455105	0.000000	-0.003676	0.451429	40.000000
38.401000	39.891278	0.456633	0.000000	0.015557	0.472190	40.000000
38.301000	39.892833	0.450100	0.000000	7.661273E-5	0.450176	40.000000
38.214000	39.892840	0.450072	0.000000	0.011349	0.461421	40.000000
38.103000	39.894100	0.444781	0.000000	0.013369	0.458150	40.000000
38.000000	39.895477	0.438997	0.000000	0.041796	0.480793	40.000000
37.901000	39.899615	0.421618	0.000000	0.006482	0.428101	40.000000
37.799000	39.900276	0.418841	0.000000	0.055100	0.473941	40.000000
37.700000	39.905731	0.395931	0.000000	-0.021355	0.374575	40.000000
37.599000	39.903574	0.404990	0.000000	-0.012973	0.392016	40.000000
37.502000	39.902315	0.410275	0.000000	0.028130	0.438405	40.000000
37.404000	39.905072	0.398697	0.000000	-0.008102	0.390595	40.000000
37.301000	39.904238	0.402201	0.000000	-0.003006	0.399195	40.000000
37.199000	39.903931	0.403489	0.000000	0.039507	0.442996	40.000000
37.100000	39.907842	0.387062	0.000000	-0.006613	0.380450	40.000000
36.999000	39.907174	0.389867	0.000000	0.003653	0.393520	40.000000
36.899000	39.907540	0.388333	0.000000	0.063596	0.451929	40.000000
36.800000	39.913836	0.361890	0.000000	0.026133	0.388023	40.000000
36.699000	39.916475	0.350804	0.000000	0.022009	0.372813	40.000000
36.601000	39.918632	0.341745	0.000000	0.039426	0.381171	40.000000
36.502000	39.922535	0.325352	0.000000	-0.029697	0.295655	40.000000
36.401000	39.919536	0.337949	0.000000	-0.018859	0.319090	40.000000
36.299000	39.917612	0.346028	0.000000	0.026891	0.372919	40.000000
36.212000	39.919952	0.336202	0.000000	0.006593	0.342795	40.000000
36.102000	39.920677	0.333156	0.000000	-0.008736	0.324420	40.000000
35.999000	39.919777	0.336936	0.000000	-0.037106	0.299830	40.000000
35.902000	39.916178	0.352052	0.000000	0.013965	0.366017	40.000000
35.799000	39.917616	0.346011	0.000000	-0.039005	0.307006	40.000000
35.699000	39.913716	0.362394	0.000000	-0.089341	0.273052	40.000000
35.599000	39.904782	0.399917	0.000000	-0.038019	0.361898	40.000000
35.501000	39.901056	0.415566	0.000000	-0.072801	0.342765	40.000000
35.398000	39.893557	0.447059	0.000000	-0.050656	0.396403	40.000000
35.302000	39.888694	0.467484	0.000000	0.014809	0.482293	40.000000
35.201000	39.890190	0.461202	0.000000	-0.055817	0.405385	40.000000
35.100000	39.884552	0.484880	0.000000	0.027942	0.512821	40.000000
34.999000	39.887375	0.473027	0.000000	0.029953	0.502980	40.000000
34.901000	39.890310	0.460698	0.000000	0.035702	0.496400	40.000000
34.800000	39.893916	0.445553	0.000000	0.012711	0.458264	40.000000
34.701000	39.895174	0.440268	0.000000	0.008328	0.448596	40.000000
34.600000	39.896015	0.436735	0.000000	0.015768	0.452503	40.000000
34.501000	39.897576	0.430179	0.000000	-0.008988	0.421191	40.000000
34.400000	39.896669	0.433992	0.000000	0.004439	0.438431	40.000000
34.303000	39.897099	0.432183	0.000000	0.024033	0.456216	40.000000
34.198000	39.899623	0.421585	0.000000	0.022153	0.443737	40.000000
34.109000	39.901594	0.413304	0.000000	-0.022400	0.390903	40.000000
34.002000	39.899197	0.423371	0.000000	0.043991	0.467361	40.000000
33.901000	39.903641	0.404710	0.000000	-0.011828	0.392882	40.000000
33.799000	39.902434	0.409777	0.000000	0.014196	0.423973	40.000000
33.702000	39.903811	0.403993	0.000000	0.025777	0.429770	40.000000
33.604000	39.906337	0.393383	0.000000	0.018663	0.412046	40.000000
33.501000	39.908260	0.385310	0.000000	0.028164	0.413474	40.000000
33.399000	39.911132	0.373244	0.000000	0.019289	0.392534	40.000000
33.299000	39.913061	0.365143	0.000000	0.054438	0.419580	40.000000
33.201000	39.918396	0.342736	0.000000	0.020241	0.362977	40.000000
33.103000	39.920380	0.334405	0.000000	0.041244	0.375649	40.000000
33.004000	39.924463	0.317256	0.000000	0.014933	0.332188	40.000000
32.900000	39.926016	0.310733	0.000000	0.007682	0.318415	40.000000
32.799000	39.926792	0.307474	0.000000	-0.003605	0.303870	40.000000
32.701000	39.926439	0.308958	0.000000	-0.018036	0.290922	40.000000
32.601000	39.924635	0.316533	0.000000	0.013264	0.329797	40.000000
32.501000	39.925961	0.310963	0.000000	0.009114	0.320076	40.000000
32.403000	39.926854	0.307211	0.000000	-0.009331	0.297880	40.000000
32.300000	39.925893	0.311248	0.000000	-0.014449	0.296799	40.000000
32.213000	39.924636	0.316528	0.000000	-0.010141	0.306387	40.000000
32.101000	39.923500	0.321298	0.000000	-0.056558	0.264740	40.000000
31.998000	39.917675	0.345765	0.000000	-0.084871	0.260893	40.000000
31.899000	39.909273	0.381055	0.000000	0.029094	0.410148	40.000000
31.802000	39.912095	0.369202	0.000000	-0.045310	0.323891	40.000000
31.704000	39.907654	0.387852	0.000000	-0.007584	0.380267	40.000000
31.601000	39.906873	0.391132	0.000000	-0.025851	0.365282	40.000000
31.499000	39.904236	0.402207	0.000000	-0.013950	0.388257	40.000000
31.400000	39.902855	0.408007	0.000000	-0.021009	0.386998	40.000000
31.300000	39.900754	0.416831	0.000000	-0.044685	0.372147	40.000000
31.202000	39.896375	0.435223	0.000000	0.001734	0.436958	40.000000
31.099000	39.896554	0.434473	0.000000	-0.023900	0.410573	40.000000
31.001000	39.894212	0.444310	0.000000	-0.002888	0.441422	40.000000
30.899000	39.893917	0.445548	0.000000	0.004906	0.450454	40.000000
30.802000	39.894393	0.443549	0.000000	0.008299	0.451848	40.000000
30.700000	39.895240	0.439994	0.000000	-0.045923	0.394071	40.000000
30.602000	39.890739	0.458895	0.000000	-0.011661	0.447234	40.000000
30.499000	39.889538	0.463940	0.000000	0.018583	0.482523	40.000000
30.399000	39.891396	0.456135	0.000000	-0.022433	0.433702	40.000000
30.300000	39.889176	0.465463	0.000000	-0.032316	0.433147	40.000000
30.209000	39.886235	0.477814	0.000000	0.028019	0.505833	40.000000
30.102000	39.889233	0.465222	0.000000	0.010625	0.475847	40.000000
30.000000	39.890317	0.460670	0.000000	0.014997	0.475667	40.000000
29.900000	39.891816	0.454371	0.000000	-0.019169	0.435202	40.000000
29.800000	39.889899	0.462423	0.000000	-0.019263	0.443160	40.000000
29.700000	39.887973	0.470513	0.000000	-0.003097	0.467416	40.000000
29.604000	39.887676	0.471762	0.000000	0.020701	0.492462	40.000000
29.500000	39.889829	0.462719	0.000000	0.038131	0.500850	40.000000
29.399000	39.893680	0.446544	0.000000	0.030633	0.477177	40.000000
29.301000	39.896682	0.433936	0.000000	0.046882	0.480817	40.000000
29.200000	39.901417	0.414049	0.000000	0.071447	0.485495	40.000000
29.101000	39.908490	0.384341	0.000000	0.027374	0.411715	40.000000
29.000000	39.911255	0.372729	0.000000	-0.006612	0.366117	40.000000
28.900000	39.910594	0.375506	0.000000	0.028807	0.404314	40.000000
28.800000	39.913475	0.363407	0.000000	0.056406	0.419813	40.000000
28.701000	39.919059	0.339953	0.000000	0.046151	0.386104	40.000000
28.601000	39.923674	0.320570	0.000000	0.046513	0.367083	40.000000
28.499000	39.928418	0.300644	0.000000	0.025484	0.326128	40.000000
28.405000	39.930814	0.290583	0.000000	0.023085	0.313668	40.000000
28.301000	39.933214	0.280499	0.000000	0.051589	0.332089	40.000000
28.201000	39.938373	0.258832	0.000000	0.027882	0.286714	40.000000
28.106000	39.941022	0.247707	0.000000	0.014971	0.262678	40.000000
28.002000	39.942579	0.241167	0.000000	0.032719	0.273886	40.000000
27.901000	39.945884	0.227288	0.000000	-0.002429	0.224859	40.000000
27.800000	39.945639	0.228318	0.000000	0.010274	0.238592	40.000000
27.701000	39.946656	0.224046	0.000000	0.033844	0.257890	40.000000
27.598000	39.950142	0.209405	0.000000	-0.015135	0.194270	40.000000
27.499000	39.948643	0.215698	0.000000	-0.094675	0.121023	40.000000
27.402000	39.939460	0.254269	0.000000	0.011749	0.266018	40.000000
27.300000	39.940658	0.249235	0.000000	-0.096756	0.152480	40.000000
27.202000	39.931176	0.289060	0.000000	-0.102946	0.186114	40.000000
27.100000	39.920676	0.333162	0.000000	-0.085796	0.247366	40.000000
27.000000	39.912096	0.369196	0.000000	-0.057591	0.311605	40.000000
26.901000	39.906395	0.393142	0.000000	-0.029382	0.363761	40.000000
26.803000	39.903515	0.405236	0.000000	-0.107148	0.298088	40.000000
26.705000	39.893015	0.449338	0.000000	-0.083386	0.365952	40.000000
26.600000	39.884259	0.486111	0.000000	-0.050055	0.436056	40.000000
26.498000	39.879154	0.507555	0.000000	-0.124895	0.382660	40.000000
26.401000	39.867039	0.558437	0.000000	-0.072585	0.485852	40.000000
26.301000	39.859780	0.588923	0.000000	-0.070921	0.518002	40.000000
26.202000	39.852759	0.618412	0.000000	-0.047127	0.571285	40.000000
26.100000	39.847952	0.638602	0.000000	0.007101	0.645703	40.000000
25.999000	39.848669	0.635589	0.000000	0.032774	0.668364	40.000000
25.900000	39.851914	0.621962	0.000000	-0.027860	0.594102	40.000000
25.801000	39.849156	0.633546	0.000000	0.002956	0.636502	40.000000
25.700000	39.849454	0.632292	0.000000	-0.008922	0.623370	40.000000
25.599000	39.848553	0.636077	0.000000	0.005105	0.641182	40.000000
25.505000	39.849033	0.634061	0.000000	-0.020605	0.613456	40.000000
25.400000	39.846870	0.643148	0.000000	0.005509	0.648657	40.000000
25.302000	39.847409	0.640880	0.000000	0.054759	0.695640	40.000000
25.199000	39.853050	0.617192	0.000000	0.077410	0.694602	40.000000
25.099000	39.860791	0.584679	0.000000	0.081677	0.666356	40.000000
24.999000	39.868958	0.550375	0.000000	0.130571	0.680946	40.000000
24.903000	39.881493	0.497729	0.000000	0.051576	0.549305	40.000000
24.803000	39.886651	0.476067	0.000000	0.087682	0.563749	40.000000
24.701000	39.895594	0.438504	0.000000	0.149678	0.588182	40.000000
24.598000	39.911011	0.373754	0.000000	0.098889	0.472642	40.000000
24.499000	39.920801	0.332636	0.000000	0.110937	0.443573	40.000000
24.399000	39.931895	0.286042	0.000000	0.096710	0.382752	40.000000
24.304000	39.941082	0.247455	0.000000	0.073554	0.321008	40.000000
24.202000	39.948585	0.215944	0.000000	0.089638	0.305582	40.000000
24.107000	39.957100	0.180179	0.000000	0.083203	0.263382	40.000000
24.001000	39.965920	0.143137	0.000000	0.125974	0.269111	40.000000
23.901000	39.978517	0.090228	0.000000	0.048344	0.138572	40.000000
23.803000	39.983255	0.070329	0.000000	0.075515	0.145844	40.000000
23.698000	39.991184	0.037028	0.000000	0.063660	0.100688	40.000000
23.600000	39.997423	0.010825	0.000000	0.051081	0.061906	40.000000
23.500000	40.002531	-0.010629	0.000000	0.063217	0.052588	40.000000
23.402000	40.008726	-0.036649	0.000000	0.001832	-0.034818	40.000000
23.302000	40.008909	-0.037419	0.000000	0.030405	-0.007014	40.000000
23.199000	40.012041	-0.050572	0.000000	-0.005457	-0.056029	40.000000
23.100000	40.011501	-0.048303	0.000000	-0.046976	-0.095279	40.000000
23.000000	40.006803	-0.028573	0.000000	-0.046856	-0.075430	40.000000
22.901000	40.002164	-0.009090	0.000000	-0.055243	-0.064333	40.000000
22.801000	39.996640	0.014111	0.000000	-0.078351	-0.064240	40.000000
22.703000	39.988962	0.046361	0.000000	-0.123028	-0.076667	40.000000
22.603000	39.976659	0.098033	0.000000	-0.115407	-0.017374	40.000000
22.500000	39.964772	0.147958	0.000000	-0.121199	0.026759	40.000000
22.403000	39.953016	0.197334	0.000000	-0.118784	0.078549	40.000000
22.300000	39.940781	0.248720	0.000000	-0.141384	0.107336	40.000000
22.199000	39.926501	0.308695	0.000000	-0.130538	0.178157	40.000000
22.107000	39.914492	0.359135	0.000000	-0.172417	0.186718	40.000000
22.004000	39.896733	0.433723	0.000000	-0.251752	0.181971	40.000000
21.902000	39.871054	0.541574	0.000000	-0.237078	0.304495	40.000000
21.799000	39.846635	0.644133	0.000000	-0.158769	0.485365	40.000000
21.700000	39.830917	0.710149	0.000000	-0.124854	0.585295	40.000000
21.600000	39.818431	0.762588	0.000000	-0.203358	0.559230	40.000000
21.500000	39.798096	0.847999	0.000000	-0.092509	0.755490	40.000000
21.404000	39.789215	0.885298	0.000000	-0.051847	0.833451	40.000000
21.301000	39.783874	0.907727	0.000000	-0.094788	0.812939	40.000000
21.206000	39.774870	0.945547	0.000000	-0.086852	0.858695	40.000000
21.101000	39.765750	0.983849	0.000000	-0.057691	0.926158	40.000000
21.000000	39.759923	1.008322	0.000000	-0.009114	0.999208	40.000000
20.902000	39.759030	1.012073	0.000000	-0.005552	1.006521	40.000000
20.805000	39.758492	1.014335	0.000000	0.000588	1.014923	40.000000
20.703000	39.758552	1.014083	0.000000	-0.009998	1.004085	40.000000
20.601000	39.757532	1.018366	0.000000	0.068598	1.086964	40.000000
20.503000	39.764254	0.990131	0.000000	0.085410	1.075541	40.000000
20.404000	39.772710	0.954618	0.000000	0.131816	1.086433	40.000000
20.302000	39.786155	0.898148	0.000000	0.155393	1.053541	40.000000
20.207000	39.800918	0.836146	0.000000	0.157351	0.993497	40.000000
20.101000	39.817597	0.766093	0.000000	0.239349	1.005442	40.000000
19.999000	39.842011	0.663556	0.000000	0.207339	0.870894	40.000000
19.902000	39.862122	0.579086	0.000000	0.215646	0.794732	40.000000
19.803000	39.883471	0.489420	0.000000	0.258110	0.747530	40.000000
19.700000	39.910057	0.377762	0.000000	0.232128	0.609890	40.000000
19.601000	39.933037	0.281244	0.000000	0.223603	0.504846	40.000000
19.506000	39.954279	0.192026	0.000000	0.223408	0.415434	40.000000
19.401000	39.977737	0.093503	0.000000	0.215848	0.309351	40.000000
19.302000	39.999106	0.003754	0.000000	0.184709	0.188463	40.000000
19.203000	40.017393	-0.073049	0.000000	0.230941	0.157893	40.000000
19.105000	40.040025	-0.168104	0.000000	0.311506	0.143402	40.000000
19.002000	40.072110	-0.302861	0.000000	0.277621	-0.025240	40.000000
18.904000	40.099317	-0.417130	0.000000	0.302776	-0.114353	40.000000
18.805000	40.129291	-0.543024	0.000000	0.247692	-0.295332	40.000000
18.701000	40.155051	-0.651216	0.000000	0.265773	-0.385443	40.000000
18.600000	40.181895	-0.763957	0.000000	0.324757	-0.439200	40.000000
18.499000	40.214695	-0.901719	0.000000	0.277593	-0.624125	40.000000
18.401000	40.241899	-1.015976	0.000000	0.294020	-0.721957	40.000000
18.305000	40.270125	-1.134525	0.000000	0.300949	-0.833576	40.000000
18.201000	40.301424	-1.265979	0.000000	0.235550	-1.030429	40.000000
18.108000	40.323330	-1.357985	0.000000	0.259930	-1.098055	40.000000
18.001000	40.351142	-1.474798	0.000000	0.293498	-1.181300	40.000000
17.904000	40.379611	-1.594368	0.000000	0.240113	-1.354255	40.000000
17.801000	40.404343	-1.698241	0.000000	0.235991	-1.462251	40.000000
17.701000	40.427942	-1.797357	0.000000	0.226911	-1.570446	40.000000
17.601000	40.450633	-1.892660	0.000000	0.200407	-1.692253	40.000000
17.501000	40.470674	-1.976831	0.000000	0.262454	-1.714377	40.000000
17.401000	40.496919	-2.087062	0.000000	0.266609	-1.820452	40.000000
17.303000	40.523047	-2.196798	0.000000	0.251139	-1.945659	40.000000
17.199000	40.549165	-2.306495	0.000000	0.214294	-2.092201	40.000000
17.101000	40.570166	-2.394699	0.000000	0.237186	-2.157513	40.000000
17.002000	40.593648	-2.493320	0.000000	0.181806	-2.311514	40.000000
16.903000	40.611647	-2.568916	0.000000	0.237773	-2.331142	40.000000
16.801000	40.635899	-2.670778	0.000000	0.253019	-2.417759	40.000000
16.703000	40.660695	-2.774920	0.000000	0.288891	-2.486030	40.000000
16.603000	40.689584	-2.896254	0.000000	0.270286	-2.625969	40.000000
16.501000	40.717154	-3.012045	0.000000	0.290656	-2.721389	40.000000
16.401000	40.746219	-3.134121	0.000000	0.290461	-2.843660	40.000000
16.298000	40.776137	-3.259773	0.000000	0.293551	-2.966222	40.000000
16.201000	40.804611	-3.379366	0.000000	0.228910	-3.150457	40.000000
16.109000	40.825671	-3.467817	0.000000	0.277818	-3.190000	40.000000
16.005000	40.854564	-3.589168	0.000000	0.295691	-3.293477	40.000000
15.902000	40.885020	-3.717084	0.000000	0.312399	-3.404685	40.000000
15.802000	40.916260	-3.848292	0.000000	0.221807	-3.626485	40.000000
15.700000	40.938884	-3.943313	0.000000	0.245060	-3.698253	40.000000
15.601000	40.963145	-4.045210	0.000000	0.263835	-3.781374	40.000000
15.502000	40.989265	-4.154912	0.000000	0.178673	-3.976239	40.000000
15.408000	41.006060	-4.225453	0.000000	0.188931	-4.036522	40.000000
15.300000	41.026465	-4.311151	0.000000	0.216425	-4.094726	40.000000
15.201000	41.047891	-4.401141	0.000000	0.247045	-4.154096	40.000000
15.106000	41.071360	-4.499712	0.000000	0.264588	-4.235124	40.000000
15.002000	41.098877	-4.615284	0.000000	0.268310	-4.346974	40.000000
14.902000	41.125708	-4.727974	0.000000	0.289698	-4.438276	40.000000
14.801000	41.154968	-4.850864	0.000000	0.220441	-4.630423	40.000000
14.700000	41.177232	-4.944375	0.000000	0.240820	-4.703555	40.000000
14.602000	41.200833	-5.043497	0.000000	0.212823	-4.830674	40.000000
14.505000	41.221476	-5.130201	0.000000	0.139719	-4.990482	40.000000
14.402000	41.235867	-5.190643	0.000000	0.186998	-5.003646	40.000000
14.301000	41.254754	-5.269967	0.000000	0.175823	-5.094144	40.000000
14.200000	41.272512	-5.344552	0.000000	0.209776	-5.134776	40.000000
14.103000	41.292861	-5.430014	0.000000	0.243712	-5.186302	40.000000
14.001000	41.317719	-5.534421	0.000000	0.144121	-5.390300	40.000000
13.902000	41.331987	-5.594347	0.000000	0.116787	-5.477559	40.000000
13.801000	41.343783	-5.643888	0.000000	0.224822	-5.419066	40.000000
13.699000	41.366715	-5.740201	0.000000	0.217446	-5.522755	40.000000
13.601000	41.388024	-5.829702	0.000000	0.243777	-5.585925	40.000000
13.502000	41.412158	-5.931065	0.000000	0.219120	-5.711945	40.000000
13.399000	41.434728	-6.025856	0.000000	0.198164	-5.827693	40.000000
13.300000	41.454346	-6.108253	0.000000	0.196790	-5.911463	40.000000
13.203000	41.473435	-6.188425	0.000000	0.194805	-5.993620	40.000000
13.106000	41.492331	-6.267789	0.000000	0.143731	-6.124058	40.000000
13.003000	41.507135	-6.329966	0.000000	0.156361	-6.173605	40.000000
12.901000	41.523084	-6.396952	0.000000	0.145968	-6.250984	40.000000
12.800000	41.537826	-6.458871	0.000000	0.132491	-6.326380	40.000000
12.700000	41.551076	-6.514517	0.000000	0.142928	-6.371589	40.000000
12.604000	41.564797	-6.572146	0.000000	0.106659	-6.465487	40.000000
12.503000	41.575569	-6.617390	0.000000	0.051251	-6.566140	40.000000
12.402000	41.580745	-6.639131	0.000000	0.204568	-6.434564	40.000000
12.299000	41.601816	-6.727627	0.000000	0.130241	-6.597385	40.000000
12.201000	41.614580	-6.781234	0.000000	0.132890	-6.648344	40.000000
12.106000	41.627204	-6.834257	0.000000	0.127048	-6.707209	40.000000
12.005000	41.640036	-6.888151	0.000000	0.124965	-6.763186	40.000000
11.901000	41.653032	-6.942736	0.000000	0.073282	-6.869454	40.000000
11.800000	41.660434	-6.973822	0.000000	0.097954	-6.875868	40.000000
11.701000	41.670131	-7.014551	0.000000	0.084766	-6.929785	40.000000
11.601000	41.678608	-7.050153	0.000000	0.056568	-6.993585	40.000000
11.502000	41.684208	-7.073673	0.000000	-0.028719	-7.102393	40.000000
11.414000	41.681681	-7.063059	0.000000	0.001500	-7.061558	40.000000
11.332000	41.681804	-7.063575	0.000000	0.002240	-7.061336	40.000000
11.252000	41.681983	-7.064328	0.000000	0.008882	-7.055446	40.000000
11.171000	41.682702	-7.067350	0.000000	0.002176	-7.065174	40.000000
11.002000	41.683070	-7.068894	0.000000	-0.061367	-7.130261	40.000000
10.900000	41.676811	-7.042604	0.000000	-0.053542	-7.096147	40.000000
10.801000	41.671510	-7.020341	0.000000	-0.040170	-7.060512	40.000000
10.702000	41.667533	-7.003639	0.000000	-0.062387	-7.066025	40.000000
10.621000	41.662480	-6.982415	0.000000	-0.073310	-7.055724	40.000000
10.525000	41.655442	-6.952856	0.000000	-0.051830	-7.004686	40.000000
10.446000	41.651347	-6.935659	0.000000	-0.055621	-6.991280	40.000000
10.367000	41.646953	-6.917204	0.000000	-0.132690	-7.049894	40.000000
10.201000	41.624927	-6.824693	0.000000	-0.160356	-6.985049	40.000000
10.103000	41.609212	-6.758690	0.000000	-0.172919	-6.931609	40.000000
10.001000	41.591574	-6.684612	0.000000	-0.170058	-6.854670	40.000000
9.903000	41.574909	-6.614616	0.000000	-0.236496	-6.851112	40.000000
9.804000	41.551495	-6.516281	0.000000	-0.258651	-6.774932	40.000000
9.703000	41.525372	-6.406561	0.000000	-0.282047	-6.688608	40.000000
9.601000	41.496603	-6.285733	0.000000	-0.261236	-6.546969	40.000000
9.501000	41.470479	-6.176013	0.000000	-0.323631	-6.499644	40.000000
9.400000	41.437793	-6.038729	0.000000	-0.378106	-6.416835	40.000000
9.301000	41.400360	-5.881512	0.000000	-0.441816	-6.323328	40.000000
9.204000	41.357504	-5.701516	0.000000	-0.413349	-6.114865	40.000000
9.098000	41.313689	-5.517494	0.000000	-0.417045	-5.934539	40.000000
9.000000	41.272819	-5.345838	0.000000	-0.527130	-5.872968	40.000000
8.901000	41.220633	-5.126657	0.000000	-0.587412	-5.714069	40.000000
8.805000	41.164241	-4.889813	0.000000	-0.624206	-5.514020	40.000000
8.705000	41.101820	-4.627645	0.000000	-0.614642	-5.242288	40.000000
8.601000	41.037898	-4.359171	0.000000	-0.674686	-5.033856	40.000000
8.501000	40.970429	-4.075801	0.000000	-0.751819	-4.827621	40.000000
8.401000	40.895247	-3.760038	0.000000	-0.701179	-4.461217	40.000000
8.301000	40.825129	-3.465543	0.000000	-0.919985	-4.385528	40.000000
8.203000	40.734971	-3.086876	0.000000	-0.941990	-4.028867	40.000000
8.100000	40.637945	-2.679371	0.000000	-0.963607	-3.642977	40.000000
8.000000	40.541585	-2.274656	0.000000	-1.107440	-3.382096	40.000000
7.902000	40.433056	-1.818834	0.000000	-1.140586	-2.959420	40.000000
7.802000	40.318997	-1.339788	0.000000	-1.217896	-2.557684	40.000000
7.704000	40.199643	-0.838502	0.000000	-1.316498	-2.155000	40.000000
7.602000	40.065361	-0.274516	0.000000	-1.270195	-1.544711	40.000000
7.500000	39.935801	0.269637	0.000000	-1.387918	-1.118281	40.000000
7.408000	39.808112	0.805929	0.000000	-1.433934	-0.628005	40.000000
7.329000	39.694831	1.281708	0.000000	-1.386850	-0.105142	40.000000
7.249000	39.583884	1.747689	0.000000	-1.410411	0.337278	40.000000
7.170000	39.472461	2.215664	0.000000	-1.339886	0.875777	40.000000
7.070000	39.338473	2.778415	0.000000	-1.359425	1.418991	40.000000
6.904000	39.112808	3.726206	0.000000	-1.410967	2.315239	40.000000
6.803000	38.970300	4.324740	0.000000	-1.386362	2.938378	40.000000
6.699000	38.826119	4.930300	0.000000	-1.402106	3.528194	40.000000
6.601000	38.688713	5.507407	0.000000	-1.361310	4.146097	40.000000
6.502000	38.553943	6.073440	0.000000	-1.419033	4.654407	40.000000
6.405000	38.416296	6.651555	0.000000	-1.340993	5.310562	40.000000
6.305000	38.282197	7.214771	0.000000	-1.424514	5.790257	40.000000
6.201000	38.134048	7.837000	0.000000	-1.293829	6.543171	40.000000
6.105000	38.009840	8.358673	0.000000	-1.434791	6.923882	40.000000
6.002000	37.862057	8.979361	0.000000	-1.364561	7.614801	40.000000
5.901000	37.724236	9.558210	0.000000	-1.378886	8.179323	40.000000
5.803000	37.589105	10.125760	0.000000	-1.345033	8.780727	40.000000
5.702000	37.453257	10.696322	0.000000	-1.282251	9.414071	40.000000
5.605000	37.328878	11.218711	0.000000	-1.323008	9.895704	40.000000
5.502000	37.192609	11.791043	0.000000	-1.316458	10.474585	40.000000
5.402000	37.060963	12.343957	0.000000	-1.302824	11.041133	40.000000
5.301000	36.929378	12.896614	0.000000	-1.298033	11.598581	40.000000
5.200000	36.798276	13.447239	0.000000	-1.292595	12.154644	40.000000
5.106000	36.676772	13.957557	0.000000	-1.350365	12.607192	40.000000
5.005000	36.540385	14.530381	0.000000	-1.275058	13.255324	40.000000
4.901000	36.407779	15.087327	0.000000	-1.296754	13.790574	40.000000
4.803000	36.280697	15.621071	0.000000	-1.289836	14.331235	40.000000
4.702000	36.150424	16.168219	0.000000	-1.277416	14.890803	40.000000
4.609000	36.031624	16.667177	0.000000	-1.216566	15.450611	40.000000
4.511000	35.912401	17.167916	0.000000	-1.231190	15.936726	40.000000
4.432000	35.815137	17.576425	0.000000	-1.292731	16.283695	40.000000
4.353000	35.713011	18.005353	0.000000	-1.171498	16.833856	40.000000
4.252000	35.594690	18.502302	0.000000	-1.228270	17.274032	40.000000
4.171000	35.495200	18.920161	0.000000	-1.175023	17.745138	40.000000
4.003000	35.297796	19.749255	0.000000	-1.145953	18.603303	40.000000
3.902000	35.182055	20.235370	0.000000	-1.126314	19.109056	40.000000
3.806000	35.073929	20.689498	0.000000	-1.124056	19.565442	40.000000
3.705000	34.960399	21.166325	0.000000	-1.025664	20.140660	40.000000
3.599000	34.851679	21.622950	0.000000	-1.076445	20.546505	40.000000
3.501000	34.746187	22.066015	0.000000	-1.057395	21.008620	40.000000
3.400000	34.639390	22.514561	0.000000	-1.070463	21.444099	40.000000
3.306000	34.538767	22.937180	0.000000	-0.993585	21.943595	40.000000
3.204000	34.437421	23.362832	0.000000	-0.912913	22.449919	40.000000
3.102000	34.344304	23.753923	0.000000	-1.041473	22.712450	40.000000
3.001000	34.239115	24.195717	0.000000	-0.934112	23.261605	40.000000
2.906000	34.150374	24.568427	0.000000	-0.940861	23.627566	40.000000
2.806000	34.056288	24.963589	0.000000	-0.863886	24.099702	40.000000
2.703000	33.967308	25.337306	0.000000	-0.853727	24.483579	40.000000
2.602000	33.881082	25.699457	0.000000	-0.822676	24.876781	40.000000
2.505000	33.801282	26.034615	0.000000	-0.764916	25.269699	40.000000
2.402000	33.722496	26.365518	0.000000	-0.749732	25.615787	40.000000
2.303000	33.648272	26.677257	0.000000	-0.711006	25.966251	40.000000
2.204000	33.577883	26.972893	0.000000	-0.636713	26.336180	40.000000
2.101000	33.512301	27.248334	0.000000	-0.599972	26.648362	40.000000
2.003000	33.453504	27.495283	0.000000	-0.528256	26.967026	40.000000
1.901000	33.399622	27.721588	0.000000	-0.510018	27.211571	40.000000
1.803000	33.349640	27.931512	0.000000	-0.438132	27.493379	40.000000
1.704000	33.306265	28.113687	0.000000	-0.389200	27.724487	40.000000
1.605000	33.267734	28.275516	0.000000	-0.305144	27.970372	40.000000
1.500000	33.235694	28.410084	0.000000	-0.257014	28.153070	40.000000
1.405000	33.211278	28.512633	0.000000	-0.236432	28.276201	40.000000
1.305000	33.187635	28.611934	0.000000	-0.133383	28.478551	40.000000
1.202000	33.173896	28.669636	0.000000	0.038495	28.708132	40.000000
1.104000	33.177669	28.653791	0.000000	0.038834	28.692625	40.000000
1.005000	33.181513	28.637644	0.000000	0.151511	28.789155	40.000000
0.906000	33.196513	28.574646	0.000000	0.124065	28.698711	40.000000
0.803000	33.209292	28.520975	0.000000	0.322867	28.843843	40.000000
0.703000	33.241578	28.385371	0.000000	0.328485	28.713856	40.000000
0.604000	33.274098	28.248787	0.000000	0.295362	28.544149	40.000000
0.500000	33.304816	0.000000	0.000000	0.000000	0.000000	40.000000
0.405000	33.335659	0.000000	0.000000	0.000000	0.000000	40.000000
0.305000	33.365897	0.000000	0.000000	0.000000	0.000000	40.000000
0.200000	33.400160	0.000000	0.000000	0.000000	0.000000	40.000000
0.101000	33.430580	0.000000	0.000000	0.000000	0.000000	40.000000
