Zeit (s)	Istwert	P	I	D	Regelausgang	Sollwert
45.203000	39.928418	0.357909	0.000000	0.006456	0.364366	40.000000
45.101000	39.929077	0.354617	0.000000	-0.010309	0.344308	40.000000
44.996000	39.927994	0.360029	0.000000	0.013467	0.373496	40.000000
44.898000	39.929314	0.353430	0.000000	-0.018296	0.335135	40.000000
44.800000	39.927521	0.362395	0.000000	0.029129	0.391524	40.000000
44.699000	39.930463	0.347685	0.000000	-0.022875	0.324810	40.000000
44.599000	39.928176	0.359122	0.000000	-0.008358	0.350764	40.000000
44.499000	39.927340	0.363302	0.000000	-0.050695	0.312606	40.000000
44.396000	39.922118	0.389410	0.000000	0.005482	0.394891	40.000000
44.298000	39.922655	0.386723	0.000000	-0.026394	0.360329	40.000000
44.198000	39.920016	0.399921	0.000000	-0.008570	0.391351	40.000000
44.100000	39.919176	0.404120	0.000000	-0.036717	0.367403	40.000000
43.997000	39.915394	0.423029	0.000000	-0.043263	0.379767	40.000000
43.900000	39.911198	0.444012	0.000000	-0.000582	0.443429	40.000000
43.797000	39.911138	0.444312	0.000000	-0.058254	0.386057	40.000000
43.697000	39.905312	0.473439	0.000000	-0.051344	0.422095	40.000000
43.600000	39.900332	0.498341	0.000000	-0.061125	0.437216	40.000000
43.498000	39.894097	0.529514	0.000000	0.012038	0.541552	40.000000
43.398000	39.895301	0.523495	0.000000	-0.009794	0.513701	40.000000
43.300000	39.894341	0.528294	0.000000	0.006080	0.534375	40.000000
43.202000	39.894937	0.525315	0.000000	0.038995	0.564310	40.000000
43.099000	39.898954	0.505232	0.000000	0.048304	0.553536	40.000000
42.997000	39.903881	0.480597	0.000000	0.011344	0.491942	40.000000
42.897000	39.905015	0.474925	0.000000	0.026981	0.501906	40.000000
42.797000	39.907713	0.461435	0.000000	0.109114	0.570548	40.000000
42.709000	39.917315	0.413425	0.000000	0.036785	0.450210	40.000000
42.603000	39.921214	0.393929	0.000000	0.041512	0.435440	40.000000
42.496000	39.925656	0.371720	0.000000	0.020009	0.391729	40.000000
42.397000	39.927637	0.361815	0.000000	0.012065	0.373880	40.000000
42.298000	39.928831	0.355843	0.000000	0.000701	0.356544	40.000000
42.201000	39.928899	0.355503	0.000000	0.043520	0.399024	40.000000
42.099000	39.933338	0.333308	0.000000	0.059334	0.392642	40.000000
41.997000	39.939391	0.303047	0.000000	0.026767	0.329814	40.000000
41.896000	39.942094	0.289530	0.000000	-0.019561	0.269969	40.000000
41.798000	39.940177	0.299115	0.000000	-0.017697	0.281418	40.000000
41.700000	39.938443	0.307786	0.000000	-0.093506	0.214280	40.000000
41.596000	39.928718	0.356410	0.000000	-0.093355	0.263055	40.000000
41.497000	39.919476	0.402620	0.000000	-0.004947	0.397673	40.000000
41.400000	39.918996	0.405020	0.000000	0.034475	0.439494	40.000000
41.299000	39.922478	0.387610	0.000000	0.037206	0.424816	40.000000
41.199000	39.926199	0.369007	0.000000	-0.012624	0.356383	40.000000
41.099000	39.924936	0.375319	0.000000	0.039203	0.414522	40.000000
41.001000	39.928778	0.356110	0.000000	-0.004077	0.352033	40.000000
40.898000	39.928358	0.358209	0.000000	-0.003106	0.355103	40.000000
40.801000	39.928057	0.359716	0.000000	-0.024688	0.335028	40.000000
40.699000	39.925539	0.372306	0.000000	-0.018016	0.354291	40.000000
40.596000	39.923683	0.381584	0.000000	0.027477	0.409062	40.000000
40.498000	39.926376	0.368121	0.000000	0.049516	0.417636	40.000000
40.401000	39.931179	0.344105	0.000000	0.015143	0.359248	40.000000
40.298000	39.932739	0.336307	0.000000	0.006761	0.343068	40.000000
40.200000	39.933401	0.332994	0.000000	-0.001333	0.331661	40.000000
40.103000	39.933272	0.333641	0.000000	-0.002836	0.330805	40.000000
40.001000	39.932983	0.335087	0.000000	0.013487	0.348575	40.000000
39.899000	39.934358	0.328209	0.000000	0.002956	0.331165	40.000000
39.798000	39.934657	0.326716	0.000000	-0.025695	0.301020	40.000000
39.700000	39.932139	0.339306	0.000000	-0.034712	0.304595	40.000000
39.598000	39.928598	0.357010	0.000000	0.002930	0.359940	40.000000
39.497000	39.928894	0.355530	0.000000	-0.024749	0.330781	40.000000
39.398000	39.926444	0.367781	0.000000	-0.060108	0.307673	40.000000
39.298000	39.920433	0.397834	0.000000	-0.056169	0.341666	40.000000
39.202000	39.915041	0.424796	0.000000	-0.016850	0.407946	40.000000
39.102000	39.913356	0.433221	0.000000	0.013711	0.446932	40.000000
38.997000	39.914796	0.426022	0.000000	-0.065510	0.360512	40.000000
38.899000	39.908376	0.458122	0.000000	-0.018976	0.439146	40.000000
38.801000	39.906516	0.467420	0.000000	0.004765	0.472185	40.000000
38.700000	39.906997	0.465014	0.000000	-0.019044	0.445970	40.000000
38.602000	39.905131	0.474345	0.000000	0.013959	0.488304	40.000000
38.498000	39.906583	0.467087	0.000000	-0.001279	0.465808	40.000000
38.399000	39.906456	0.467720	0.000000	0.041008	0.508728	40.000000
38.298000	39.910598	0.447011	0.000000	-0.022184	0.424827	40.000000
38.206000	39.908557	0.457216	0.000000	0.011773	0.468989	40.000000
38.099000	39.909817	0.450917	0.000000	0.009397	0.460314	40.000000
37.997000	39.910775	0.446125	0.000000	0.015567	0.461691	40.000000
37.904000	39.912223	0.438886	0.000000	0.048549	0.487435	40.000000
37.799000	39.917320	0.413398	0.000000	0.000533	0.413931	40.000000
37.699000	39.917374	0.413131	0.000000	0.069850	0.482981	40.000000
37.601000	39.924219	0.378905	0.000000	0.007721	0.386626	40.000000
37.500000	39.924999	0.375006	0.000000	-0.025328	0.349678	40.000000
37.398000	39.922415	0.387923	0.000000	-0.012314	0.375610	40.000000
37.301000	39.921221	0.393895	0.000000	-0.020880	0.373015	40.000000
37.203000	39.919175	0.404127	0.000000	0.016916	0.421042	40.000000
37.100000	39.920917	0.395415	0.000000	-0.018023	0.377392	40.000000
37.000000	39.919115	0.404426	0.000000	-0.022517	0.381910	40.000000
36.899000	39.916841	0.415797	0.000000	0.023395	0.439193	40.000000
36.799000	39.919180	0.404100	0.000000	-0.033653	0.370447	40.000000
36.701000	39.915882	0.420590	0.000000	0.023705	0.444295	40.000000
36.600000	39.918276	0.408619	0.000000	0.035836	0.444455	40.000000
36.498000	39.921931	0.390343	0.000000	0.019213	0.409555	40.000000
36.401000	39.923795	0.381025	0.000000	0.055804	0.436828	40.000000
36.300000	39.929431	0.352844	0.000000	-0.039774	0.313070	40.000000
36.202000	39.925533	0.372333	0.000000	0.001843	0.374176	40.000000
36.100000	39.925721	0.371393	0.000000	-0.010123	0.361270	40.000000
35.999000	39.924699	0.376506	0.000000	-0.001790	0.374715	40.000000
35.897000	39.924516	0.377419	0.000000	0.007577	0.384996	40.000000
35.802000	39.925236	0.373819	0.000000	0.061841	0.435660	40.000000
35.702000	39.931420	0.342899	0.000000	0.027014	0.369913	40.000000
35.600000	39.934176	0.329122	0.000000	0.028549	0.357670	40.000000
35.499000	39.937059	0.314705	0.000000	0.016223	0.330928	40.000000
35.399000	39.938681	0.306593	0.000000	-0.043627	0.262966	40.000000
35.300000	39.934362	0.328189	0.000000	-0.024608	0.303580	40.000000
35.200000	39.931901	0.340493	0.000000	0.038952	0.379445	40.000000
35.100000	39.935797	0.321017	0.000000	-0.034673	0.286344	40.000000
34.998000	39.932260	0.338700	0.000000	-0.056954	0.281746	40.000000
34.900000	39.926678	0.366608	0.000000	-0.032680	0.333928	40.000000
34.799000	39.923378	0.383111	0.000000	-0.026335	0.356776	40.000000
34.701000	39.920797	0.396015	0.000000	-0.004570	0.391444	40.000000
34.596000	39.920317	0.398414	0.000000	-0.006300	0.392114	40.000000
34.501000	39.919719	0.401407	0.000000	-0.027105	0.374302	40.000000
34.399000	39.916954	0.415231	0.000000	-0.004812	0.410419	40.000000
34.299000	39.916473	0.417637	0.000000	-0.012240	0.405397	40.000000
34.211000	39.915395	0.423023	0.000000	-0.014700	0.408323	40.000000
34.101000	39.913778	0.431108	0.000000	0.013382	0.444490	40.000000
33.998000	39.915157	0.424216	0.000000	0.039413	0.463629	40.000000
33.899000	39.919059	0.404706	0.000000	0.025208	0.429915	40.000000
33.799000	39.921580	0.392102	0.000000	-0.043089	0.349013	40.000000
33.700000	39.917314	0.413431	0.000000	-0.079802	0.333629	40.000000
33.597000	39.909094	0.454529	0.000000	-0.044159	0.410370	40.000000
33.502000	39.904899	0.475505	0.000000	0.009729	0.485234	40.000000
33.398000	39.905911	0.470446	0.000000	-0.022958	0.447488	40.000000
33.299000	39.903638	0.481811	0.000000	-0.090022	0.391788	40.000000
33.201000	39.894816	0.525922	0.000000	-0.025056	0.500865	40.000000
33.098000	39.892235	0.538826	0.000000	0.076838	0.615663	40.000000
32.998000	39.899919	0.500407	0.000000	-0.009102	0.491305	40.000000
32.905000	39.899072	0.504639	0.000000	0.003376	0.508015	40.000000
32.798000	39.899433	0.502833	0.000000	0.035131	0.537964	40.000000
32.699000	39.902911	0.485443	0.000000	0.060595	0.546038	40.000000
32.598000	39.909031	0.454843	0.000000	0.070383	0.525226	40.000000
32.499000	39.915999	0.420003	0.000000	0.062947	0.482950	40.000000
32.399000	39.922294	0.388530	0.000000	0.064990	0.453520	40.000000
32.302000	39.928598	0.357010	0.000000	0.057078	0.414087	40.000000
32.198000	39.934534	0.327329	0.000000	-0.008182	0.319147	40.000000
32.111000	39.933822	0.330888	0.000000	-0.031666	0.299222	40.000000
32.001000	39.930339	0.348305	0.000000	-0.046526	0.301778	40.000000
31.899000	39.925593	0.372033	0.000000	0.077008	0.449041	40.000000
31.800000	39.933217	0.333914	0.000000	0.089382	0.423296	40.000000
31.700000	39.942155	0.289223	0.000000	0.044301	0.333524	40.000000
31.601000	39.946541	0.267295	0.000000	-0.030046	0.237249	40.000000
31.499000	39.943476	0.282618	0.000000	0.077438	0.360056	40.000000
31.399000	39.951220	0.243899	0.000000	0.050765	0.294664	40.000000
31.301000	39.956195	0.219024	0.000000	0.051145	0.270169	40.000000
31.200000	39.961361	0.193196	0.000000	-0.061152	0.132044	40.000000
31.097000	39.955062	0.224690	0.000000	-0.036714	0.187976	40.000000
30.999000	39.951464	0.242680	0.000000	-0.067839	0.174840	40.000000
30.899000	39.944680	0.276599	0.000000	-0.070316	0.206284	40.000000
30.800000	39.937719	0.311406	0.000000	-0.033210	0.278196	40.000000
30.697000	39.934298	0.328509	0.000000	-0.057591	0.270918	40.000000
30.598000	39.928597	0.357016	0.000000	-0.031232	0.325784	40.000000
30.500000	39.925536	0.372320	0.000000	0.034993	0.407313	40.000000
30.404000	39.928895	0.355523	0.000000	-0.024618	0.330905	40.000000
30.297000	39.926261	0.368694	0.000000	-0.042496	0.326198	40.000000
30.198000	39.922054	0.389729	0.000000	-0.016776	0.372954	40.000000
30.109000	39.920561	0.397195	0.000000	-0.059440	0.337755	40.000000
30.002000	39.914201	0.428995	0.000000	-0.042156	0.386838	40.000000
29.901000	39.909943	0.450284	0.000000	-0.105608	0.344676	40.000000
29.802000	39.899488	0.502560	0.000000	-0.038607	0.463952	40.000000
29.698000	39.895473	0.522636	0.000000	-0.060567	0.462069	40.000000
29.599000	39.889477	0.552616	0.000000	-0.035632	0.516984	40.000000
29.503000	39.886056	0.569719	0.000000	-0.040388	0.529332	40.000000
29.402000	39.881977	0.590115	0.000000	0.015375	0.605490	40.000000
29.297000	39.883591	0.582043	0.000000	0.010974	0.593017	40.000000
29.198000	39.884678	0.576611	0.000000	-0.019430	0.557181	40.000000
29.099000	39.882754	0.586229	0.000000	-0.063600	0.522629	40.000000
28.999000	39.876394	0.618029	0.000000	-0.028248	0.589782	40.000000
28.899000	39.873569	0.632153	0.000000	0.044314	0.676467	40.000000
28.800000	39.877956	0.610218	0.000000	-0.017290	0.592927	40.000000
28.699000	39.876210	0.618949	0.000000	0.071325	0.690274	40.000000
28.598000	39.883414	0.582930	0.000000	0.069710	0.652639	40.000000
28.499000	39.890315	0.548424	0.000000	0.077560	0.625983	40.000000
28.400000	39.897994	0.510031	0.000000	0.079047	0.589078	40.000000
28.299000	39.905977	0.470113	0.000000	0.064673	0.534786	40.000000
28.198000	39.912509	0.437453	0.000000	0.065538	0.502991	40.000000
28.100000	39.918932	0.405340	0.000000	0.108756	0.514096	40.000000
27.999000	39.929916	0.350418	0.000000	0.113895	0.464312	40.000000
27.901000	39.941078	0.294609	0.000000	0.040364	0.334973	40.000000
27.797000	39.945276	0.273620	0.000000	0.069682	0.343302	40.000000
27.698000	39.952175	0.239127	0.000000	0.096620	0.335747	40.000000
27.598000	39.961837	0.190817	0.000000	0.080397	0.271214	40.000000
27.498000	39.969876	0.150619	0.000000	0.094321	0.244939	40.000000
27.400000	39.979120	0.104401	0.000000	0.067245	0.171647	40.000000
27.301000	39.985777	0.071115	0.000000	0.061227	0.132341	40.000000
27.202000	39.991838	0.040808	0.000000	0.011687	0.052495	40.000000
27.099000	39.993042	0.034789	0.000000	0.027240	0.062029	40.000000
27.000000	39.995739	0.021305	0.000000	-0.005229	0.016076	40.000000
26.897000	39.995200	0.023998	0.000000	-0.039795	-0.015797	40.000000
26.802000	39.991420	0.042901	0.000000	-0.019395	0.023506	40.000000
26.700000	39.989442	0.052792	0.000000	-0.033620	0.019172	40.000000
26.600000	39.986080	0.069602	0.000000	0.004144	0.073746	40.000000
26.499000	39.986498	0.067509	0.000000	-0.077895	-0.010386	40.000000
26.402000	39.978942	0.105288	0.000000	-0.155903	-0.050616	40.000000
26.320000	39.966158	0.169208	0.000000	-0.042735	0.126473	40.000000
26.233000	39.962440	0.187798	0.000000	-0.018151	0.169646	40.000000
26.147000	39.960879	0.195603	0.000000	-0.086469	0.109134	40.000000
26.036000	39.951281	0.243593	0.000000	-0.115835	0.127758	40.000000
25.951000	39.941435	0.292823	0.000000	-0.120721	0.172102	40.000000
25.867000	39.931295	0.343526	0.000000	-0.113556	0.229969	40.000000
25.699000	39.912217	0.438913	0.000000	-0.142823	0.296089	40.000000
25.599000	39.897935	0.510325	0.000000	-0.097994	0.412331	40.000000
25.501000	39.888332	0.558342	0.000000	-0.114120	0.444221	40.000000
25.399000	39.876691	0.616543	0.000000	-0.144778	0.471765	40.000000
25.300000	39.862358	0.688208	0.000000	-0.122431	0.565778	40.000000
25.199000	39.849993	0.750036	0.000000	-0.059424	0.690611	40.000000
25.102000	39.844229	0.778856	0.000000	-0.031401	0.747455	40.000000
25.003000	39.841120	0.794400	0.000000	-0.027525	0.766875	40.000000
24.898000	39.838230	0.808850	0.000000	-0.019350	0.789501	40.000000
24.799000	39.836314	0.818428	0.000000	-0.031234	0.787195	40.000000
24.699000	39.833191	0.834045	0.000000	0.041877	0.875922	40.000000
24.600000	39.837337	0.813316	0.000000	-0.016414	0.796902	40.000000
24.501000	39.835712	0.821441	0.000000	0.065946	0.887387	40.000000
24.401000	39.842306	0.788468	0.000000	0.086492	0.874960	40.000000
24.299000	39.851129	0.744357	0.000000	0.065667	0.810024	40.000000
24.203000	39.857433	0.712836	0.000000	0.121230	0.834067	40.000000
24.101000	39.869798	0.651009	0.000000	0.084567	0.735576	40.000000
23.996000	39.878678	0.606612	0.000000	0.108930	0.715542	40.000000
23.898000	39.889353	0.553236	0.000000	0.099581	0.652817	40.000000
23.801000	39.899012	0.504939	0.000000	0.160098	0.665037	40.000000
23.699000	39.915342	0.423289	0.000000	0.104019	0.527309	40.000000
23.601000	39.925536	0.372320	0.000000	0.146532	0.518851	40.000000
23.499000	39.940482	0.297588	0.000000	0.131841	0.429430	40.000000
23.398000	39.953798	0.231009	0.000000	0.181228	0.412237	40.000000
23.300000	39.971559	0.142207	0.000000	0.175616	0.317823	40.000000
23.204000	39.988418	0.057911	0.000000	0.128858	0.186769	40.000000
23.102000	40.001561	-0.007807	0.000000	0.092036	0.084229	40.000000
22.998000	40.011133	-0.055665	0.000000	0.096841	0.041176	40.000000
22.898000	40.020817	-0.104086	0.000000	0.155847	0.051761	40.000000
22.801000	40.035934	-0.179671	0.000000	0.120965	-0.058706	40.000000
22.699000	40.048273	-0.241363	0.000000	0.080632	-0.160731	40.000000
22.602000	40.056094	-0.280470	0.000000	0.079510	-0.200960	40.000000
22.502000	40.064045	-0.320225	0.000000	0.045665	-0.274560	40.000000
22.402000	40.068612	-0.343058	0.000000	0.033142	-0.309916	40.000000
22.300000	40.071992	-0.359960	0.000000	-0.026877	-0.386837	40.000000
22.199000	40.069278	-0.346388	0.000000	0.040317	-0.306071	40.000000
22.099000	40.073309	-0.366546	0.000000	-0.007334	-0.373880	40.000000
22.000000	40.072583	-0.362916	0.000000	-0.009634	-0.372549	40.000000
21.907000	40.071687	-0.358436	0.000000	-0.009422	-0.367858	40.000000
21.798000	40.070660	-0.353301	0.000000	-0.115372	-0.468673	40.000000
21.701000	40.059469	-0.297346	0.000000	-0.012102	-0.309447	40.000000
21.601000	40.058259	-0.291295	0.000000	-0.092903	-0.384197	40.000000
21.500000	40.048876	-0.244379	0.000000	-0.121566	-0.365944	40.000000
21.400000	40.036719	-0.183596	0.000000	-0.082285	-0.265881	40.000000
21.299000	40.028408	-0.142042	0.000000	-0.184848	-0.326891	40.000000
21.201000	40.010293	-0.051466	0.000000	-0.172908	-0.224374	40.000000
21.105000	39.993694	0.031530	0.000000	-0.151982	-0.120453	40.000000
21.002000	39.978040	0.109800	0.000000	-0.212854	-0.103053	40.000000
20.898000	39.955903	0.220484	0.000000	-0.272146	-0.051662	40.000000
20.799000	39.928961	0.355197	0.000000	-0.210376	0.144821	40.000000
20.702000	39.908554	0.457229	0.000000	-0.220557	0.236672	40.000000
20.600000	39.886057	0.569713	0.000000	-0.248375	0.321338	40.000000
20.500000	39.861220	0.693900	0.000000	-0.194667	0.499233	40.000000
20.401000	39.841948	0.790261	0.000000	-0.178075	0.612186	40.000000
20.305000	39.824853	0.875736	0.000000	-0.199597	0.676139	40.000000
20.198000	39.803496	0.982521	0.000000	-0.178735	0.803786	40.000000
20.109000	39.787588	1.062058	0.000000	-0.193331	0.868727	40.000000
20.001000	39.766709	1.166457	0.000000	-0.095624	1.070833	40.000000
19.900000	39.757051	1.214747	0.000000	-0.033920	1.180826	40.000000
19.799000	39.753625	1.231877	0.000000	-0.050024	1.181853	40.000000
19.702000	39.748772	1.256138	0.000000	0.005267	1.261405	40.000000
19.600000	39.749310	1.253452	0.000000	0.047147	1.300599	40.000000
19.502000	39.753930	1.230350	0.000000	0.081368	1.311718	40.000000
19.398000	39.762392	1.188039	0.000000	0.162472	1.350511	40.000000
19.299000	39.778477	1.107615	0.000000	0.142624	1.250239	40.000000
19.201000	39.792454	1.037730	0.000000	0.178845	1.216575	40.000000
19.102000	39.810160	0.949201	0.000000	0.158968	1.108169	40.000000
19.002000	39.826056	0.869718	0.000000	0.234095	1.103813	40.000000
18.900000	39.849934	0.750329	0.000000	0.206770	0.957099	40.000000
18.799000	39.870818	0.645910	0.000000	0.270571	0.916482	40.000000
18.699000	39.897875	0.510625	0.000000	0.322284	0.832909	40.000000
18.602000	39.929137	0.354317	0.000000	0.253472	0.607788	40.000000
18.504000	39.953977	0.230116	0.000000	0.282304	0.512419	40.000000
18.399000	39.983619	0.081906	0.000000	0.271823	0.353729	40.000000
18.298000	40.011073	-0.055364	0.000000	0.275860	0.220496	40.000000
18.200000	40.038107	-0.190536	0.000000	0.301520	0.110984	40.000000
18.101000	40.067958	-0.339789	0.000000	0.301489	-0.038300	40.000000
17.997000	40.099313	-0.496563	0.000000	0.315649	-0.180914	40.000000
17.899000	40.130246	-0.651231	0.000000	0.286566	-0.364665	40.000000
17.803000	40.157757	-0.788783	0.000000	0.292174	-0.496609	40.000000
17.700000	40.187850	-0.939252	0.000000	0.288756	-0.650496	40.000000
17.601000	40.216437	-1.082187	0.000000	0.221549	-0.860638	40.000000
17.501000	40.238592	-1.192961	0.000000	0.310953	-0.882008	40.000000
17.399000	40.270309	-1.351547	0.000000	0.258559	-1.092988	40.000000
17.301000	40.295648	-1.478241	0.000000	0.281940	-1.196300	40.000000
17.206000	40.322432	-1.612162	0.000000	0.292326	-1.319836	40.000000
17.101000	40.353127	-1.765634	0.000000	0.298590	-1.467044	40.000000
16.999000	40.383583	-1.917915	0.000000	0.226512	-1.691403	40.000000
16.902000	40.405555	-2.027773	0.000000	0.241928	-1.785845	40.000000
16.802000	40.429747	-2.148737	0.000000	0.227785	-1.920952	40.000000
16.700000	40.452981	-2.264907	0.000000	0.240104	-2.024803	40.000000
16.603000	40.476272	-2.381358	0.000000	0.218436	-2.162922	40.000000
16.498000	40.499207	-2.496037	0.000000	0.252459	-2.243578	40.000000
16.400000	40.523948	-2.619742	0.000000	0.272318	-2.347424	40.000000
16.301000	40.550908	-2.754539	0.000000	0.253332	-2.501207	40.000000
16.205000	40.575228	-2.876138	0.000000	0.234976	-2.641163	40.000000
16.101000	40.599665	-2.998326	0.000000	0.367705	-2.630621	40.000000
16.000000	40.636803	-3.184017	0.000000	0.263338	-2.920679	40.000000
15.899000	40.663401	-3.317003	0.000000	0.309979	-3.007024	40.000000
15.799000	40.694398	-3.471992	0.000000	0.289445	-3.182547	40.000000
15.700000	40.723053	-3.615267	0.000000	0.227857	-3.387409	40.000000
15.602000	40.745383	-3.726917	0.000000	0.309615	-3.417302	40.000000
15.498000	40.777583	-3.887917	0.000000	0.225516	-3.662402	40.000000
15.399000	40.799909	-3.999547	0.000000	0.302830	-3.696717	40.000000
15.300000	40.829890	-4.149448	0.000000	0.299125	-3.850323	40.000000
15.202000	40.859204	-4.296020	0.000000	0.277918	-4.018101	40.000000
15.105000	40.886162	-4.430810	0.000000	0.250669	-4.180141	40.000000
15.002000	40.911981	-4.559904	0.000000	0.213369	-4.346536	40.000000
14.899000	40.933958	-4.669789	0.000000	0.311951	-4.357838	40.000000
14.801000	40.964529	-4.822646	0.000000	0.289154	-4.533492	40.000000
14.704000	40.992577	-4.962885	0.000000	0.257903	-4.704983	40.000000
14.599000	41.019657	-5.098284	0.000000	0.291405	-4.806880	40.000000
14.499000	41.048797	-5.243987	0.000000	0.258756	-4.985230	40.000000
14.402000	41.073897	-5.369484	0.000000	0.283135	-5.086349	40.000000
14.304000	41.101644	-5.508219	0.000000	0.225300	-5.282919	40.000000
14.199000	41.125300	-5.626502	0.000000	0.266089	-5.360413	40.000000
14.109000	41.149248	-5.746242	0.000000	0.215846	-5.530396	40.000000
14.003000	41.172128	-5.860640	0.000000	0.208861	-5.651779	40.000000
13.899000	41.193850	-5.969248	0.000000	0.183775	-5.785473	40.000000
13.804000	41.211308	-6.056541	0.000000	0.182336	-5.874205	40.000000
13.703000	41.229724	-6.148621	0.000000	0.185683	-5.962939	40.000000
13.597000	41.249407	-6.247033	0.000000	0.181833	-6.065200	40.000000
13.499000	41.267226	-6.336131	0.000000	0.238255	-6.097877	40.000000
13.401000	41.290575	-6.452876	0.000000	0.175148	-6.277729	40.000000
13.301000	41.308090	-6.540450	0.000000	0.172788	-6.367663	40.000000
13.208000	41.324159	-6.620796	0.000000	0.322370	-6.298427	40.000000
13.104000	41.357686	-6.788429	0.000000	0.252732	-6.535697	40.000000
12.999000	41.384223	-6.921113	0.000000	0.227420	-6.693693	40.000000
12.900000	41.406737	-7.033686	0.000000	0.187838	-6.845848	40.000000
12.800000	41.425521	-7.127605	0.000000	0.203517	-6.924088	40.000000
12.703000	41.445262	-7.226311	0.000000	0.157958	-7.068353	40.000000
12.607000	41.460426	-7.302131	0.000000	0.193220	-7.108911	40.000000
12.502000	41.480714	-7.403571	0.000000	0.216136	-7.187435	40.000000
12.404000	41.501896	-7.509478	0.000000	0.167623	-7.341856	40.000000
12.302000	41.518993	-7.594966	0.000000	0.197711	-7.397255	40.000000
12.200000	41.539160	-7.695798	0.000000	0.155170	-7.540628	40.000000
12.100000	41.554677	-7.773383	0.000000	0.209010	-7.564373	40.000000
11.998000	41.575996	-7.879979	0.000000	0.204470	-7.675509	40.000000
11.900000	41.596034	-7.980169	0.000000	0.175009	-7.805160	40.000000
11.803000	41.613010	-8.065048	0.000000	0.106034	-7.959014	40.000000
11.698000	41.624143	-8.120716	0.000000	0.138043	-7.982673	40.000000
11.599000	41.637810	-8.189048	0.000000	0.097225	-8.091823	40.000000
11.500000	41.647435	-8.237174	0.000000	0.118601	-8.118572	40.000000
11.399000	41.659413	-8.297067	0.000000	0.101766	-8.195302	40.000000
11.302000	41.669285	-8.346424	0.000000	0.111168	-8.235255	40.000000
11.198000	41.680846	-8.404231	0.000000	0.078762	-8.325469	40.000000
11.098000	41.688722	-8.443612	0.000000	0.133352	-8.310260	40.000000
11.000000	41.701791	-8.508955	0.000000	0.053352	-8.455603	40.000000
10.902000	41.707019	-8.535097	0.000000	0.041544	-8.493553	40.000000
10.799000	41.711298	-8.556492	0.000000	0.048374	-8.508119	40.000000
10.702000	41.715991	-8.579954	0.000000	0.019838	-8.560116	40.000000
10.605000	41.717915	-8.589575	0.000000	0.038792	-8.550783	40.000000
10.501000	41.721949	-8.609747	0.000000	0.018654	-8.591093	40.000000
10.401000	41.723815	-8.619074	0.000000	0.003657	-8.615417	40.000000
10.303000	41.724173	-8.620866	0.000000	0.020277	-8.600589	40.000000
10.205000	41.726160	-8.630801	0.000000	-0.063013	-8.693814	40.000000
10.099000	41.719481	-8.597404	0.000000	-0.006127	-8.603531	40.000000
10.001000	41.718880	-8.594402	0.000000	-0.117978	-8.712381	40.000000
9.900000	41.706965	-8.534823	0.000000	-0.124742	-8.659565	40.000000
9.802000	41.694740	-8.473699	0.000000	-0.108889	-8.582588	40.000000
9.702000	41.683851	-8.419255	0.000000	-0.097292	-8.516547	40.000000
9.603000	41.674219	-8.371095	0.000000	-0.132461	-8.503556	40.000000
9.499000	41.660443	-8.302216	0.000000	-0.152362	-8.454577	40.000000
9.399000	41.645207	-8.226035	0.000000	-0.137341	-8.363376	40.000000
9.300000	41.631610	-8.158051	0.000000	-0.270928	-8.428979	40.000000
9.198000	41.603975	-8.019877	0.000000	-0.243233	-8.263111	40.000000
9.102000	41.580625	-7.903126	0.000000	-0.303361	-8.206487	40.000000
9.001000	41.549986	-7.749928	0.000000	-0.188358	-7.938287	40.000000
8.901000	41.531150	-7.655749	0.000000	-0.302132	-7.957881	40.000000
8.798000	41.500030	-7.500151	0.000000	-0.284312	-7.784463	40.000000
8.704000	41.473305	-7.366524	0.000000	-0.322911	-7.689435	40.000000
8.600000	41.439722	-7.198611	0.000000	-0.372531	-7.571142	40.000000
8.500000	41.402469	-7.012344	0.000000	-0.430679	-7.443024	40.000000
8.403000	41.360693	-6.803466	0.000000	-0.475699	-7.279164	40.000000
8.299000	41.311220	-6.556102	0.000000	-0.512258	-7.068361	40.000000
8.199000	41.259995	-6.299973	0.000000	-0.549349	-6.849322	40.000000
8.105000	41.208356	-6.041779	0.000000	-0.583977	-6.625756	40.000000
8.004000	41.149374	-5.746871	0.000000	-0.601327	-6.348198	40.000000
7.901000	41.087437	-5.437187	0.000000	-0.625942	-6.063128	40.000000
7.806000	41.027973	-5.139865	0.000000	-0.808419	-5.948284	40.000000
7.704000	40.945514	-4.727570	0.000000	-0.810866	-5.538436	40.000000
7.600000	40.861184	-4.305922	0.000000	-0.755961	-5.061883	40.000000
7.500000	40.785588	-3.927940	0.000000	-0.967320	-4.895259	40.000000
7.402000	40.690791	-3.453953	0.000000	-0.918042	-4.371995	40.000000
7.299000	40.596233	-2.981163	0.000000	-1.041030	-4.022193	40.000000
7.201000	40.494212	-2.471058	0.000000	-1.079837	-3.550895	40.000000
7.101000	40.386228	-1.931140	0.000000	-1.173961	-3.105101	40.000000
7.002000	40.270006	-1.350029	0.000000	-1.158005	-2.508034	40.000000
6.902000	40.154205	-0.771025	0.000000	-1.323512	-2.094536	40.000000
6.800000	40.019207	-0.096036	0.000000	-1.255965	-1.352000	40.000000
6.699000	39.892355	0.538226	0.000000	-1.373671	-0.835445	40.000000
6.605000	39.763229	1.183853	0.000000	-1.402421	-0.218568	40.000000
6.503000	39.620183	1.899086	0.000000	-1.361604	0.537482	40.000000
6.402000	39.482660	2.586699	0.000000	-1.365945	1.220753	40.000000
6.300000	39.343334	3.283329	0.000000	-1.271113	2.012216	40.000000
6.202000	39.218765	3.906175	0.000000	-1.315104	2.591071	40.000000
6.104000	39.089885	4.550576	0.000000	-1.315968	3.234607	40.000000
6.002000	38.955656	5.221718	0.000000	-1.369503	3.852215	40.000000
5.899000	38.814597	5.927013	0.000000	-1.295263	4.631750	40.000000
5.800000	38.686366	6.568168	0.000000	-1.325294	5.242875	40.000000
5.698000	38.551186	7.244070	0.000000	-1.343578	5.900492	40.000000
5.601000	38.420859	7.895703	0.000000	-1.280088	6.615615	40.000000
5.502000	38.294131	8.529346	0.000000	-1.292031	7.237315	40.000000
5.399000	38.161051	9.194743	0.000000	-1.266607	7.928136	40.000000
5.298000	38.033124	9.834378	0.000000	-1.295293	8.539085	40.000000
5.201000	37.907481	10.462596	0.000000	-1.258863	9.203733	40.000000
5.101000	37.781595	11.092027	0.000000	-1.230085	9.861942	40.000000
4.999000	37.656126	11.719371	0.000000	-1.256288	10.463084	40.000000
4.903000	37.535522	12.322388	0.000000	-1.176527	11.145860	40.000000
4.801000	37.415516	12.922418	0.000000	-1.216926	11.705491	40.000000
4.698000	37.290173	13.549136	0.000000	-1.266834	12.282302	40.000000
4.600000	37.166024	14.169882	0.000000	-1.252681	12.917201	40.000000
4.502000	37.043261	14.783696	0.000000	-1.277386	13.506309	40.000000
4.402000	36.915522	15.422391	0.000000	-1.220898	14.201494	40.000000
4.304000	36.795874	16.020629	0.000000	-1.108933	14.911695	40.000000
4.202000	36.682763	16.586186	0.000000	-1.111121	15.475065	40.000000
4.100000	36.569429	17.152856	0.000000	-1.109500	16.043357	40.000000
4.002000	36.460698	17.696511	0.000000	-1.106185	16.590326	40.000000
3.901000	36.348973	18.255137	0.000000	-1.075753	17.179384	40.000000
3.802000	36.242473	18.787634	0.000000	-1.145433	17.642201	40.000000
3.702000	36.127930	19.360350	0.000000	-0.996429	18.363921	40.000000
3.603000	36.029284	19.853582	0.000000	-1.056505	18.797077	40.000000
3.501000	35.921520	20.392398	0.000000	-1.056033	19.336366	40.000000
3.401000	35.815917	20.920417	0.000000	-1.002037	19.918380	40.000000
3.298000	35.712707	21.436464	0.000000	-0.993102	20.443362	40.000000
3.200000	35.615383	21.923084	0.000000	-0.943982	20.979102	40.000000
3.110000	35.530425	22.347877	0.000000	-0.983468	21.364409	40.000000
3.005000	35.427160	22.864198	0.000000	-0.892342	21.971856	40.000000
2.903000	35.336142	23.319291	0.000000	-0.966677	22.352614	40.000000
2.802000	35.238507	23.807464	0.000000	-0.876133	22.931331	40.000000
2.704000	35.152646	24.236769	0.000000	-0.728908	23.507862	40.000000
2.603000	35.079027	24.604867	0.000000	-0.763641	23.841226	40.000000
2.504000	35.003426	24.982870	0.000000	-0.767430	24.215440	40.000000
2.404000	34.926683	25.366584	0.000000	-0.664083	24.702501	40.000000
2.301000	34.858283	25.708587	0.000000	-0.646957	25.061630	40.000000
2.200000	34.792940	26.035300	0.000000	-0.649133	25.386167	40.000000
2.101000	34.728676	26.356621	0.000000	-0.645700	25.710921	40.000000
2.005000	34.666689	26.666557	0.000000	-0.532977	26.133581	40.000000
1.903000	34.612325	26.938375	0.000000	-0.555314	26.383061	40.000000
1.805000	34.557904	27.210479	0.000000	-0.459613	26.750866	40.000000
1.705000	34.511943	27.440285	0.000000	-0.259765	27.180520	40.000000
1.602000	34.485187	27.574064	0.000000	-0.043614	27.530451	40.000000
1.503000	34.480869	27.595653	0.000000	-0.180643	27.415010	40.000000
1.403000	34.462805	27.685975	0.000000	-0.128679	27.557296	40.000000
1.299000	34.449422	27.752888	0.000000	-0.087295	27.665593	40.000000
1.200000	34.440780	27.796099	0.000000	0.045365	27.841464	40.000000
1.102000	34.445226	27.773870	0.000000	0.058232	27.832103	40.000000
1.001000	34.451107	27.744463	0.000000	0.332394	28.076857	40.000000
0.903000	34.483682	27.581590	0.000000	0.105298	27.686888	40.000000
0.801000	34.494423	27.527887	0.000000	0.149460	27.677347	40.000000
0.699000	34.509667	27.451663	0.000000	0.230069	27.681732	40.000000
0.602000	34.531984	27.340079	0.000000	0.228465	27.568544	40.000000
0.503000	34.554602	0.000000	0.000000	0.000000	0.000000	40.000000
0.401000	34.579266	0.000000	0.000000	0.000000	0.000000	40.000000
0.300000	34.586410	0.000000	0.000000	0.000000	0.000000	40.000000
0.203000	34.595051	0.000000	0.000000	0.000000	0.000000	40.000000
0.105000	34.617735	0.000000	0.000000	0.000000	0.000000	40.000000
