Zeit (s)	Istwert	P	I	D	Regelausgang	Sollwert
60.399000	39.917614	0.444886	0.000000	-0.001111	0.443775	40.000000
60.297000	39.917500	0.445498	0.000000	0.041294	0.486792	40.000000
60.210000	39.921093	0.426098	0.000000	0.036245	0.462343	40.000000
60.099000	39.925116	0.404373	0.000000	0.061256	0.465629	40.000000
59.996000	39.931426	0.370302	0.000000	-0.020309	0.349993	40.000000
59.898000	39.929435	0.381050	0.000000	0.077238	0.458288	40.000000
59.797000	39.937236	0.338924	0.000000	0.042849	0.381772	40.000000
59.699000	39.941435	0.316248	0.000000	0.027667	0.343916	40.000000
59.597000	39.944258	0.301009	0.000000	0.028522	0.329531	40.000000
59.496000	39.947138	0.285453	0.000000	0.037147	0.322600	40.000000
59.399000	39.950742	0.265996	0.000000	0.013461	0.279457	40.000000
59.297000	39.952115	0.258581	0.000000	0.013872	0.272453	40.000000
59.201000	39.953446	0.251390	0.000000	0.028174	0.279563	40.000000
59.097000	39.956376	0.235567	0.000000	0.010612	0.246180	40.000000
58.995000	39.957459	0.229722	0.000000	0.012643	0.242365	40.000000
58.900000	39.958660	0.223236	0.000000	0.026028	0.249265	40.000000
58.801000	39.961237	0.209322	0.000000	-0.004117	0.205205	40.000000
58.699000	39.960817	0.211589	0.000000	-0.004794	0.206796	40.000000
58.600000	39.960342	0.214152	0.000000	0.022269	0.236420	40.000000
58.495000	39.962680	0.201526	0.000000	-0.031540	0.169986	40.000000
58.398000	39.959621	0.218046	0.000000	-0.037043	0.181003	40.000000
58.299000	39.955954	0.237849	0.000000	-0.011839	0.226010	40.000000
58.198000	39.954758	0.244306	0.000000	-0.011148	0.233158	40.000000
58.096000	39.953621	0.250447	0.000000	-0.089732	0.160714	40.000000
57.997000	39.944737	0.298418	0.000000	-0.067706	0.230712	40.000000
57.897000	39.937967	0.334979	0.000000	-0.055896	0.279083	40.000000
57.796000	39.932321	0.365465	0.000000	-0.052333	0.313132	40.000000
57.695000	39.927036	0.394007	0.000000	-0.042236	0.351771	40.000000
57.597000	39.922897	0.416358	0.000000	-0.067045	0.349313	40.000000
57.495000	39.916058	0.453287	0.000000	0.000612	0.453899	40.000000
57.397000	39.916118	0.452963	0.000000	-0.080616	0.372346	40.000000
57.298000	39.908137	0.496060	0.000000	-0.070396	0.425665	40.000000
57.194000	39.900816	0.535595	0.000000	-0.061865	0.473730	40.000000
57.096000	39.894753	0.568334	0.000000	-0.064853	0.503481	40.000000
56.999000	39.888462	0.602303	0.000000	-0.066190	0.536113	40.000000
56.901000	39.881976	0.637331	0.000000	-0.008835	0.628497	40.000000
56.799000	39.881075	0.642198	0.000000	-0.019587	0.622611	40.000000
56.698000	39.879096	0.652880	0.000000	0.001189	0.654070	40.000000
56.596000	39.879218	0.652225	0.000000	0.012229	0.664454	40.000000
56.498000	39.880416	0.645754	0.000000	0.030876	0.676629	40.000000
56.399000	39.883473	0.629247	0.000000	0.049856	0.679104	40.000000
56.299000	39.888458	0.602325	0.000000	0.020371	0.622696	40.000000
56.196000	39.890557	0.590995	0.000000	0.043668	0.634662	40.000000
56.097000	39.894880	0.567650	0.000000	0.098675	0.666325	40.000000
56.004000	39.904056	0.518095	0.000000	0.027950	0.546045	40.000000
55.914000	39.906572	0.504511	0.000000	0.093021	0.597533	40.000000
55.823000	39.915037	0.458801	0.000000	0.129472	0.588273	40.000000
55.734000	39.926560	0.396577	0.000000	0.091270	0.487847	40.000000
55.644000	39.934774	0.352220	0.000000	0.078769	0.430989	40.000000
55.554000	39.941863	0.313938	0.000000	0.105111	0.419048	40.000000
55.461000	39.951639	0.261151	0.000000	0.050552	0.311703	40.000000
55.372000	39.956138	0.236856	0.000000	0.052573	0.289429	40.000000
55.283000	39.960817	0.211589	0.000000	0.023972	0.235561	40.000000
55.168000	39.963574	0.196703	0.000000	0.026212	0.222914	40.000000
54.996000	39.968082	0.172357	0.000000	-0.017792	0.154565	40.000000
54.898000	39.966338	0.181773	0.000000	-0.006830	0.174943	40.000000
54.801000	39.965676	0.185351	0.000000	-0.005700	0.179650	40.000000
54.696000	39.965077	0.188583	0.000000	-0.009682	0.178901	40.000000
54.597000	39.964119	0.193758	0.000000	-0.050885	0.142873	40.000000
54.498000	39.959081	0.220962	0.000000	-0.067326	0.153635	40.000000
54.399000	39.952416	0.256954	0.000000	-0.084087	0.172867	40.000000
54.297000	39.943839	0.303270	0.000000	-0.077223	0.226047	40.000000
54.199000	39.936271	0.344136	0.000000	-0.017211	0.326925	40.000000
54.098000	39.934533	0.353522	0.000000	-0.026426	0.327096	40.000000
53.996000	39.931837	0.368078	0.000000	-0.028038	0.340040	40.000000
53.904000	39.929258	0.382007	0.000000	-0.064078	0.317929	40.000000
53.816000	39.923619	0.412457	0.000000	-0.126821	0.285636	40.000000
53.727000	39.912332	0.473407	0.000000	-0.061305	0.412101	40.000000
53.639000	39.906937	0.502539	0.000000	-0.024939	0.477600	40.000000
53.550000	39.904718	0.514525	0.000000	0.012967	0.527492	40.000000
53.462000	39.905859	0.508363	0.000000	0.035768	0.544130	40.000000
53.296000	39.911796	0.476300	0.000000	0.018377	0.494678	40.000000
53.198000	39.913597	0.466575	0.000000	0.023758	0.490333	40.000000
53.097000	39.915997	0.453618	0.000000	0.067918	0.521536	40.000000
52.999000	39.922653	0.417676	0.000000	0.026571	0.444247	40.000000
52.895000	39.925416	0.402753	0.000000	0.016333	0.419086	40.000000
52.796000	39.927033	0.394021	0.000000	0.092662	0.486683	40.000000
52.704000	39.935558	0.347987	0.000000	-0.024655	0.323331	40.000000
52.597000	39.932920	0.362233	0.000000	-0.003003	0.359230	40.000000
52.498000	39.932623	0.363838	0.000000	-0.032693	0.331145	40.000000
52.397000	39.929321	0.381669	0.000000	-0.034579	0.347090	40.000000
52.298000	39.925897	0.400154	0.000000	-0.037219	0.362936	40.000000
52.198000	39.922175	0.420253	0.000000	0.009543	0.429795	40.000000
52.097000	39.923139	0.415048	0.000000	0.038947	0.453995	40.000000
52.000000	39.926917	0.394648	0.000000	0.068923	0.463571	40.000000
51.899000	39.933878	0.357057	0.000000	0.019030	0.376087	40.000000
51.801000	39.935743	0.346986	0.000000	0.037903	0.384889	40.000000
51.711000	39.939155	0.328565	0.000000	0.023373	0.351938	40.000000
51.621000	39.941258	0.317206	0.000000	0.044050	0.361256	40.000000
51.531000	39.945223	0.295797	0.000000	-0.006695	0.289103	40.000000
51.440000	39.944613	0.299087	0.000000	-0.070098	0.228989	40.000000
51.351000	39.938375	0.332776	0.000000	-0.039522	0.293254	40.000000
51.263000	39.934897	0.351557	0.000000	-0.035653	0.315904	40.000000
51.098000	39.929014	0.383324	0.000000	-0.030238	0.353086	40.000000
50.997000	39.925960	0.399816	0.000000	0.046327	0.446143	40.000000
50.896000	39.930639	0.374549	0.000000	0.040427	0.414977	40.000000
50.798000	39.934601	0.353155	0.000000	-0.014092	0.339063	40.000000
50.700000	39.933220	0.360613	0.000000	-0.071478	0.289135	40.000000
50.600000	39.926072	0.399211	0.000000	-0.017778	0.381433	40.000000
50.496000	39.924223	0.409196	0.000000	-0.041964	0.367232	40.000000
50.400000	39.920194	0.430950	0.000000	-0.019776	0.411174	40.000000
50.297000	39.918158	0.441949	0.000000	-0.046790	0.395159	40.000000
50.197000	39.913479	0.467216	0.000000	0.001948	0.469164	40.000000
50.106000	39.913656	0.466259	0.000000	0.006332	0.472591	40.000000
50.002000	39.914314	0.462702	0.000000	-0.013318	0.449385	40.000000
49.899000	39.912943	0.470110	0.000000	0.032346	0.502456	40.000000
49.797000	39.916242	0.452293	0.000000	-0.006612	0.445681	40.000000
49.697000	39.915581	0.455864	0.000000	0.056904	0.512768	40.000000
49.598000	39.921214	0.425443	0.000000	0.004356	0.429799	40.000000
49.501000	39.921637	0.423161	0.000000	0.039386	0.462547	40.000000
49.402000	39.925536	0.402105	0.000000	0.003987	0.406092	40.000000
49.296000	39.925959	0.399823	0.000000	0.021411	0.421234	40.000000
49.198000	39.928057	0.388493	0.000000	-0.014410	0.374082	40.000000
49.098000	39.926616	0.396274	0.000000	0.001175	0.397449	40.000000
48.997000	39.926734	0.395634	0.000000	-0.052834	0.342800	40.000000
48.896000	39.921398	0.424449	0.000000	-0.055091	0.369359	40.000000
48.798000	39.915999	0.453604	0.000000	-0.062445	0.391159	40.000000
48.696000	39.909630	0.487998	0.000000	-0.012786	0.475212	40.000000
48.598000	39.908377	0.494765	0.000000	0.014732	0.509496	40.000000
48.500000	39.909821	0.486969	0.000000	0.021278	0.508246	40.000000
48.396000	39.912033	0.475019	0.000000	0.015768	0.490787	40.000000
48.297000	39.913595	0.466590	0.000000	0.093124	0.559714	40.000000
48.199000	39.922721	0.417309	0.000000	-0.002429	0.414880	40.000000
48.098000	39.922475	0.418633	0.000000	0.038214	0.456847	40.000000
47.999000	39.926259	0.398204	0.000000	0.041352	0.439555	40.000000
47.899000	39.930394	0.375874	0.000000	0.063715	0.439589	40.000000
47.801000	39.936638	0.342156	0.000000	0.060601	0.402757	40.000000
47.701000	39.942698	0.309431	0.000000	0.025665	0.335096	40.000000
47.598000	39.945341	0.295157	0.000000	0.038214	0.333371	40.000000
47.499000	39.949125	0.274727	0.000000	-0.017343	0.257384	40.000000
47.398000	39.947373	0.284186	0.000000	-0.038892	0.245294	40.000000
47.301000	39.943600	0.304558	0.000000	-0.004182	0.300376	40.000000
47.199000	39.943174	0.306862	0.000000	0.029471	0.336333	40.000000
47.097000	39.946180	0.290629	0.000000	-0.018608	0.272021	40.000000
47.000000	39.944375	0.300376	0.000000	-0.030845	0.269531	40.000000
46.899000	39.941260	0.317199	0.000000	0.008822	0.326020	40.000000
46.797000	39.942159	0.312340	0.000000	-0.029718	0.282622	40.000000
46.698000	39.939217	0.328227	0.000000	0.037992	0.366219	40.000000
46.600000	39.942940	0.308121	0.000000	0.010097	0.318218	40.000000
46.499000	39.943960	0.302614	0.000000	0.006520	0.309135	40.000000
46.398000	39.944619	0.299058	0.000000	0.008289	0.307347	40.000000
46.297000	39.945456	0.294538	0.000000	0.055802	0.350340	40.000000
46.197000	39.951036	0.264405	0.000000	-0.015754	0.248650	40.000000
46.098000	39.949476	0.272827	0.000000	-0.039148	0.233679	40.000000
46.000000	39.945640	0.293544	0.000000	-0.040606	0.252938	40.000000
45.898000	39.941498	0.315910	0.000000	-0.072612	0.243298	40.000000
45.798000	39.934237	0.355121	0.000000	-0.044568	0.310552	40.000000
45.701000	39.929914	0.378465	0.000000	-0.073267	0.305198	40.000000
45.597000	39.922294	0.419612	0.000000	-0.072370	0.347242	40.000000
45.500000	39.915274	0.457519	0.000000	0.018676	0.476195	40.000000
45.397000	39.917198	0.447132	0.000000	-0.025763	0.421369	40.000000
45.299000	39.914673	0.460766	0.000000	-0.030259	0.430507	40.000000
45.206000	39.911859	0.475962	0.000000	0.011972	0.487934	40.000000
45.101000	39.913116	0.469174	0.000000	0.014586	0.483760	40.000000
44.998000	39.914618	0.461061	0.000000	-0.024688	0.436373	40.000000
44.896000	39.912100	0.474659	0.000000	-0.022235	0.452424	40.000000
44.796000	39.909877	0.486666	0.000000	-0.014664	0.472003	40.000000
44.698000	39.908440	0.494426	0.000000	-0.043089	0.451338	40.000000
44.599000	39.904174	0.517462	0.000000	0.000601	0.518063	40.000000
44.497000	39.904235	0.517130	0.000000	-0.039353	0.477778	40.000000
44.401000	39.900457	0.537531	0.000000	-0.019258	0.518273	40.000000
44.298000	39.898474	0.548242	0.000000	-0.003559	0.544683	40.000000
44.198000	39.898118	0.550164	0.000000	-0.022689	0.527475	40.000000
44.100000	39.895894	0.562172	0.000000	0.033844	0.596016	40.000000
43.997000	39.899380	0.543347	0.000000	0.055162	0.598510	40.000000
43.897000	39.904896	0.513560	0.000000	0.092089	0.605649	40.000000
43.798000	39.914013	0.464329	0.000000	0.093634	0.557963	40.000000
43.698000	39.923377	0.413767	0.000000	0.111519	0.525286	40.000000
43.599000	39.934417	0.354149	0.000000	0.039480	0.393629	40.000000
43.500000	39.938325	0.333043	0.000000	0.064575	0.397618	40.000000
43.398000	39.944912	0.297475	0.000000	0.031220	0.328695	40.000000
43.298000	39.948034	0.280616	0.000000	0.022500	0.303116	40.000000
43.199000	39.950262	0.268587	0.000000	0.052187	0.320774	40.000000
43.098000	39.955533	0.240124	0.000000	0.004224	0.244348	40.000000
42.997000	39.955959	0.237821	0.000000	0.021204	0.259025	40.000000
42.901000	39.957995	0.226828	0.000000	0.023123	0.249952	40.000000
42.797000	39.960400	0.213842	0.000000	0.045405	0.259247	40.000000
42.698000	39.964895	0.189569	0.000000	0.005881	0.195450	40.000000
42.596000	39.965495	0.186330	0.000000	0.041719	0.228049	40.000000
42.498000	39.969583	0.164252	0.000000	-0.010278	0.153974	40.000000
42.398000	39.968555	0.169802	0.000000	-0.042644	0.127158	40.000000
42.301000	39.964419	0.192139	0.000000	-0.019028	0.173111	40.000000
42.206000	39.962611	0.201900	0.000000	-0.056123	0.145777	40.000000
42.097000	39.956494	0.234934	0.000000	-0.002360	0.232574	40.000000
41.997000	39.956258	0.236208	0.000000	-0.029685	0.206524	40.000000
41.900000	39.953378	0.251757	0.000000	0.010024	0.261781	40.000000
41.798000	39.954401	0.246236	0.000000	-0.032186	0.214050	40.000000
41.701000	39.951279	0.263095	0.000000	-0.038483	0.224612	40.000000
41.595000	39.947200	0.285122	0.000000	-0.015727	0.269395	40.000000
41.496000	39.945643	0.293530	0.000000	-0.025777	0.267753	40.000000
41.398000	39.943116	0.307171	0.000000	-0.050792	0.256379	40.000000
41.300000	39.938139	0.334050	0.000000	-0.070523	0.263528	40.000000
41.197000	39.930875	0.373275	0.000000	-0.005426	0.367849	40.000000
41.098000	39.930338	0.376176	0.000000	-0.016237	0.359940	40.000000
40.998000	39.928714	0.384944	0.000000	-0.024932	0.360012	40.000000
40.897000	39.926196	0.398542	0.000000	-0.030620	0.367922	40.000000
40.799000	39.923195	0.414746	0.000000	-0.037366	0.377379	40.000000
40.701000	39.919533	0.434520	0.000000	-0.014920	0.419600	40.000000
40.597000	39.917982	0.442899	0.000000	-0.081717	0.361183	40.000000
40.497000	39.909810	0.487026	0.000000	-0.074638	0.412389	40.000000
40.399000	39.902495	0.526525	0.000000	-0.040942	0.485582	40.000000
40.298000	39.898360	0.548854	0.000000	-0.045145	0.503709	40.000000
40.201000	39.893981	0.572502	0.000000	0.024383	0.596885	40.000000
40.098000	39.896493	0.558939	0.000000	-0.026688	0.532251	40.000000
39.999000	39.893851	0.573207	0.000000	-0.011800	0.561407	40.000000
39.898000	39.892659	0.579642	0.000000	-0.030351	0.549292	40.000000
39.799000	39.889654	0.595868	0.000000	-0.058830	0.537038	40.000000
39.700000	39.883830	0.627318	0.000000	0.000590	0.627908	40.000000
39.596000	39.883891	0.626987	0.000000	-0.021815	0.605172	40.000000
39.500000	39.881797	0.638296	0.000000	0.011472	0.649768	40.000000
39.401000	39.882933	0.632163	0.000000	0.008848	0.641011	40.000000
39.299000	39.883835	0.627289	0.000000	0.088289	0.715579	40.000000
39.195000	39.893017	0.577706	0.000000	0.135477	0.713183	40.000000
39.098000	39.906159	0.506743	0.000000	0.099392	0.606135	40.000000
38.996000	39.916297	0.451998	0.000000	0.119418	0.571416	40.000000
38.898000	39.928000	0.388802	0.000000	0.072216	0.461019	40.000000
38.800000	39.935077	0.350585	0.000000	0.075725	0.426311	40.000000
38.697000	39.942877	0.308467	0.000000	0.061841	0.370308	40.000000
38.597000	39.949061	0.275073	0.000000	0.068544	0.343617	40.000000
38.499000	39.955778	0.238800	0.000000	0.058206	0.297006	40.000000
38.398000	39.961657	0.207054	0.000000	0.072726	0.279780	40.000000
38.299000	39.968857	0.168175	0.000000	0.047647	0.215821	40.000000
38.202000	39.973478	0.143218	0.000000	0.053157	0.196375	40.000000
38.097000	39.979060	0.113077	0.000000	0.069768	0.182845	40.000000
37.999000	39.985897	0.076156	0.000000	0.045936	0.122092	40.000000
37.901000	39.990399	0.051847	0.000000	0.027079	0.078926	40.000000
37.799000	39.993161	0.036931	0.000000	0.004731	0.041662	40.000000
37.697000	39.993643	0.034326	0.000000	-0.051472	-0.017147	40.000000
37.599000	39.988599	0.061565	0.000000	-0.004130	0.057435	40.000000
37.497000	39.988178	0.063839	0.000000	-0.045432	0.018408	40.000000
37.398000	39.983680	0.088127	0.000000	-0.052776	0.035351	40.000000
37.298000	39.978403	0.116626	0.000000	-0.078568	0.038058	40.000000
37.201000	39.970781	0.157780	0.000000	-0.087655	0.070125	40.000000
37.099000	39.961841	0.206061	0.000000	-0.099580	0.106481	40.000000
36.999000	39.951883	0.259834	0.000000	-0.116394	0.143440	40.000000
36.900000	39.940360	0.322058	0.000000	-0.138440	0.183617	40.000000
36.799000	39.926377	0.397563	0.000000	-0.081396	0.316167	40.000000
36.698000	39.918156	0.441956	0.000000	-0.065428	0.376529	40.000000
36.599000	39.911679	0.476934	0.000000	-0.007172	0.469762	40.000000
36.499000	39.910962	0.480807	0.000000	-0.076697	0.404109	40.000000
36.398000	39.903215	0.522637	0.000000	-0.040218	0.482419	40.000000
36.298000	39.899193	0.544355	0.000000	-0.081247	0.463108	40.000000
36.202000	39.891394	0.586474	0.000000	0.002818	0.589291	40.000000
36.114000	39.891642	0.585135	0.000000	0.018557	0.603692	40.000000
36.001000	39.893739	0.573812	0.000000	-0.052243	0.521569	40.000000
35.901000	39.888514	0.602023	0.000000	-0.038095	0.563928	40.000000
35.797000	39.884552	0.623417	0.000000	-0.054589	0.568828	40.000000
35.697000	39.879094	0.652895	0.000000	-0.002386	0.650508	40.000000
35.597000	39.878855	0.654183	0.000000	0.010287	0.664471	40.000000
35.498000	39.879873	0.648683	0.000000	0.022263	0.670947	40.000000
35.401000	39.882033	0.637022	0.000000	0.056485	0.693507	40.000000
35.299000	39.887794	0.605910	0.000000	-0.039629	0.566281	40.000000
35.196000	39.883713	0.627952	0.000000	0.035585	0.663536	40.000000
35.098000	39.887200	0.609120	0.000000	0.052176	0.661296	40.000000
34.998000	39.892418	0.580945	0.000000	0.208157	0.789103	40.000000
34.898000	39.913233	0.468540	0.000000	0.182431	0.650971	40.000000
34.797000	39.931659	0.369042	0.000000	0.141648	0.510691	40.000000
34.700000	39.945399	0.294847	0.000000	0.078794	0.373641	40.000000
34.598000	39.953436	0.251447	0.000000	0.101693	0.353141	40.000000
34.500000	39.963402	0.197631	0.000000	0.118181	0.315812	40.000000
34.399000	39.975338	0.133176	0.000000	0.160429	0.293605	40.000000
34.298000	39.991541	0.045678	0.000000	0.063776	0.109454	40.000000
34.203000	39.997600	0.012960	0.000000	0.037487	0.050447	40.000000
34.102000	40.001386	-0.007485	0.000000	-0.020426	-0.027911	40.000000
33.999000	39.999282	0.003876	0.000000	0.043119	0.046995	40.000000
33.900000	40.003551	-0.019176	0.000000	0.012415	-0.006761	40.000000
33.798000	40.004817	-0.026014	0.000000	-0.104240	-0.130254	40.000000
33.700000	39.994602	0.029150	0.000000	-0.099086	-0.069937	40.000000
33.597000	39.984396	0.084262	0.000000	-0.113102	-0.028840	40.000000
33.501000	39.973538	0.142894	0.000000	-0.123526	0.019367	40.000000
33.397000	39.960692	0.212266	0.000000	-0.045537	0.166729	40.000000
33.297000	39.956138	0.236856	0.000000	-0.097596	0.139260	40.000000
33.198000	39.946476	0.289031	0.000000	-0.065598	0.223433	40.000000
33.102000	39.940178	0.323037	0.000000	-0.099591	0.223446	40.000000
32.999000	39.929920	0.378429	0.000000	-0.099660	0.278770	40.000000
32.899000	39.919955	0.432245	0.000000	-0.096715	0.335531	40.000000
32.801000	39.910476	0.483427	0.000000	-0.089943	0.393484	40.000000
32.699000	39.901302	0.532967	0.000000	-0.066560	0.466407	40.000000
32.598000	39.894580	0.569269	0.000000	-0.090050	0.479220	40.000000
32.500000	39.885755	0.616924	0.000000	-0.038038	0.578885	40.000000
32.399000	39.881913	0.637670	0.000000	-0.001197	0.636473	40.000000
32.301000	39.881796	0.638303	0.000000	-0.075550	0.562753	40.000000
32.212000	39.875072	0.674613	0.000000	-0.023853	0.650759	40.000000
32.099000	39.872376	0.689168	0.000000	-0.070151	0.619017	40.000000
31.998000	39.865291	0.727428	0.000000	-0.021190	0.706238	40.000000
31.902000	39.863257	0.738413	0.000000	-0.063793	0.674620	40.000000
31.806000	39.857133	0.771483	0.000000	-0.008213	0.763270	40.000000
31.719000	39.856418	0.775341	0.000000	0.040706	0.816047	40.000000
31.635000	39.859838	0.756877	0.000000	0.055074	0.811951	40.000000
31.549000	39.864574	0.731301	0.000000	-0.001397	0.729904	40.000000
31.466000	39.864458	0.731927	0.000000	0.005511	0.737438	40.000000
31.302000	39.865362	0.727047	0.000000	0.023034	0.750080	40.000000
31.198000	39.867757	0.714111	0.000000	0.053376	0.767487	40.000000
31.098000	39.873095	0.685288	0.000000	0.153948	0.839236	40.000000
30.999000	39.888336	0.602987	0.000000	0.185484	0.788471	40.000000
30.900000	39.906699	0.503828	0.000000	0.145614	0.649441	40.000000
30.797000	39.921697	0.422837	0.000000	0.119369	0.542206	40.000000
30.698000	39.933514	0.359022	0.000000	0.137155	0.496178	40.000000
30.600000	39.946956	0.286439	0.000000	0.150346	0.436785	40.000000
30.499000	39.962141	0.204441	0.000000	0.099073	0.303514	40.000000
30.399000	39.972048	0.150942	0.000000	0.099333	0.250275	40.000000
30.300000	39.981882	0.097838	0.000000	0.085115	0.182953	40.000000
30.207000	39.989798	0.055093	0.000000	0.100554	0.155647	40.000000
30.099000	40.000657	-0.003550	0.000000	0.074630	0.071080	40.000000
29.999000	40.008120	-0.043850	0.000000	0.046609	0.002760	40.000000
29.902000	40.012641	-0.068264	0.000000	0.064290	-0.003974	40.000000
29.799000	40.019263	-0.104022	0.000000	0.042724	-0.061298	40.000000
29.699000	40.023536	-0.127093	0.000000	0.034243	-0.092850	40.000000
29.597000	40.027028	-0.145954	0.000000	-0.006782	-0.152735	40.000000
29.499000	40.026364	-0.142365	0.000000	-0.004241	-0.146606	40.000000
29.400000	40.025944	-0.140097	0.000000	-0.060214	-0.200311	40.000000
29.298000	40.019802	-0.106932	0.000000	-0.048741	-0.155673	40.000000
29.198000	40.014928	-0.080611	0.000000	-0.007444	-0.088056	40.000000
29.101000	40.014206	-0.076712	0.000000	-0.033185	-0.109897	40.000000
29.003000	40.010954	-0.059151	0.000000	-0.053698	-0.112849	40.000000
28.901000	40.005477	-0.029574	0.000000	-0.091072	-0.120646	40.000000
28.798000	39.996096	0.021080	0.000000	-0.046150	-0.025070	40.000000
28.698000	39.991481	0.046002	0.000000	-0.075916	-0.029915	40.000000
28.600000	39.984041	0.086176	0.000000	-0.190424	-0.104248	40.000000
28.502000	39.965380	0.186949	0.000000	-0.153088	0.033861	40.000000
28.402000	39.950071	0.269616	0.000000	-0.105517	0.164099	40.000000
28.298000	39.939097	0.328875	0.000000	-0.163050	0.165825	40.000000
28.202000	39.923444	0.413400	0.000000	-0.142480	0.270920	40.000000
28.100000	39.908911	0.491878	0.000000	-0.026094	0.465784	40.000000
27.999000	39.906276	0.506110	0.000000	-0.249533	0.256576	40.000000
27.898000	39.881073	0.642205	0.000000	-0.154541	0.487664	40.000000
27.799000	39.865774	0.724822	0.000000	-0.091221	0.633601	40.000000
27.699000	39.856652	0.774082	0.000000	-0.085169	0.688913	40.000000
27.599000	39.848135	0.820073	0.000000	-0.059961	0.760112	40.000000
27.498000	39.842079	0.852776	0.000000	-0.029487	0.823289	40.000000
27.398000	39.839130	0.868699	0.000000	-0.051563	0.817136	40.000000
27.298000	39.833974	0.896543	0.000000	-0.006775	0.889768	40.000000
27.201000	39.833316	0.900092	0.000000	0.047062	0.947154	40.000000
27.099000	39.838117	0.874170	0.000000	0.003582	0.877752	40.000000
27.000000	39.838471	0.872255	0.000000	0.054734	0.926989	40.000000
26.898000	39.844054	0.842108	0.000000	-0.006226	0.835882	40.000000
26.801000	39.843450	0.845369	0.000000	0.094125	0.939493	40.000000
26.699000	39.853051	0.793525	0.000000	0.138339	0.931864	40.000000
26.601000	39.866608	0.720316	0.000000	0.102305	0.822621	40.000000
26.503000	39.876634	0.666176	0.000000	0.085163	0.751339	40.000000
26.398000	39.885576	0.617888	0.000000	0.070199	0.688087	40.000000
26.298000	39.892596	0.579981	0.000000	0.085765	0.665745	40.000000
26.200000	39.901001	0.534594	0.000000	0.107080	0.641674	40.000000
26.102000	39.911495	0.477927	0.000000	0.220456	0.698383	40.000000
26.001000	39.933761	0.357690	0.000000	0.182923	0.540613	40.000000
25.901000	39.952053	0.258912	0.000000	0.127294	0.386206	40.000000
25.801000	39.964783	0.190174	0.000000	0.118167	0.308341	40.000000
25.700000	39.976718	0.125725	0.000000	0.123641	0.249366	40.000000
25.600000	39.989082	0.058959	0.000000	0.128488	0.187447	40.000000
25.501000	40.001802	-0.009731	0.000000	0.056738	0.047007	40.000000
25.415000	40.006681	-0.036080	0.000000	0.149719	0.113639	40.000000
25.333000	40.018958	-0.102375	0.000000	0.136904	0.034529	40.000000
25.249000	40.030458	-0.164475	0.000000	0.091662	-0.072813	40.000000
25.165000	40.038158	-0.206053	0.000000	0.154322	-0.051731	40.000000
25.000000	40.063621	-0.343554	0.000000	0.093619	-0.249935	40.000000
24.903000	40.072702	-0.392591	0.000000	0.082831	-0.309761	40.000000
24.815000	40.079991	-0.431953	0.000000	0.091710	-0.340243	40.000000
24.731000	40.087695	-0.473552	0.000000	0.113889	-0.359664	40.000000
24.648000	40.097148	-0.524597	0.000000	0.009249	-0.515348	40.000000
24.564000	40.097925	-0.528793	0.000000	0.051853	-0.476939	40.000000
24.398000	40.106532	-0.575274	0.000000	0.082400	-0.492874	40.000000
24.303000	40.114360	-0.617545	0.000000	0.019621	-0.597923	40.000000
24.205000	40.116283	-0.627929	0.000000	0.008100	-0.619828	40.000000
24.101000	40.117126	-0.632478	0.000000	-0.036563	-0.669041	40.000000
23.999000	40.113396	-0.612339	0.000000	-0.002425	-0.614764	40.000000
23.897000	40.113149	-0.611003	0.000000	-0.053268	-0.664270	40.000000
23.800000	40.107982	-0.583101	0.000000	-0.051786	-0.634888	40.000000
23.701000	40.102855	-0.555416	0.000000	-0.060656	-0.616072	40.000000
23.601000	40.096789	-0.522662	0.000000	-0.130495	-0.653157	40.000000
23.499000	40.083479	-0.450785	0.000000	-0.144980	-0.595765	40.000000
23.399000	40.068981	-0.372496	0.000000	-0.110253	-0.482749	40.000000
23.299000	40.057955	-0.312959	0.000000	-0.157660	-0.470619	40.000000
23.207000	40.043451	-0.234634	0.000000	-0.188921	-0.423554	40.000000
23.100000	40.023236	-0.125475	0.000000	-0.211253	-0.336728	40.000000
22.998000	40.001688	-0.009117	0.000000	-0.235785	-0.244902	40.000000
22.901000	39.978817	0.114388	0.000000	-0.231117	-0.116729	40.000000
22.799000	39.955243	0.241686	0.000000	-0.248656	-0.006970	40.000000
22.701000	39.930875	0.373275	0.000000	-0.239963	0.133312	40.000000
22.599000	39.906399	0.505447	0.000000	-0.266938	0.238509	40.000000
22.501000	39.880239	0.646711	0.000000	-0.247829	0.398882	40.000000
22.401000	39.855456	0.780539	0.000000	-0.250015	0.530524	40.000000
22.299000	39.829954	0.918247	0.000000	-0.211263	0.706984	40.000000
22.201000	39.809251	1.030047	0.000000	-0.201410	0.828637	40.000000
22.100000	39.788908	1.139896	0.000000	-0.112957	1.026939	40.000000
21.998000	39.777386	1.202113	0.000000	-0.149041	1.053072	40.000000
21.901000	39.762929	1.280181	0.000000	-0.051205	1.228976	40.000000
21.799000	39.757707	1.308385	0.000000	-0.005992	1.302393	40.000000
21.700000	39.757113	1.311588	0.000000	-0.021057	1.290531	40.000000
21.597000	39.754944	1.323300	0.000000	0.016302	1.339602	40.000000
21.501000	39.756509	1.314849	0.000000	0.044135	1.358984	40.000000
21.399000	39.761011	1.290540	0.000000	0.116376	1.406916	40.000000
21.299000	39.772649	1.227697	0.000000	0.123806	1.351502	40.000000
21.204000	39.784410	1.164184	0.000000	0.176089	1.340273	40.000000
21.097000	39.803252	1.062440	0.000000	0.205767	1.268207	40.000000
20.999000	39.823417	0.953548	0.000000	0.210025	1.163573	40.000000
20.901000	39.843999	0.842403	0.000000	0.256311	1.098714	40.000000
20.802000	39.869374	0.705379	0.000000	0.254563	0.959942	40.000000
20.699000	39.895594	0.563791	0.000000	0.210609	0.774401	40.000000
20.599000	39.916655	0.450062	0.000000	0.285035	0.735097	40.000000
20.499000	39.945159	0.296143	0.000000	0.244839	0.540982	40.000000
20.400000	39.969398	0.165252	0.000000	0.246524	0.411776	40.000000
20.299000	39.994297	0.030798	0.000000	0.297113	0.327912	40.000000
20.200000	40.023711	-0.128038	0.000000	0.303844	0.175806	40.000000
20.097000	40.055007	-0.297037	0.000000	0.226084	-0.070953	40.000000
19.999000	40.077163	-0.416680	0.000000	0.218276	-0.198405	40.000000
19.900000	40.098772	-0.533371	0.000000	0.280247	-0.253124	40.000000
19.801000	40.126517	-0.683190	0.000000	0.302708	-0.380482	40.000000
19.699000	40.157393	-0.849922	0.000000	0.311611	-0.538311	40.000000
19.603000	40.187308	-1.011461	0.000000	0.357741	-0.653720	40.000000
19.497000	40.225228	-1.216232	0.000000	0.292371	-0.923861	40.000000
19.399000	40.253880	-1.370955	0.000000	0.300279	-1.070676	40.000000
19.302000	40.283008	-1.528241	0.000000	0.251863	-1.276377	40.000000
19.199000	40.308949	-1.668327	0.000000	0.293929	-1.374398	40.000000
19.105000	40.336579	-1.817525	0.000000	0.252346	-1.565179	40.000000
19.001000	40.362823	-1.959243	0.000000	0.267495	-1.691748	40.000000
18.900000	40.389840	-2.105135	0.000000	0.261472	-1.843663	40.000000
18.801000	40.415725	-2.244918	0.000000	0.262144	-1.982774	40.000000
18.697000	40.442988	-2.392138	0.000000	0.246346	-2.145791	40.000000
18.599000	40.467130	-2.522504	0.000000	0.226296	-2.296208	40.000000
18.499000	40.489760	-2.644704	0.000000	0.256206	-2.388498	40.000000
18.402000	40.514612	-2.778905	0.000000	0.176365	-2.602540	40.000000
18.302000	40.532248	-2.874142	0.000000	0.251259	-2.622883	40.000000
18.204000	40.556872	-3.007108	0.000000	0.275995	-2.731113	40.000000
18.098000	40.586127	-3.165087	0.000000	0.283679	-2.881408	40.000000
18.000000	40.613928	-3.315210	0.000000	0.224691	-3.090519	40.000000
17.899000	40.636622	-3.437757	0.000000	0.287977	-3.149780	40.000000
17.815000	40.660812	-3.568383	0.000000	0.294536	-3.273847	40.000000
17.731000	40.685553	-3.701985	0.000000	0.254387	-3.447597	40.000000
17.651000	40.705904	-3.811880	0.000000	0.330210	-3.481670	40.000000
17.569000	40.732981	-3.958096	0.000000	0.263700	-3.694396	40.000000
17.401000	40.777283	-4.197326	0.000000	0.259642	-3.937684	40.000000
17.299000	40.803766	-4.340336	0.000000	0.273347	-4.066989	40.000000
17.203000	40.830007	-4.482040	0.000000	0.244865	-4.237175	40.000000
17.100000	40.855228	-4.618233	0.000000	0.240764	-4.377469	40.000000
16.999000	40.879546	-4.749546	0.000000	0.260385	-4.489161	40.000000
16.898000	40.905844	-4.891560	0.000000	0.277552	-4.614007	40.000000
16.800000	40.933045	-5.038441	0.000000	0.214417	-4.824024	40.000000
16.702000	40.954057	-5.151910	0.000000	0.214766	-4.937145	40.000000
16.600000	40.975964	-5.270203	0.000000	0.198158	-5.072045	40.000000
16.504000	40.994987	-5.372928	0.000000	0.264676	-5.108252	40.000000
16.401000	41.022248	-5.520141	0.000000	0.250662	-5.269479	40.000000
16.297000	41.048317	-5.660913	0.000000	0.361047	-5.299866	40.000000
16.201000	41.082978	-5.848080	0.000000	0.296713	-5.551366	40.000000
16.101000	41.112649	-6.008305	0.000000	0.262040	-5.746265	40.000000
15.999000	41.139377	-6.152637	0.000000	0.216832	-5.935804	40.000000
15.901000	41.160627	-6.267384	0.000000	0.212616	-6.054768	40.000000
15.796000	41.182951	-6.387938	0.000000	0.242683	-6.145255	40.000000
15.701000	41.206006	-6.512434	0.000000	0.242577	-6.269857	40.000000
15.600000	41.230507	-6.644735	0.000000	0.294752	-6.349983	40.000000
15.503000	41.259097	-6.799126	0.000000	0.262787	-6.536339	40.000000
15.399000	41.286427	-6.946707	0.000000	0.243140	-6.703567	40.000000
15.301000	41.310255	-7.075377	0.000000	0.229325	-6.846052	40.000000
15.206000	41.332041	-7.193020	0.000000	0.210127	-6.982893	40.000000
15.098000	41.354735	-7.315567	0.000000	0.231688	-7.083878	40.000000
14.999000	41.377672	-7.439427	0.000000	0.235054	-7.204373	40.000000
14.904000	41.400002	-7.560009	0.000000	0.133601	-7.426409	40.000000
14.804000	41.413362	-7.632154	0.000000	0.231031	-7.401122	40.000000
14.699000	41.437620	-7.763148	0.000000	0.324967	-7.438181	40.000000
14.599000	41.470117	-7.938631	0.000000	0.217297	-7.721335	40.000000
14.499000	41.491847	-8.055971	0.000000	0.198164	-7.857808	40.000000
14.400000	41.511465	-8.161910	0.000000	0.209112	-7.952798	40.000000
14.305000	41.531330	-8.269184	0.000000	0.108900	-8.160284	40.000000
14.200000	41.542765	-8.330930	0.000000	0.163125	-8.167804	40.000000
14.100000	41.559077	-8.419018	0.000000	0.172054	-8.246964	40.000000
14.001000	41.576111	-8.510998	0.000000	0.204461	-8.306537	40.000000
13.900000	41.596761	-8.622511	0.000000	0.278206	-8.344305	40.000000
13.799000	41.624860	-8.774244	0.000000	0.258884	-8.515360	40.000000
13.699000	41.650748	-8.914041	0.000000	0.152681	-8.761360	40.000000
13.604000	41.665253	-8.992366	0.000000	0.126080	-8.866287	40.000000
13.499000	41.678491	-9.063854	0.000000	0.111299	-8.952555	40.000000
13.400000	41.689510	-9.123354	0.000000	0.133857	-8.989497	40.000000
13.302000	41.702628	-9.194191	0.000000	0.173565	-9.020626	40.000000
13.199000	41.720505	-9.290728	0.000000	0.165042	-9.125686	40.000000
13.102000	41.736514	-9.377177	0.000000	0.171056	-9.206120	40.000000
13.001000	41.753791	-9.470471	0.000000	0.204395	-9.266076	40.000000
12.900000	41.774435	-9.581948	0.000000	0.166441	-9.415506	40.000000
12.802000	41.790746	-9.670029	0.000000	0.191169	-9.478860	40.000000
12.700000	41.810245	-9.775324	0.000000	0.128647	-9.646677	40.000000
12.598000	41.823367	-9.846183	0.000000	0.152014	-9.694169	40.000000
12.501000	41.838113	-9.925808	0.000000	0.099905	-9.825903	40.000000
12.404000	41.847803	-9.978138	0.000000	0.070471	-9.907667	40.000000
12.304000	41.854850	-10.016192	0.000000	0.067529	-9.948664	40.000000
12.198000	41.862009	-10.054846	0.000000	0.042250	-10.012596	40.000000
12.104000	41.865980	-10.076292	0.000000	0.047786	-10.028507	40.000000
12.002000	41.870854	-10.102612	0.000000	-0.028588	-10.131200	40.000000
11.899000	41.867910	-10.086712	0.000000	-0.076290	-10.163002	40.000000
11.802000	41.860510	-10.046751	0.000000	-0.028081	-10.074833	40.000000
11.699000	41.857617	-10.031133	0.000000	-0.011333	-10.042466	40.000000
11.598000	41.856472	-10.024951	0.000000	-0.045465	-10.070417	40.000000
11.500000	41.852017	-10.000891	0.000000	0.017721	-9.983170	40.000000
11.401000	41.853771	-10.010365	0.000000	-0.054423	-10.064788	40.000000
11.298000	41.848166	-9.980095	0.000000	-0.073533	-10.053628	40.000000
11.199000	41.840886	-9.940784	0.000000	-0.096974	-10.037758	40.000000
11.099000	41.831189	-9.888418	0.000000	-0.082731	-9.971150	40.000000
11.000000	41.822998	-9.844190	0.000000	-0.029088	-9.873278	40.000000
10.899000	41.820060	-9.828326	0.000000	-0.079796	-9.908121	40.000000
10.801000	41.812240	-9.786098	0.000000	-0.059030	-9.845128	40.000000
10.704000	41.806514	-9.755178	0.000000	-0.116844	-9.872021	40.000000
10.601000	41.794480	-9.690189	0.000000	-0.161146	-9.851336	40.000000
10.499000	41.778043	-9.601430	0.000000	-0.234549	-9.835979	40.000000
10.402000	41.755291	-9.478573	0.000000	-0.227706	-9.706279	40.000000
10.300000	41.732065	-9.353153	0.000000	-0.242670	-9.595822	40.000000
10.201000	41.708041	-9.223422	0.000000	-0.252126	-9.475548	40.000000
10.106000	41.684089	-9.094080	0.000000	-0.274849	-9.368929	40.000000
10.002000	41.655505	-8.939726	0.000000	-0.312411	-9.252137	40.000000
9.902000	41.624264	-8.771023	0.000000	-0.341898	-9.112921	40.000000
9.799000	41.589048	-8.580860	0.000000	-0.361060	-8.941920	40.000000
9.699000	41.552942	-8.385888	0.000000	-0.485783	-8.871671	40.000000
9.600000	41.504850	-8.126188	0.000000	-0.530372	-8.656559	40.000000
9.504000	41.453934	-7.851244	0.000000	-0.495571	-8.346815	40.000000
9.401000	41.402890	-7.575607	0.000000	-0.621987	-8.197593	40.000000
9.299000	41.339448	-7.233017	0.000000	-0.672795	-7.905812	40.000000
9.203000	41.274859	-6.884239	0.000000	-0.724585	-7.608824	40.000000
9.101000	41.200952	-6.485139	0.000000	-0.779458	-7.264596	40.000000
9.000000	41.122226	-6.060021	0.000000	-0.861037	-6.921058	40.000000
8.905000	41.040428	-5.618310	0.000000	-0.808303	-6.426613	40.000000
8.805000	40.959598	-5.181827	0.000000	-0.862500	-6.044326	40.000000
8.699000	40.868173	-4.688132	0.000000	-0.986858	-5.674990	40.000000
8.603000	40.773434	-4.176544	0.000000	-0.983108	-5.159652	40.000000
8.501000	40.673157	-3.635047	0.000000	-1.053906	-4.688953	40.000000
8.399000	40.565659	-3.054557	0.000000	-1.120839	-4.175396	40.000000
8.301000	40.455816	-2.461408	0.000000	-1.103347	-3.564755	40.000000
8.204000	40.348792	-1.883474	0.000000	-1.280697	-3.164171	40.000000
8.100000	40.215599	-1.164234	0.000000	-1.310466	-2.474700	40.000000
7.999000	40.083242	-0.449507	0.000000	-1.495847	-1.945354	40.000000
7.905000	39.942633	0.309784	0.000000	-1.312084	-1.002299	40.000000
7.799000	39.803552	1.060821	0.000000	-1.390988	-0.330167	40.000000
7.700000	39.665844	1.804442	0.000000	-1.432074	0.372368	40.000000
7.610000	39.536957	2.500431	0.000000	-1.402979	1.097453	40.000000
7.503000	39.386839	3.311072	0.000000	-1.410996	1.900075	40.000000
7.400000	39.241506	4.095869	0.000000	-1.344360	2.751509	40.000000
7.299000	39.105726	4.829082	0.000000	-1.373949	3.455133	40.000000
7.201000	38.971079	5.556176	0.000000	-1.329925	4.226251	40.000000
7.104000	38.842076	6.252791	0.000000	-1.412175	4.840616	40.000000
7.003000	38.699446	7.022990	0.000000	-1.336652	5.686337	40.000000
6.898000	38.559098	7.780872	0.000000	-1.327769	6.453103	40.000000
6.798000	38.426321	8.497866	0.000000	-1.400085	7.097782	40.000000
6.702000	38.291913	9.223672	0.000000	-1.295989	7.927683	40.000000
6.602000	38.162314	9.923505	0.000000	-1.416764	8.506741	40.000000
6.502000	38.020638	10.688557	0.000000	-1.366527	9.322030	40.000000
6.400000	37.881252	11.441242	0.000000	-1.312910	10.128331	40.000000
6.298000	37.747335	12.164391	0.000000	-1.282729	10.881661	40.000000
6.200000	37.621627	12.843212	0.000000	-1.289727	11.553485	40.000000
6.103000	37.496524	13.518771	0.000000	-1.296655	12.222116	40.000000
6.003000	37.366858	14.218964	0.000000	-1.310204	12.908760	40.000000
5.899000	37.230597	14.954776	0.000000	-1.255916	13.698860	40.000000
5.798000	37.103750	15.639751	0.000000	-1.376348	14.263403	40.000000
5.701000	36.970244	16.360683	0.000000	-1.263714	15.096969	40.000000
5.602000	36.845136	17.036265	0.000000	-1.281237	15.755027	40.000000
5.500000	36.714450	17.741972	0.000000	-1.255784	16.486188	40.000000
5.400000	36.588871	18.420094	0.000000	-1.250531	17.169563	40.000000
5.300000	36.463818	19.095381	0.000000	-1.258753	17.836628	40.000000
5.204000	36.342978	19.747919	0.000000	-1.208317	18.539602	40.000000
5.102000	36.219730	20.413459	0.000000	-1.161666	19.251793	40.000000
4.997000	36.097755	21.072124	0.000000	-1.213519	19.858605	40.000000
4.899000	35.978830	21.714318	0.000000	-1.163018	20.551301	40.000000
4.802000	35.866017	22.323508	0.000000	-1.193951	21.129557	40.000000
4.703000	35.747816	22.961794	0.000000	-1.109187	21.852607	40.000000
4.602000	35.635788	23.566743	0.000000	-1.099229	22.467514	40.000000
4.499000	35.522568	24.178135	0.000000	-1.049452	23.128683	40.000000
4.399000	35.417622	24.744839	0.000000	-1.132665	23.612174	40.000000
4.301000	35.306621	25.344245	0.000000	-1.080698	24.263548	40.000000
4.204000	35.201793	25.910316	0.000000	-1.016480	24.893836	40.000000
4.103000	35.099129	26.464703	0.000000	-1.039469	25.425234	40.000000
3.998000	34.989985	27.054082	0.000000	-1.033994	26.020088	40.000000
3.903000	34.891756	27.584519	0.000000	-1.017044	26.567476	40.000000
3.801000	34.788017	28.144708	0.000000	-0.998833	27.145875	40.000000
3.722000	34.709109	28.570811	0.000000	-0.938097	27.632713	40.000000
3.626000	34.619052	29.057121	0.000000	-0.910224	28.146897	40.000000
3.549000	34.548965	29.435591	0.000000	-0.907828	28.527763	40.000000
3.449000	34.458182	29.925817	0.000000	-0.917257	29.008560	40.000000
3.369000	34.384801	30.322074	0.000000	-0.849719	29.472356	40.000000
3.202000	34.242898	31.088350	0.000000	-0.760631	30.327719	40.000000
3.097000	34.163032	31.519628	0.000000	-0.770848	30.748780	40.000000
2.999000	34.087489	31.927561	0.000000	-0.729925	31.197636	40.000000
2.902000	34.016686	32.309896	0.000000	-0.656507	31.653389	40.000000
2.800000	33.949722	32.671500	0.000000	-0.643693	32.027807	40.000000
2.701000	33.885997	33.015618	0.000000	-0.597598	32.418020	40.000000
2.601000	33.826237	33.338320	0.000000	-0.579813	32.758508	40.000000
2.503000	33.769415	33.645157	0.000000	-0.468694	33.176463	40.000000
2.402000	33.722077	33.900784	0.000000	-0.464861	33.435923	40.000000
2.303000	33.676056	34.149299	0.000000	-0.379659	33.769640	40.000000
2.202000	33.637710	34.356364	0.000000	-0.349693	34.006671	40.000000
2.097000	33.600993	34.554640	0.000000	-0.255822	34.298819	40.000000
2.002000	33.576690	34.685877	0.000000	-0.180549	34.505328	40.000000
1.902000	33.558635	34.783373	0.000000	-0.102424	34.680950	40.000000
1.800000	33.548187	34.839788	0.000000	-0.023473	34.816315	40.000000
1.703000	33.545911	34.852083	0.000000	0.015278	34.867361	40.000000
1.601000	33.547469	34.843668	0.000000	0.074255	34.917923	40.000000
1.500000	33.554969	34.803169	0.000000	0.106867	34.910037	40.000000
1.404000	33.565228	34.747769	0.000000	0.123055	34.870824	40.000000
1.304000	33.577533	34.681320	0.000000	0.148239	34.829559	40.000000
1.200000	33.592950	34.598069	0.000000	0.158367	34.756436	40.000000
1.100000	33.608787	0.000000	0.000000	0.000000	0.000000	40.000000
1.000000	33.622111	0.000000	0.000000	0.000000	0.000000	40.000000
0.899000	33.635792	0.000000	0.000000	0.000000	0.000000	40.000000
0.804000	33.648092	0.000000	0.000000	0.000000	0.000000	40.000000
0.705000	33.665375	0.000000	0.000000	0.000000	0.000000	40.000000
0.600000	33.677967	0.000000	0.000000	0.000000	0.000000	40.000000
0.500000	33.689438	0.000000	0.000000	0.000000	0.000000	40.000000
0.401000	33.704621	0.000000	0.000000	0.000000	0.000000	40.000000
0.301000	33.716678	0.000000	0.000000	0.000000	0.000000	40.000000
0.199000	33.729273	0.000000	0.000000	0.000000	0.000000	40.000000
0.102000	33.744515	0.000000	0.000000	0.000000	0.000000	40.000000
