Zeit (s)	Istwert	P	I	D	Regelausgang	Sollwert
69.394000	39.914730	0.494564	0.000000	-0.028371	0.466193	40.000000
69.295000	39.911922	0.510855	0.000000	-0.025473	0.485382	40.000000
69.203000	39.909578	0.524448	0.000000	0.002666	0.527114	40.000000
69.093000	39.909871	0.522747	0.000000	0.061927	0.584673	40.000000
68.994000	39.916002	0.487188	0.000000	0.059314	0.546503	40.000000
68.897000	39.921756	0.453818	0.000000	0.034488	0.488306	40.000000
68.796000	39.925239	0.433615	0.000000	0.032367	0.465982	40.000000
68.696000	39.928475	0.414842	0.000000	0.090007	0.504850	40.000000
68.594000	39.937656	0.361594	0.000000	0.028208	0.389801	40.000000
68.494000	39.940477	0.345233	0.000000	0.058818	0.404051	40.000000
68.396000	39.946241	0.311801	0.000000	-0.033464	0.278337	40.000000
68.299000	39.942995	0.330628	0.000000	0.015686	0.346314	40.000000
68.196000	39.944611	0.321257	0.000000	-0.045693	0.275564	40.000000
68.095000	39.939996	0.348025	0.000000	-0.008328	0.339696	40.000000
67.994000	39.939155	0.352903	0.000000	0.042889	0.395792	40.000000
67.896000	39.943358	0.328525	0.000000	0.021963	0.350488	40.000000
67.795000	39.945576	0.315659	0.000000	0.083149	0.398809	40.000000
67.699000	39.953558	0.269362	0.000000	0.025652	0.295013	40.000000
67.596000	39.956200	0.254037	0.000000	-0.055296	0.198742	40.000000
67.494000	39.950560	0.286750	0.000000	0.005495	0.292246	40.000000
67.396000	39.951099	0.283627	0.000000	-0.005452	0.278175	40.000000
67.296000	39.950554	0.286789	0.000000	0.004861	0.291650	40.000000
67.197000	39.951035	0.283998	0.000000	0.016089	0.300087	40.000000
67.096000	39.952660	0.274573	0.000000	-0.043433	0.231140	40.000000
66.998000	39.948403	0.299260	0.000000	0.020584	0.319844	40.000000
66.896000	39.950503	0.287083	0.000000	-0.029745	0.257338	40.000000
66.797000	39.947558	0.304162	0.000000	-0.025768	0.278394	40.000000
66.697000	39.944981	0.319108	0.000000	-0.019111	0.299996	40.000000
66.593000	39.942994	0.330636	0.000000	-0.030303	0.300333	40.000000
66.496000	39.940054	0.347684	0.000000	-0.018245	0.329440	40.000000
66.394000	39.938193	0.358478	0.000000	0.014856	0.373334	40.000000
66.297000	39.939635	0.350120	0.000000	-0.082853	0.267267	40.000000
66.192000	39.930935	0.400577	0.000000	-0.032172	0.368405	40.000000
66.095000	39.927814	0.418677	0.000000	-0.055871	0.362806	40.000000
65.993000	39.922115	0.451731	0.000000	-0.032722	0.419009	40.000000
65.896000	39.918941	0.470140	0.000000	-0.022543	0.447597	40.000000
65.795000	39.916665	0.483346	0.000000	-0.004731	0.478615	40.000000
65.693000	39.916182	0.486145	0.000000	-0.049243	0.436901	40.000000
65.593000	39.911258	0.514706	0.000000	0.018121	0.532827	40.000000
65.497000	39.912997	0.504616	0.000000	-0.022250	0.482366	40.000000
65.400000	39.910839	0.517133	0.000000	0.007986	0.525119	40.000000
65.295000	39.911678	0.512270	0.000000	0.037977	0.550247	40.000000
65.205000	39.915096	0.492446	0.000000	0.041085	0.533531	40.000000
65.094000	39.919656	0.465996	0.000000	-0.001209	0.464786	40.000000
64.997000	39.919539	0.466676	0.000000	0.027518	0.494194	40.000000
64.899000	39.922235	0.451035	0.000000	-0.002349	0.448685	40.000000
64.798000	39.921998	0.452411	0.000000	-5.127148E-5	0.452360	40.000000
64.694000	39.921993	0.452442	0.000000	0.025795	0.478237	40.000000
64.594000	39.924572	0.437481	0.000000	0.020309	0.457790	40.000000
64.496000	39.926563	0.425937	0.000000	-0.009556	0.416382	40.000000
64.395000	39.925597	0.431535	0.000000	-0.028492	0.403043	40.000000
64.296000	39.922777	0.447896	0.000000	0.001208	0.449104	40.000000
64.200000	39.922893	0.447223	0.000000	0.015438	0.462661	40.000000
64.095000	39.924514	0.437821	0.000000	-0.017436	0.420385	40.000000
63.995000	39.922770	0.447934	0.000000	0.012664	0.460598	40.000000
63.895000	39.924036	0.440589	0.000000	0.059974	0.500563	40.000000
63.795000	39.930034	0.405804	0.000000	0.066560	0.472364	40.000000
63.694000	39.936756	0.366813	0.000000	0.047290	0.414103	40.000000
63.595000	39.941438	0.339659	0.000000	-0.002437	0.337222	40.000000
63.496000	39.941197	0.341058	0.000000	0.001213	0.342271	40.000000
63.396000	39.941318	0.340355	0.000000	-0.017505	0.322850	40.000000
63.297000	39.939585	0.350406	0.000000	0.005691	0.356097	40.000000
63.193000	39.940177	0.346973	0.000000	0.041053	0.388026	40.000000
63.095000	39.944200	0.323639	0.000000	0.033653	0.357292	40.000000
62.997000	39.947498	0.304510	0.000000	-0.043062	0.261448	40.000000
62.898000	39.943235	0.329236	0.000000	-0.047162	0.282074	40.000000
62.795000	39.938377	0.357411	0.000000	-0.051288	0.306123	40.000000
62.698000	39.933402	0.386266	0.000000	-0.030074	0.356192	40.000000
62.598000	39.930395	0.403709	0.000000	-0.039748	0.363960	40.000000
62.494000	39.926261	0.427685	0.000000	0.003632	0.431317	40.000000
62.396000	39.926617	0.425620	0.000000	-0.027282	0.398339	40.000000
62.295000	39.923862	0.441602	0.000000	0.005253	0.446855	40.000000
62.194000	39.924392	0.438525	0.000000	0.035476	0.474000	40.000000
62.096000	39.927869	0.418360	0.000000	0.011141	0.429501	40.000000
61.998000	39.928961	0.412028	0.000000	0.083499	0.495527	40.000000
61.896000	39.937478	0.362630	0.000000	0.017683	0.380313	40.000000
61.794000	39.939281	0.352169	0.000000	0.009518	0.361687	40.000000
61.694000	39.940233	0.346648	0.000000	0.013358	0.360006	40.000000
61.595000	39.941555	0.338978	0.000000	0.013811	0.352789	40.000000
61.495000	39.942936	0.330968	0.000000	0.033423	0.364391	40.000000
61.398000	39.946178	0.312165	0.000000	0.002899	0.315064	40.000000
61.295000	39.946477	0.310433	0.000000	-0.003613	0.306820	40.000000
61.195000	39.946116	0.312528	0.000000	-0.001818	0.310710	40.000000
61.096000	39.945936	0.313572	0.000000	0.004210	0.317782	40.000000
60.995000	39.946361	0.311105	0.000000	-0.037635	0.273470	40.000000
60.896000	39.942635	0.332716	0.000000	-0.005939	0.326776	40.000000
60.795000	39.942035	0.336195	0.000000	0.034904	0.371099	40.000000
60.697000	39.945456	0.316355	0.000000	0.090034	0.406389	40.000000
60.595000	39.954639	0.263091	0.000000	0.017112	0.280203	40.000000
60.497000	39.956316	0.253365	0.000000	-0.064198	0.189167	40.000000
60.396000	39.949832	0.290972	0.000000	-0.045694	0.245278	40.000000
60.295000	39.945217	0.317739	0.000000	-0.002651	0.315088	40.000000
60.205000	39.944979	0.319123	0.000000	-0.013092	0.306032	40.000000
60.099000	39.943591	0.327172	0.000000	-0.039578	0.287594	40.000000
59.996000	39.939515	0.350816	0.000000	-0.075092	0.275724	40.000000
59.893000	39.931780	0.395675	0.000000	-0.066163	0.329512	40.000000
59.795000	39.925296	0.433283	0.000000	-0.029994	0.403289	40.000000
59.693000	39.922237	0.451027	0.000000	-0.089981	0.361045	40.000000
59.595000	39.913419	0.502172	0.000000	-0.015303	0.486869	40.000000
59.497000	39.911919	0.510871	0.000000	-0.040794	0.470076	40.000000
59.394000	39.907717	0.535241	0.000000	-0.033606	0.501635	40.000000
59.294000	39.904356	0.554733	0.000000	0.025383	0.580116	40.000000
59.197000	39.906819	0.540452	0.000000	-0.055309	0.485144	40.000000
59.095000	39.901177	0.573173	0.000000	-0.041231	0.531942	40.000000
58.996000	39.897095	0.596848	0.000000	0.027628	0.624476	40.000000
58.894000	39.899913	0.580503	0.000000	0.073852	0.654354	40.000000
58.794000	39.907298	0.537669	0.000000	0.045004	0.582673	40.000000
58.694000	39.911799	0.511566	0.000000	0.048594	0.560160	40.000000
58.599000	39.916415	0.484791	0.000000	0.042605	0.527396	40.000000
58.499000	39.920676	0.460081	0.000000	0.019795	0.479875	40.000000
58.393000	39.922774	0.447911	0.000000	0.047856	0.495767	40.000000
58.294000	39.927512	0.420432	0.000000	0.072214	0.492647	40.000000
58.195000	39.934661	0.378967	0.000000	0.047842	0.426809	40.000000
58.096000	39.939397	0.351496	0.000000	0.046987	0.398483	40.000000
57.999000	39.943955	0.325061	0.000000	0.028896	0.353957	40.000000
57.897000	39.946902	0.307966	0.000000	0.012847	0.320813	40.000000
57.795000	39.948213	0.300366	0.000000	0.022249	0.322615	40.000000
57.695000	39.950438	0.287462	0.000000	0.054492	0.341954	40.000000
57.597000	39.955778	0.256488	0.000000	0.023649	0.280137	40.000000
57.493000	39.958237	0.242223	0.000000	0.035544	0.277767	40.000000
57.395000	39.961721	0.222020	0.000000	-0.022703	0.199317	40.000000
57.297000	39.959496	0.234925	0.000000	0.006522	0.241446	40.000000
57.195000	39.960161	0.231066	0.000000	-0.033959	0.197107	40.000000
57.096000	39.956799	0.250566	0.000000	-0.044206	0.206359	40.000000
56.997000	39.952423	0.275949	0.000000	-0.045518	0.230431	40.000000
56.894000	39.947734	0.303142	0.000000	-0.011549	0.291593	40.000000
56.796000	39.946602	0.309706	0.000000	-0.061215	0.248491	40.000000
56.695000	39.940420	0.345566	0.000000	-0.057526	0.288040	40.000000
56.597000	39.934782	0.378263	0.000000	-0.062469	0.315795	40.000000
56.496000	39.928473	0.414858	0.000000	-0.045694	0.369164	40.000000
56.395000	39.923858	0.441625	0.000000	0.021194	0.462819	40.000000
56.296000	39.925956	0.429455	0.000000	-0.021976	0.407480	40.000000
56.195000	39.923736	0.442329	0.000000	-0.051633	0.390696	40.000000
56.094000	39.918522	0.472575	0.000000	-0.073825	0.398750	40.000000
55.994000	39.911139	0.515394	0.000000	-0.010952	0.504441	40.000000
55.906000	39.910175	0.520984	0.000000	0.003424	0.524407	40.000000
55.818000	39.910476	0.519236	0.000000	-0.045718	0.473518	40.000000
55.730000	39.906453	0.542571	0.000000	0.013228	0.555799	40.000000
55.639000	39.907657	0.535589	0.000000	0.021960	0.557549	40.000000
55.546000	39.909699	0.523744	0.000000	0.039318	0.563062	40.000000
55.453000	39.913356	0.502536	0.000000	0.016315	0.518851	40.000000
55.365000	39.914792	0.494209	0.000000	0.023636	0.517844	40.000000
55.276000	39.916895	0.482008	0.000000	0.027812	0.509820	40.000000
55.166000	39.919955	0.464264	0.000000	0.091423	0.555687	40.000000
54.994000	39.935679	0.373060	0.000000	0.026368	0.399428	40.000000
54.894000	39.938316	0.357767	0.000000	0.035076	0.392843	40.000000
54.798000	39.941683	0.338236	0.000000	0.049323	0.387560	40.000000
54.696000	39.946714	0.309057	0.000000	0.030034	0.339090	40.000000
54.596000	39.949718	0.291637	0.000000	0.022264	0.313901	40.000000
54.499000	39.951877	0.279112	0.000000	0.027818	0.306930	40.000000
54.393000	39.954826	0.262009	0.000000	0.042753	0.304762	40.000000
54.295000	39.959016	0.237708	0.000000	0.031567	0.269275	40.000000
54.198000	39.962078	0.219948	0.000000	0.039417	0.259365	40.000000
54.096000	39.966098	0.196629	0.000000	0.053534	0.250163	40.000000
53.995000	39.971505	0.165269	0.000000	-0.015077	0.150192	40.000000
53.895000	39.969998	0.174014	0.000000	-0.013184	0.160830	40.000000
53.795000	39.968679	0.181661	0.000000	-0.069077	0.112584	40.000000
53.696000	39.961841	0.221324	0.000000	-0.083747	0.137578	40.000000
53.600000	39.953801	0.267955	0.000000	-0.128344	0.139611	40.000000
53.499000	39.940838	0.343138	0.000000	-0.026586	0.316552	40.000000
53.393000	39.938020	0.359483	0.000000	0.057526	0.417009	40.000000
53.295000	39.943658	0.326785	0.000000	0.008776	0.335561	40.000000
53.199000	39.944500	0.321899	0.000000	0.008710	0.330609	40.000000
53.096000	39.945397	0.316696	0.000000	0.003047	0.319743	40.000000
52.998000	39.945696	0.314964	0.000000	-0.036895	0.278069	40.000000
52.899000	39.942043	0.336149	0.000000	-0.005255	0.330893	40.000000
52.795000	39.941497	0.339319	0.000000	-0.022236	0.317083	40.000000
52.698000	39.939340	0.351829	0.000000	-0.003009	0.348819	40.000000
52.597000	39.939036	0.353591	0.000000	-0.047162	0.306430	40.000000
52.494000	39.934178	0.381766	0.000000	-0.044698	0.337068	40.000000
52.396000	39.929798	0.407172	0.000000	-0.089724	0.317448	40.000000
52.295000	39.920736	0.459733	0.000000	-0.075835	0.383898	40.000000
52.197000	39.913304	0.502837	0.000000	-0.046724	0.456113	40.000000
52.098000	39.908678	0.529667	0.000000	-0.026381	0.503285	40.000000
51.998000	39.906040	0.544968	0.000000	-0.021031	0.523936	40.000000
51.895000	39.903874	0.557532	0.000000	-0.043111	0.514421	40.000000
51.795000	39.899563	0.582536	0.000000	-0.082731	0.499805	40.000000
51.697000	39.891455	0.629561	0.000000	-0.017778	0.611782	40.000000
51.596000	39.889659	0.639975	0.000000	-0.017472	0.622503	40.000000
51.493000	39.887860	0.650413	0.000000	0.038434	0.688847	40.000000
51.398000	39.891511	0.629236	0.000000	0.040858	0.670094	40.000000
51.298000	39.895597	0.605538	0.000000	0.060589	0.666127	40.000000
51.196000	39.901777	0.569694	0.000000	-0.010040	0.559654	40.000000
51.100000	39.900813	0.575284	0.000000	0.023462	0.598746	40.000000
50.995000	39.903277	0.560996	0.000000	0.043804	0.604800	40.000000
50.895000	39.907657	0.535589	0.000000	0.012396	0.547985	40.000000
50.798000	39.908859	0.528615	0.000000	0.007732	0.536347	40.000000
50.698000	39.909633	0.524131	0.000000	0.050538	0.574668	40.000000
50.597000	39.914737	0.494526	0.000000	0.132448	0.626973	40.000000
50.496000	39.928114	0.416938	0.000000	0.081070	0.498007	40.000000
50.399000	39.935978	0.371328	0.000000	0.085930	0.457258	40.000000
50.297000	39.944743	0.320492	0.000000	0.115397	0.435888	40.000000
50.205000	39.955359	0.258916	0.000000	0.088900	0.347816	40.000000
50.099000	39.964783	0.204260	0.000000	0.065781	0.270042	40.000000
49.995000	39.971624	0.164581	0.000000	0.038339	0.202920	40.000000
49.895000	39.975458	0.142345	0.000000	-0.008583	0.133761	40.000000
49.797000	39.974617	0.147223	0.000000	0.023538	0.170761	40.000000
49.695000	39.977017	0.133299	0.000000	0.036169	0.169468	40.000000
49.597000	39.980562	0.112740	0.000000	0.048135	0.160875	40.000000
49.496000	39.985424	0.084542	0.000000	0.013856	0.098398	40.000000
49.397000	39.986795	0.076586	0.000000	-0.024555	0.052031	40.000000
49.297000	39.984340	0.090828	0.000000	0.018962	0.109790	40.000000
49.199000	39.986198	0.080050	0.000000	0.003408	0.083458	40.000000
49.093000	39.986560	0.077955	0.000000	0.001791	0.079746	40.000000
48.994000	39.986737	0.076926	0.000000	-0.044073	0.032854	40.000000
48.896000	39.982418	0.101977	0.000000	-0.058830	0.043148	40.000000
48.797000	39.976594	0.135757	0.000000	-0.030876	0.104881	40.000000
48.698000	39.973537	0.153486	0.000000	-0.037431	0.116055	40.000000
48.597000	39.969756	0.175413	0.000000	-0.036142	0.139271	40.000000
48.499000	39.966214	0.195957	0.000000	-0.139035	0.056921	40.000000
48.395000	39.951755	0.279823	0.000000	-0.116376	0.163447	40.000000
48.295000	39.940117	0.347321	0.000000	-0.160416	0.186905	40.000000
48.197000	39.924396	0.438501	0.000000	-0.098393	0.340108	40.000000
48.097000	39.914557	0.495570	0.000000	-0.099794	0.395775	40.000000
47.996000	39.904478	0.554029	0.000000	-0.097354	0.456675	40.000000
47.898000	39.894937	0.609365	0.000000	-0.121192	0.488173	40.000000
47.795000	39.882454	0.681765	0.000000	-0.067905	0.613860	40.000000
47.696000	39.875732	0.720757	0.000000	-0.065414	0.655342	40.000000
47.597000	39.869256	0.758317	0.000000	-0.035527	0.722791	40.000000
47.494000	39.865596	0.779541	0.000000	-0.025356	0.754186	40.000000
47.397000	39.863137	0.793806	0.000000	0.003533	0.797339	40.000000
47.297000	39.863490	0.791757	0.000000	0.029763	0.821520	40.000000
47.196000	39.866496	0.774322	0.000000	0.061164	0.835486	40.000000
47.094000	39.872735	0.738138	0.000000	0.042363	0.780501	40.000000
46.999000	39.876759	0.714795	0.000000	0.024790	0.739585	40.000000
46.895000	39.879338	0.699842	0.000000	0.061182	0.761024	40.000000
46.799000	39.885211	0.665776	0.000000	0.073474	0.739250	40.000000
46.696000	39.892779	0.621883	0.000000	0.057651	0.679534	40.000000
46.595000	39.898602	0.588111	0.000000	0.133706	0.721817	40.000000
46.495000	39.911972	0.510561	0.000000	0.102237	0.612799	40.000000
46.397000	39.921991	0.452450	0.000000	0.139577	0.592026	40.000000
46.299000	39.935670	0.373114	0.000000	0.098737	0.471851	40.000000
46.195000	39.945939	0.313556	0.000000	0.065440	0.378996	40.000000
46.095000	39.952483	0.275601	0.000000	0.060600	0.336201	40.000000
45.997000	39.958421	0.241156	0.000000	0.077186	0.318342	40.000000
45.896000	39.966217	0.195941	0.000000	0.054504	0.250445	40.000000
45.799000	39.971504	0.165277	0.000000	0.083460	0.248737	40.000000
45.697000	39.980017	0.115902	0.000000	0.045899	0.161801	40.000000
45.595000	39.984699	0.088748	0.000000	0.065967	0.154715	40.000000
45.494000	39.991361	0.050105	0.000000	0.080786	0.130891	40.000000
45.396000	39.999278	0.004186	0.000000	0.072984	0.077170	40.000000
45.297000	40.006504	-0.037721	0.000000	0.048759	0.011038	40.000000
45.202000	40.011136	-0.064587	0.000000	0.021019	-0.043568	40.000000
45.099000	40.013301	-0.077144	0.000000	0.036845	-0.040299	40.000000
44.996000	40.017096	-0.099155	0.000000	-0.010872	-0.110026	40.000000
44.896000	40.016009	-0.092849	0.000000	-0.047161	-0.140010	40.000000
44.799000	40.011434	-0.066317	0.000000	-0.026251	-0.092568	40.000000
44.696000	40.008730	-0.050634	0.000000	-0.060849	-0.111484	40.000000
44.595000	40.002584	-0.014989	0.000000	-0.030702	-0.045691	40.000000
44.499000	39.999637	0.002106	0.000000	-0.080603	-0.078497	40.000000
44.400000	39.991657	0.048388	0.000000	-0.069959	-0.021571	40.000000
44.298000	39.984521	0.089777	0.000000	-0.128725	-0.038948	40.000000
44.195000	39.971263	0.166676	0.000000	-0.111617	0.055060	40.000000
44.095000	39.960101	0.231414	0.000000	-0.131075	0.100339	40.000000
43.997000	39.947256	0.305917	0.000000	-0.102606	0.203312	40.000000
43.897000	39.936995	0.365429	0.000000	-0.130461	0.234968	40.000000
43.800000	39.924340	0.438826	0.000000	-0.107965	0.330861	40.000000
43.696000	39.913112	0.503951	0.000000	-0.125856	0.378094	40.000000
43.594000	39.900275	0.578407	0.000000	-0.136645	0.441762	40.000000
43.497000	39.887020	0.655284	0.000000	-0.117013	0.538271	40.000000
43.398000	39.875436	0.722473	0.000000	-0.079210	0.643263	40.000000
43.298000	39.867515	0.768415	0.000000	-0.073567	0.694848	40.000000
43.196000	39.860011	0.811937	0.000000	0.006343	0.818281	40.000000
43.109000	39.860563	0.808736	0.000000	-0.057258	0.751478	40.000000
43.025000	39.855753	0.836632	0.000000	-0.010140	0.826492	40.000000
42.936000	39.854851	0.841867	0.000000	0.025855	0.867722	40.000000
42.850000	39.857074	0.828970	0.000000	0.012013	0.840983	40.000000
42.765000	39.858095	0.823048	0.000000	0.060369	0.883416	40.000000
42.597000	39.868237	0.764225	0.000000	0.068783	0.833008	40.000000
42.495000	39.875253	0.723532	0.000000	0.082106	0.805638	40.000000
42.397000	39.883299	0.676864	0.000000	0.097666	0.774530	40.000000
42.295000	39.893261	0.619084	0.000000	0.077304	0.696388	40.000000
42.195000	39.900992	0.574248	0.000000	0.087062	0.661310	40.000000
42.095000	39.909698	0.523752	0.000000	0.128613	0.652365	40.000000
41.997000	39.922302	0.450648	0.000000	0.137727	0.588376	40.000000
41.899000	39.935799	0.372364	0.000000	0.094893	0.467257	40.000000
41.796000	39.945573	0.315675	0.000000	0.071019	0.386694	40.000000
41.698000	39.952533	0.275308	0.000000	0.061307	0.336615	40.000000
41.599000	39.958603	0.240105	0.000000	0.064679	0.304784	40.000000
41.497000	39.965200	0.201840	0.000000	0.046657	0.248498	40.000000
41.398000	39.969819	0.175050	0.000000	0.038445	0.213495	40.000000
41.298000	39.973664	0.152752	0.000000	0.031424	0.184176	40.000000
41.195000	39.976900	0.133979	0.000000	0.029327	0.163306	40.000000
41.097000	39.979774	0.117309	0.000000	0.012424	0.129733	40.000000
41.000000	39.980979	0.110320	0.000000	0.057609	0.167929	40.000000
40.898000	39.986855	0.076238	0.000000	0.073541	0.149779	40.000000
40.796000	39.994357	0.032732	0.000000	-0.021787	0.010945	40.000000
40.697000	39.992200	0.045242	0.000000	-0.010368	0.034873	40.000000
40.598000	39.991173	0.051195	0.000000	-0.024622	0.026573	40.000000
40.513000	39.989080	0.063334	0.000000	-0.037969	0.025365	40.000000
40.426000	39.985777	0.082493	0.000000	-0.098160	-0.015667	40.000000
40.341000	39.977433	0.130886	0.000000	-0.085021	0.045865	40.000000
40.255000	39.970122	0.173295	0.000000	-0.021874	0.151421	40.000000
40.167000	39.968197	0.184459	0.000000	-0.010946	0.173513	40.000000
40.063000	39.967058	0.191062	0.000000	-0.058966	0.132096	40.000000
39.896000	39.957211	0.248177	0.000000	-0.036217	0.211960	40.000000
39.795000	39.953553	0.269393	0.000000	-0.074611	0.194782	40.000000
39.697000	39.946241	0.311801	0.000000	-0.089777	0.222025	40.000000
39.596000	39.937174	0.364393	0.000000	-0.059961	0.304432	40.000000
39.498000	39.931298	0.398474	0.000000	-0.088835	0.309639	40.000000
39.398000	39.922414	0.449999	0.000000	-0.086766	0.363233	40.000000
39.295000	39.913477	0.501832	0.000000	-0.068585	0.433248	40.000000
39.197000	39.906756	0.540816	0.000000	-0.073094	0.467722	40.000000
39.096000	39.899373	0.583634	0.000000	-0.017724	0.565910	40.000000
38.998000	39.897636	0.593709	0.000000	-0.051078	0.542630	40.000000
38.897000	39.892478	0.623630	0.000000	-0.039788	0.583843	40.000000
38.799000	39.888578	0.646246	0.000000	-0.042120	0.604126	40.000000
38.695000	39.884198	0.671652	0.000000	0.003084	0.674736	40.000000
38.596000	39.884503	0.669882	0.000000	-0.037563	0.632318	40.000000
38.495000	39.880709	0.691886	0.000000	0.023658	0.715545	40.000000
38.396000	39.883051	0.678302	0.000000	-0.002959	0.675342	40.000000
38.296000	39.882756	0.680018	0.000000	0.064512	0.744530	40.000000
38.202000	39.888820	0.644846	0.000000	0.009754	0.654601	40.000000
38.098000	39.889834	0.638962	0.000000	0.060026	0.698989	40.000000
37.994000	39.896077	0.602755	0.000000	0.013467	0.616221	40.000000
37.896000	39.897397	0.595100	0.000000	0.121175	0.716276	40.000000
37.796000	39.909514	0.524819	0.000000	0.103859	0.628677	40.000000
37.696000	39.919900	0.464581	0.000000	0.098303	0.562883	40.000000
37.599000	39.929435	0.409275	0.000000	0.109380	0.518656	40.000000
37.503000	39.939936	0.348373	0.000000	0.043293	0.391666	40.000000
37.417000	39.943659	0.326778	0.000000	0.092105	0.418883	40.000000
37.331000	39.951580	0.280836	0.000000	0.073428	0.354264	40.000000
37.246000	39.957821	0.244636	0.000000	0.062879	0.307515	40.000000
37.163000	39.963040	0.214366	0.000000	0.072199	0.286565	40.000000
37.001000	39.974737	0.146528	0.000000	0.113310	0.259838	40.000000
36.902000	39.985954	0.081465	0.000000	0.079501	0.160966	40.000000
36.797000	39.994302	0.033049	0.000000	-0.001764	0.031284	40.000000
36.695000	39.994122	0.034092	0.000000	0.037037	0.071130	40.000000
36.598000	39.997715	0.013255	0.000000	0.007083	0.020339	40.000000
36.496000	39.998437	0.009065	0.000000	-0.044644	-0.035579	40.000000
36.398000	39.994062	0.034440	0.000000	0.018966	0.053407	40.000000
36.297000	39.995978	0.023330	0.000000	-0.012285	0.011045	40.000000
36.195000	39.994725	0.030598	0.000000	-0.089122	-0.058525	40.000000
36.098000	39.986080	0.080738	0.000000	-0.067722	0.013016	40.000000
35.997000	39.979240	0.120410	0.000000	-0.097352	0.023057	40.000000
35.894000	39.969212	0.178568	0.000000	-0.095183	0.083385	40.000000
35.797000	39.959980	0.232118	0.000000	-0.138638	0.093480	40.000000
35.697000	39.946116	0.312528	0.000000	-0.070868	0.241661	40.000000
35.598000	39.939100	0.353220	0.000000	-0.046934	0.306286	40.000000
35.497000	39.934360	0.380714	0.000000	-0.100585	0.280129	40.000000
35.398000	39.924402	0.438471	0.000000	-0.101616	0.336854	40.000000
35.297000	39.914138	0.497997	0.000000	-0.080629	0.417369	40.000000
35.204000	39.906640	0.541488	0.000000	-0.055493	0.485995	40.000000
35.099000	39.900813	0.575284	0.000000	-0.054734	0.520550	40.000000
34.997000	39.895230	0.607664	0.000000	-0.049878	0.557787	40.000000
34.896000	39.890193	0.636883	0.000000	-0.045602	0.591281	40.000000
34.800000	39.885815	0.662274	0.000000	-0.064159	0.598115	40.000000
34.699000	39.879335	0.699858	0.000000	-0.029381	0.670477	40.000000
34.599000	39.876397	0.716898	0.000000	-0.016657	0.700242	40.000000
34.498000	39.874714	0.726656	0.000000	-0.028804	0.697851	40.000000
34.396000	39.871776	0.743697	0.000000	0.001240	0.744936	40.000000
34.296000	39.871900	0.742978	0.000000	0.042525	0.785502	40.000000
34.196000	39.876153	0.718313	0.000000	0.042442	0.760756	40.000000
34.097000	39.880355	0.693943	0.000000	0.081182	0.775125	40.000000
33.998000	39.888392	0.647328	0.000000	0.142428	0.789756	40.000000
33.896000	39.902919	0.563068	0.000000	0.081761	0.644829	40.000000
33.797000	39.911014	0.516120	0.000000	0.069039	0.585160	40.000000
33.697000	39.917918	0.476078	0.000000	0.073951	0.550029	40.000000
33.598000	39.925239	0.433615	0.000000	0.089913	0.523529	40.000000
33.500000	39.934050	0.382508	0.000000	0.082261	0.464769	40.000000
33.397000	39.942523	0.333365	0.000000	0.029664	0.363029	40.000000
33.298000	39.945460	0.316332	0.000000	0.058761	0.375093	40.000000
33.198000	39.951336	0.282251	0.000000	0.020023	0.302273	40.000000
33.099000	39.953318	0.270754	0.000000	0.039210	0.309963	40.000000
32.995000	39.957396	0.247102	0.000000	0.029075	0.276177	40.000000
32.900000	39.960158	0.231082	0.000000	0.082143	0.313225	40.000000
32.800000	39.968373	0.183439	0.000000	0.062068	0.245507	40.000000
32.709000	39.974021	0.150679	0.000000	0.072382	0.223061	40.000000
32.598000	39.982055	0.104080	0.000000	0.060001	0.164081	40.000000
32.498000	39.988055	0.069280	0.000000	0.089498	0.158777	40.000000
32.396000	39.997184	0.016333	0.000000	0.027255	0.043588	40.000000
32.295000	39.999937	0.000367	0.000000	0.040157	0.040524	40.000000
32.202000	40.003671	-0.021294	0.000000	0.031235	0.009941	40.000000
32.096000	40.006982	-0.040498	0.000000	-0.035600	-0.076098	40.000000
31.998000	40.003494	-0.020263	0.000000	-0.045568	-0.065831	40.000000
31.899000	39.998982	0.005903	0.000000	-0.048935	-0.043032	40.000000
31.796000	39.993942	0.035136	0.000000	-0.067932	-0.032796	40.000000
31.697000	39.987217	0.074143	0.000000	-0.065497	0.008646	40.000000
31.599000	39.980798	0.111371	0.000000	-0.106196	0.005175	40.000000
31.495000	39.969754	0.175429	0.000000	-0.098795	0.076634	40.000000
31.396000	39.959973	0.232157	0.000000	-0.158923	0.073234	40.000000
31.299000	39.944557	0.321567	0.000000	-0.105286	0.216281	40.000000
31.197000	39.933818	0.383854	0.000000	-0.098754	0.285099	40.000000
31.098000	39.924042	0.440558	0.000000	-0.127111	0.313447	40.000000
30.996000	39.911076	0.515757	0.000000	-0.096950	0.418807	40.000000
30.897000	39.901478	0.571426	0.000000	-0.113324	0.458102	40.000000
30.798000	39.890259	0.636496	0.000000	-0.113241	0.523255	40.000000
30.701000	39.879275	0.700206	0.000000	-0.115818	0.584388	40.000000
30.600000	39.867577	0.768052	0.000000	-0.089721	0.678330	40.000000
30.495000	39.858157	0.822692	0.000000	-0.030391	0.792301	40.000000
30.396000	39.855148	0.840143	0.000000	0.011778	0.851920	40.000000
30.299000	39.856290	0.833516	0.000000	0.008452	0.841968	40.000000
30.199000	39.857135	0.828615	0.000000	0.021421	0.850036	40.000000
30.098000	39.859299	0.816066	0.000000	0.026661	0.842727	40.000000
29.997000	39.861992	0.800448	0.000000	0.076927	0.877375	40.000000
29.898000	39.869608	0.756276	0.000000	0.090991	0.847268	40.000000
29.797000	39.878798	0.702974	0.000000	0.063650	0.766624	40.000000
29.698000	39.885099	0.666426	0.000000	0.072612	0.739037	40.000000
29.598000	39.892360	0.624311	0.000000	0.115283	0.739594	40.000000
29.496000	39.904119	0.556109	0.000000	0.090291	0.646400	40.000000
29.399000	39.912877	0.505312	0.000000	0.082145	0.587456	40.000000
29.296000	39.921338	0.456238	0.000000	0.155913	0.612151	40.000000
29.199000	39.936462	0.368521	0.000000	0.103521	0.472043	40.000000
29.097000	39.947021	0.307278	0.000000	0.114049	0.421327	40.000000
28.996000	39.958540	0.240468	0.000000	0.170282	0.410750	40.000000
28.897000	39.975398	0.142693	0.000000	0.068068	0.210761	40.000000
28.800000	39.982000	0.104397	0.000000	0.130290	0.234687	40.000000
28.701000	39.994899	0.029585	0.000000	0.064550	0.094135	40.000000
28.594000	40.001806	-0.010475	0.000000	0.134512	0.124037	40.000000
28.496000	40.014988	-0.086932	0.000000	0.097451	0.010519	40.000000
28.399000	40.024441	-0.141757	0.000000	0.053130	-0.088627	40.000000
28.313000	40.029010	-0.168259	0.000000	0.069364	-0.098895	40.000000
28.227000	40.034975	-0.202858	0.000000	0.072601	-0.130257	40.000000
28.145000	40.040929	-0.237387	0.000000	0.003412	-0.233975	40.000000
28.038000	40.041294	-0.239504	0.000000	0.008564	-0.230939	40.000000
27.954000	40.042013	-0.243677	0.000000	-0.010406	-0.254082	40.000000
27.867000	40.041108	-0.238426	0.000000	-0.000657	-0.239083	40.000000
27.694000	40.040994	-0.237767	0.000000	-0.016763	-0.254530	40.000000
27.597000	40.039368	-0.228336	0.000000	-0.049543	-0.277878	40.000000
27.496000	40.034364	-0.199313	0.000000	-0.048626	-0.247939	40.000000
27.397000	40.029550	-0.171392	0.000000	-0.038458	-0.209851	40.000000
27.297000	40.025705	-0.149087	0.000000	-0.012183	-0.161270	40.000000
27.198000	40.024498	-0.142091	0.000000	-0.035436	-0.177527	40.000000
27.096000	40.020884	-0.121127	0.000000	-0.110133	-0.231260	40.000000
26.996000	40.009871	-0.057250	0.000000	-0.187178	-0.244429	40.000000
26.899000	39.991714	0.048056	0.000000	-0.187826	-0.139770	40.000000
26.800000	39.973120	0.155906	0.000000	-0.194247	-0.038341	40.000000
26.695000	39.952724	0.274202	0.000000	-0.197082	0.077120	40.000000
26.600000	39.934001	0.382794	0.000000	-0.215808	0.166987	40.000000
26.501000	39.912636	0.506711	0.000000	-0.177103	0.329608	40.000000
26.398000	39.894394	0.612512	0.000000	-0.150609	0.461903	40.000000
26.298000	39.879334	0.699865	0.000000	-0.129966	0.569900	40.000000
26.207000	39.867507	0.768462	0.000000	-0.115616	0.652846	40.000000
26.096000	39.854673	0.842895	0.000000	-0.098741	0.744154	40.000000
25.997000	39.844898	0.899592	0.000000	-0.084400	0.815192	40.000000
25.901000	39.836796	0.946585	0.000000	-0.048866	0.897720	40.000000
25.799000	39.831811	0.975494	0.000000	-0.058847	0.916647	40.000000
25.695000	39.825691	1.010991	0.000000	-0.004961	1.006030	40.000000
25.598000	39.825210	1.013782	0.000000	-0.016630	0.997152	40.000000
25.497000	39.823530	1.023524	0.000000	0.079458	1.102983	40.000000
25.398000	39.831397	0.977899	0.000000	0.072203	1.050102	40.000000
25.300000	39.838473	0.936859	0.000000	0.189929	1.126788	40.000000
25.197000	39.858035	0.823396	0.000000	0.087874	0.911270	40.000000
25.098000	39.866735	0.772938	0.000000	0.142350	0.915288	40.000000
24.996000	39.881254	0.688724	0.000000	0.165474	0.854199	40.000000
24.897000	39.897636	0.593709	0.000000	0.191414	0.785123	40.000000
24.797000	39.916778	0.482688	0.000000	0.169703	0.652391	40.000000
24.698000	39.933578	0.385245	0.000000	0.243691	0.628937	40.000000
24.600000	39.957460	0.246731	0.000000	0.199273	0.446004	40.000000
24.497000	39.977985	0.127685	0.000000	0.186828	0.314513	40.000000
24.410000	39.994239	0.033412	0.000000	0.130896	0.164309	40.000000
24.326000	40.005235	-0.030361	0.000000	0.128962	0.098601	40.000000
24.242000	40.016067	-0.093191	0.000000	0.113949	0.020759	40.000000
24.158000	40.025639	-0.148707	0.000000	0.164148	0.015442	40.000000
24.048000	40.043695	-0.253433	0.000000	0.087724	-0.165709	40.000000
23.965000	40.050977	-0.295664	0.000000	0.098096	-0.197568	40.000000
23.795000	40.067653	-0.392386	0.000000	0.051335	-0.341052	40.000000
23.700000	40.072530	-0.420672	0.000000	0.011074	-0.409598	40.000000
23.597000	40.073670	-0.427288	0.000000	0.059011	-0.368277	40.000000
23.497000	40.079571	-0.461514	0.000000	0.064500	-0.397014	40.000000
23.399000	40.085892	-0.498176	0.000000	0.110333	-0.387843	40.000000
23.297000	40.097146	-0.563448	0.000000	0.059051	-0.504397	40.000000
23.197000	40.103051	-0.597698	0.000000	0.079943	-0.517755	40.000000
23.100000	40.110806	-0.642674	0.000000	-0.004156	-0.646830	40.000000
22.998000	40.110382	-0.640215	0.000000	-0.001148	-0.641364	40.000000
22.899000	40.110268	-0.639556	0.000000	0.045976	-0.593580	40.000000
22.797000	40.114958	-0.666756	0.000000	0.062639	-0.604117	40.000000
22.695000	40.121347	-0.703813	0.000000	-0.031984	-0.735797	40.000000
22.597000	40.118213	-0.685633	0.000000	-0.014282	-0.699915	40.000000
22.500000	40.116827	-0.677598	0.000000	-0.074447	-0.752045	40.000000
22.399000	40.109308	-0.633988	0.000000	-0.166657	-0.800645	40.000000
22.296000	40.092142	-0.534426	0.000000	-0.166412	-0.700838	40.000000
22.202000	40.076500	-0.443699	0.000000	-0.084244	-0.527943	40.000000
22.097000	40.067654	-0.392394	0.000000	-0.149317	-0.541711	40.000000
21.999000	40.053021	-0.307522	0.000000	-0.129613	-0.437135	40.000000
21.902000	40.040449	-0.234602	0.000000	-0.145030	-0.379632	40.000000
21.797000	40.025221	-0.146279	0.000000	-0.205639	-0.351918	40.000000
21.696000	40.004451	-0.025816	0.000000	-0.250326	-0.276142	40.000000
21.596000	39.979418	0.119374	0.000000	-0.258753	-0.139380	40.000000
21.500000	39.954578	0.263447	0.000000	-0.204266	0.059181	40.000000
21.396000	39.933334	0.386660	0.000000	-0.234565	0.152095	40.000000
21.296000	39.909878	0.522708	0.000000	-0.268149	0.254559	40.000000
21.198000	39.883599	0.675124	0.000000	-0.251962	0.423162	40.000000
21.097000	39.858151	0.822723	0.000000	-0.199999	0.622724	40.000000
20.998000	39.838351	0.937563	0.000000	-0.213330	0.724233	40.000000
20.899000	39.817232	1.060057	0.000000	-0.160769	0.899287	40.000000
20.796000	39.800672	1.156100	0.000000	-0.119976	1.036125	40.000000
20.695000	39.788555	1.226382	0.000000	-0.099286	1.127096	40.000000
20.597000	39.778825	1.282816	0.000000	-0.040930	1.241886	40.000000
20.499000	39.774814	1.306081	0.000000	-0.039616	1.266464	40.000000
20.396000	39.770733	1.329748	0.000000	-0.006263	1.323485	40.000000
20.300000	39.770132	1.333235	0.000000	0.040171	1.373405	40.000000
20.203000	39.774028	1.310635	0.000000	0.118919	1.429554	40.000000
20.097000	39.786634	1.237523	0.000000	0.084725	1.322248	40.000000
20.000000	39.794852	1.189857	0.000000	0.136715	1.326573	40.000000
19.896000	39.809071	1.107390	0.000000	0.171005	1.278395	40.000000
19.796000	39.826171	1.008208	0.000000	0.231402	1.239610	40.000000
19.699000	39.848617	0.878020	0.000000	0.262330	1.140350	40.000000
19.600000	39.874588	0.727390	0.000000	0.284642	1.012032	40.000000
19.499000	39.903337	0.560648	0.000000	0.257834	0.818482	40.000000
19.398000	39.929378	0.409608	0.000000	0.266124	0.675732	40.000000
19.297000	39.956256	0.253713	0.000000	0.302392	0.556104	40.000000
19.197000	39.986496	0.078326	0.000000	0.293896	0.372222	40.000000
19.098000	40.015591	-0.090430	0.000000	0.287293	0.196863	40.000000
19.001000	40.043459	-0.252061	0.000000	0.267351	0.015291	40.000000
18.897000	40.071263	-0.413327	0.000000	0.284077	-0.129250	40.000000
18.797000	40.099671	-0.578091	0.000000	0.243813	-0.334278	40.000000
18.697000	40.124052	-0.719503	0.000000	0.247479	-0.472024	40.000000
18.599000	40.148305	-0.860170	0.000000	0.290318	-0.569852	40.000000
18.497000	40.177918	-1.031923	0.000000	0.262938	-0.768985	40.000000
18.402000	40.202897	-1.176801	0.000000	0.253843	-0.922958	40.000000
18.296000	40.229804	-1.332863	0.000000	0.282083	-1.050780	40.000000
18.197000	40.257730	-1.494836	0.000000	0.239561	-1.255275	40.000000
18.097000	40.281686	-1.633781	0.000000	0.252785	-1.380996	40.000000
17.997000	40.306965	-1.780397	0.000000	0.247619	-1.532778	40.000000
17.900000	40.330984	-1.919707	0.000000	0.261006	-1.658700	40.000000
17.799000	40.357346	-2.072605	0.000000	0.243088	-1.829516	40.000000
17.700000	40.381411	-2.212186	0.000000	0.283687	-1.928499	40.000000
17.599000	40.410064	-2.378370	0.000000	0.243134	-2.135236	40.000000
17.498000	40.434620	-2.520797	0.000000	0.300394	-2.220403	40.000000
17.400000	40.464059	-2.691541	0.000000	0.284035	-2.407506	40.000000
17.300000	40.492463	-2.856283	0.000000	0.301004	-2.555279	40.000000
17.198000	40.523165	-3.034356	0.000000	0.285257	-2.749099	40.000000
17.102000	40.550550	-3.193187	0.000000	0.273113	-2.920074	40.000000
16.998000	40.578953	-3.357928	0.000000	0.263484	-3.094444	40.000000
16.900000	40.604775	-3.507693	0.000000	0.297463	-3.210230	40.000000
16.798000	40.635116	-3.683672	0.000000	0.324201	-3.359471	40.000000
16.697000	40.667860	-3.873589	0.000000	0.267810	-3.605779	40.000000
16.599000	40.694106	-4.025812	0.000000	0.271440	-3.754372	40.000000
16.501000	40.720707	-4.180098	0.000000	0.237150	-3.942949	40.000000
16.400000	40.744659	-4.319020	0.000000	0.231973	-4.087047	40.000000
16.297000	40.768552	-4.457601	0.000000	0.250761	-4.206840	40.000000
16.200000	40.792876	-4.598679	0.000000	0.302132	-4.296547	40.000000
16.097000	40.823995	-4.779172	0.000000	0.284597	-4.494575	40.000000
15.997000	40.852455	-4.944239	0.000000	0.297298	-4.646941	40.000000
15.899000	40.881590	-5.113223	0.000000	0.253897	-4.859326	40.000000
15.798000	40.907234	-5.261956	0.000000	0.296146	-4.965810	40.000000
15.697000	40.937144	-5.435438	0.000000	0.212143	-5.223294	40.000000
15.598000	40.958147	-5.557251	0.000000	0.241428	-5.315823	40.000000
15.501000	40.981565	-5.693078	0.000000	0.225370	-5.467708	40.000000
15.395000	41.005454	-5.831636	0.000000	0.247506	-5.584129	40.000000
15.297000	41.029710	-5.972318	0.000000	0.229203	-5.743115	40.000000
15.198000	41.052401	-6.103926	0.000000	0.277160	-5.826766	40.000000
15.097000	41.080394	-6.266287	0.000000	0.241980	-6.024307	40.000000
14.999000	41.104108	-6.403828	0.000000	0.262647	-6.141181	40.000000
14.900000	41.130110	-6.554640	0.000000	0.224988	-6.329652	40.000000
14.797000	41.153284	-6.689048	0.000000	0.226465	-6.462583	40.000000
14.696000	41.176157	-6.821711	0.000000	0.257474	-6.564237	40.000000
14.599000	41.201132	-6.966566	0.000000	0.293953	-6.672613	40.000000
14.513000	41.226412	-7.113190	0.000000	0.256584	-6.856605	40.000000
14.429000	41.247965	-7.238198	0.000000	0.199340	-7.038858	40.000000
14.346000	41.264510	-7.334160	0.000000	0.268944	-7.065216	40.000000
14.265000	41.286295	-7.460510	0.000000	0.230486	-7.230024	40.000000
14.166000	41.309113	-7.592855	0.000000	0.242558	-7.350297	40.000000
14.000000	41.349378	-7.826391	0.000000	0.218549	-7.607842	40.000000
13.897000	41.371888	-7.956952	0.000000	0.200703	-7.756249	40.000000
13.798000	41.391758	-8.072195	0.000000	0.216531	-7.855664	40.000000
13.701000	41.412761	-8.194016	0.000000	0.223044	-7.970972	40.000000
13.602000	41.434843	-8.322088	0.000000	0.196469	-8.125619	40.000000
13.496000	41.455668	-8.442877	0.000000	0.242007	-8.200869	40.000000
13.398000	41.479385	-8.580434	0.000000	0.237756	-8.342678	40.000000
13.298000	41.503161	-8.718332	0.000000	0.134052	-8.584280	40.000000
13.197000	41.516700	-8.796859	0.000000	0.188656	-8.608203	40.000000
13.100000	41.535000	-8.902998	0.000000	0.167178	-8.735820	40.000000
13.001000	41.551550	-8.998991	0.000000	0.139532	-8.859459	40.000000
12.897000	41.566062	-9.083157	0.000000	0.138742	-8.944415	40.000000
12.799000	41.579658	-9.162018	0.000000	0.147835	-9.014184	40.000000
12.698000	41.594590	-9.248620	0.000000	0.175038	-9.073582	40.000000
12.600000	41.611743	-9.348111	0.000000	0.144444	-9.203667	40.000000
12.495000	41.626910	-9.436078	0.000000	0.169655	-9.266423	40.000000
12.401000	41.642857	-9.528573	0.000000	0.090008	-9.438565	40.000000
12.298000	41.652128	-9.582344	0.000000	0.140902	-9.441443	40.000000
12.198000	41.666219	-9.664067	0.000000	0.119727	-9.544340	40.000000
12.099000	41.678072	-9.732815	0.000000	0.140103	-9.592712	40.000000
11.998000	41.692222	-9.814887	0.000000	0.131020	-9.683867	40.000000
11.897000	41.705455	-9.891638	0.000000	0.055107	-9.836531	40.000000
11.802000	41.710690	-9.922002	0.000000	0.104816	-9.817186	40.000000
11.698000	41.721591	-9.985228	0.000000	0.063804	-9.921424	40.000000
11.600000	41.727844	-10.021494	0.000000	0.097709	-9.923785	40.000000
11.499000	41.737712	-10.078732	0.000000	0.043023	-10.035709	40.000000
11.401000	41.741929	-10.103186	0.000000	0.084514	-10.018672	40.000000
11.297000	41.750718	-10.154165	0.000000	0.006909	-10.147256	40.000000
11.201000	41.751381	-10.158011	0.000000	0.026574	-10.131438	40.000000
11.099000	41.754092	-10.173732	0.000000	0.032742	-10.140991	40.000000
10.998000	41.757399	-10.192913	0.000000	-0.034685	-10.227597	40.000000
10.901000	41.754034	-10.173399	0.000000	-0.008604	-10.182003	40.000000
10.802000	41.753183	-10.168459	0.000000	-0.075377	-10.243835	40.000000
10.699000	41.745419	-10.123428	0.000000	-0.038307	-10.161736	40.000000
10.597000	41.741511	-10.100766	0.000000	-0.037601	-10.138366	40.000000
10.496000	41.737714	-10.078739	0.000000	-0.083707	-10.162446	40.000000
10.399000	41.729594	-10.031646	0.000000	-0.090612	-10.122258	40.000000
10.298000	41.720442	-9.978565	0.000000	-0.075063	-10.053628	40.000000
10.201000	41.713161	-9.936335	0.000000	-0.132187	-10.068522	40.000000
10.099000	41.699678	-9.858133	0.000000	-0.130941	-9.989074	40.000000
9.997000	41.686322	-9.780668	0.000000	-0.154885	-9.935553	40.000000
9.899000	41.671143	-9.692632	0.000000	-0.185832	-9.878464	40.000000
9.798000	41.652374	-9.583771	0.000000	-0.234199	-9.817970	40.000000
9.698000	41.628955	-9.447936	0.000000	-0.255434	-9.703370	40.000000
9.600000	41.603922	-9.302747	0.000000	-0.330757	-9.633505	40.000000
9.497000	41.569854	-9.105153	0.000000	-0.293789	-9.398942	40.000000
9.396000	41.540181	-8.933051	0.000000	-0.340278	-9.273330	40.000000
9.298000	41.506834	-8.739637	0.000000	-0.380359	-9.119996	40.000000
9.201000	41.469939	-8.525647	0.000000	-0.390323	-8.915970	40.000000
9.098000	41.429736	-8.292468	0.000000	-0.431689	-8.724157	40.000000
8.999000	41.386999	-8.044593	0.000000	-0.468793	-8.513385	40.000000
8.900000	41.340588	-7.775412	0.000000	-0.556595	-8.332006	40.000000
8.799000	41.284372	-7.449358	0.000000	-0.622558	-8.071916	40.000000
8.700000	41.222739	-7.091885	0.000000	-0.589922	-7.681806	40.000000
8.599000	41.163157	-6.746309	0.000000	-0.689264	-7.435573	40.000000
8.497000	41.092852	-6.338540	0.000000	-0.762584	-7.101124	40.000000
8.397000	41.016593	-5.896241	0.000000	-0.766666	-6.662908	40.000000
8.298000	40.940693	-5.456022	0.000000	-0.789102	-6.245123	40.000000
8.199000	40.862572	-5.002920	0.000000	-0.865700	-5.868620	40.000000
8.097000	40.774271	-4.490773	0.000000	-0.928701	-5.419474	40.000000
7.997000	40.681401	-3.952124	0.000000	-0.948576	-4.900700	40.000000
7.897000	40.586543	-3.401950	0.000000	-1.078513	-4.480463	40.000000
7.799000	40.480849	-2.788923	0.000000	-1.152530	-3.941453	40.000000
7.698000	40.364444	-2.113773	0.000000	-1.159745	-3.273518	40.000000
7.597000	40.247309	-1.434395	0.000000	-1.269801	-2.704196	40.000000
7.496000	40.119059	-0.690543	0.000000	-1.368818	-2.059361	40.000000
7.401000	39.989022	0.063674	0.000000	-1.298455	-1.234781	40.000000
7.301000	39.859176	0.816777	0.000000	-1.320671	-0.503893	40.000000
7.201000	39.727109	1.582769	0.000000	-1.457694	0.125075	40.000000
7.102000	39.582797	2.419777	0.000000	-1.301381	1.118396	40.000000
6.999000	39.448755	3.197220	0.000000	-1.344393	1.852826	40.000000
6.898000	39.312971	3.984768	0.000000	-1.345475	2.639293	40.000000
6.799000	39.179769	4.757339	0.000000	-1.398674	3.358665	40.000000
6.699000	39.039902	5.568570	0.000000	-1.354857	4.213713	40.000000
6.599000	38.904416	6.354386	0.000000	-1.302850	5.051535	40.000000
6.498000	38.772829	7.117594	0.000000	-1.294590	5.823004	40.000000
6.399000	38.644664	7.860947	0.000000	-1.261830	6.599118	40.000000
6.297000	38.515957	8.607448	0.000000	-1.311516	7.295932	40.000000
6.198000	38.386117	9.360520	0.000000	-1.297794	8.062726	40.000000
6.101000	38.260231	10.090660	0.000000	-1.210994	8.879665	40.000000
5.997000	38.134288	10.821132	0.000000	-1.266111	9.555021	40.000000
5.898000	38.008943	11.548132	0.000000	-1.246825	10.301307	40.000000
5.798000	37.884260	12.271290	0.000000	-1.227738	11.043553	40.000000
5.696000	37.759031	12.997618	0.000000	-1.255204	11.742414	40.000000
5.597000	37.634766	13.718356	0.000000	-1.241517	12.476840	40.000000
5.500000	37.514339	14.416835	0.000000	-1.214566	13.202269	40.000000
5.401000	37.394097	15.114238	0.000000	-1.179468	13.934771	40.000000
5.299000	37.273791	15.812013	0.000000	-1.188964	14.623049	40.000000
5.196000	37.151328	16.522298	0.000000	-1.217790	15.304507	40.000000
5.098000	37.031984	17.214490	0.000000	-1.183690	16.030800	40.000000
4.999000	36.914799	17.894165	0.000000	-1.180478	16.713686	40.000000
4.901000	36.799112	18.565149	0.000000	-1.116997	17.448152	40.000000
4.802000	36.688530	19.206528	0.000000	-1.096442	18.110086	40.000000
4.696000	36.572307	19.880620	0.000000	-1.131683	18.748938	40.000000
4.603000	36.467060	20.491050	0.000000	-1.047333	19.443717	40.000000
4.502000	36.361279	21.104579	0.000000	-1.017772	20.086807	40.000000
4.397000	36.254413	21.724402	0.000000	-1.025943	20.698459	40.000000
4.296000	36.150793	22.325399	0.000000	-1.037606	21.287793	40.000000
4.197000	36.048070	22.921192	0.000000	-0.990091	21.931101	40.000000
4.097000	35.949061	23.495444	0.000000	-0.977012	22.518432	40.000000
3.998000	35.852337	24.056444	0.000000	-0.983934	23.072510	40.000000
3.900000	35.755912	24.615712	0.000000	-0.887995	23.727717	40.000000
3.795000	35.662672	25.156502	0.000000	-0.931917	24.224584	40.000000
3.697000	35.571344	25.686204	0.000000	-0.902936	24.783268	40.000000
3.597000	35.481051	26.209906	0.000000	-0.832247	25.377659	40.000000
3.498000	35.398658	26.687782	0.000000	-0.843078	25.844703	40.000000
3.400000	35.316037	27.166988	0.000000	-0.807603	26.359385	40.000000
3.302000	35.236892	27.626029	0.000000	-0.706318	26.919711	40.000000
3.197000	35.162728	28.056177	0.000000	-0.725467	27.330710	40.000000
3.098000	35.090907	28.472741	0.000000	-0.615780	27.856961	40.000000
2.999000	35.029945	28.826321	0.000000	-0.653865	28.172456	40.000000
2.901000	34.965866	29.197978	0.000000	-0.563353	28.634626	40.000000
2.798000	34.907840	29.534526	0.000000	-0.526935	29.007591	40.000000
2.702000	34.857255	29.827922	0.000000	-0.444507	29.383415	40.000000
2.602000	34.812804	30.085738	0.000000	-0.360068	29.725669	40.000000
2.498000	34.775357	30.302930	0.000000	-0.380194	29.922736	40.000000
2.400000	34.738098	30.519032	0.000000	-0.304790	30.214243	40.000000
2.300000	34.707619	30.695811	0.000000	-0.244795	30.451016	40.000000
2.199000	34.682895	30.839212	0.000000	-0.141944	30.697268	40.000000
2.103000	34.669268	30.918246	0.000000	-0.076011	30.842235	40.000000
2.002000	34.661591	30.962773	0.000000	-0.041403	30.921370	40.000000
1.899000	34.657326	30.987507	0.000000	0.090634	31.078141	40.000000
1.801000	34.666209	30.935990	0.000000	0.125155	31.061145	40.000000
1.696000	34.679350	30.859770	0.000000	0.156531	31.016302	40.000000
1.599000	34.694533	30.771706	0.000000	0.201122	30.972828	40.000000
1.497000	34.715048	30.652722	0.000000	0.173958	30.826680	40.000000
1.398000	34.732270	30.552836	0.000000	0.145154	30.697989	40.000000
1.300000	34.746495	0.000000	0.000000	0.000000	0.000000	40.000000
1.200000	34.763294	0.000000	0.000000	0.000000	0.000000	40.000000
1.098000	34.779920	0.000000	0.000000	0.000000	0.000000	40.000000
0.999000	34.801278	0.000000	0.000000	0.000000	0.000000	40.000000
0.899000	34.818317	0.000000	0.000000	0.000000	0.000000	40.000000
0.800000	34.835541	0.000000	0.000000	0.000000	0.000000	40.000000
0.697000	34.850060	0.000000	0.000000	0.000000	0.000000	40.000000
0.598000	34.866137	0.000000	0.000000	0.000000	0.000000	40.000000
0.499000	34.892715	0.000000	0.000000	0.000000	0.000000	40.000000
0.403000	34.908686	0.000000	0.000000	0.000000	0.000000	40.000000
0.298000	34.921884	0.000000	0.000000	0.000000	0.000000	40.000000
0.199000	34.935265	0.000000	0.000000	0.000000	0.000000	40.000000
0.097000	34.958423	0.000000	0.000000	0.000000	0.000000	40.000000
