Zeit (s)	Istwert	P	I	D	Regelausgang	Sollwert
98.615000	59.958936	0.103481	0.829318	0.075748	1.008546	60.000000
98.515000	59.969384	0.077152	0.827902	0.092070	0.997123	60.000000
98.419000	59.981576	0.046430	0.826888	0.058307	0.931624	60.000000
98.317000	59.989779	0.025758	0.826240	0.012826	0.864824	60.000000
98.218000	59.991530	0.021344	0.825891	0.029485	0.876720	60.000000
98.123000	59.995394	0.011608	0.825614	0.035960	0.873182	60.000000
98.017000	60.000651	-0.001641	0.825445	0.041281	0.865086	60.000000
97.916000	60.006402	-0.016133	0.825468	0.060744	0.870079	60.000000
97.817000	60.014697	-0.037036	0.825687	-0.009116	0.779535	60.000000
97.716000	60.013427	-0.033835	0.826198	0.059397	0.851760	60.000000
97.614000	60.021783	-0.054894	0.826671	0.026252	0.798029	60.000000
97.517000	60.025296	-0.063745	0.827399	0.064111	0.827765	60.000000
97.415000	60.034316	-0.086475	0.828289	0.075635	0.817449	60.000000
97.317000	60.044539	-0.112239	0.829449	0.054807	0.772017	60.000000
97.220000	60.051872	-0.130718	0.830938	0.042681	0.742901	60.000000
97.115000	60.058054	-0.146295	0.832816	0.020601	0.707122	60.000000
97.017000	60.060838	-0.153312	0.834778	0.122549	0.804015	60.000000
96.916000	60.077910	-0.196334	0.836897	0.039012	0.679574	60.000000
96.817000	60.083238	-0.209759	0.839557	0.142423	0.772221	60.000000
96.719000	60.102489	-0.258273	0.842370	0.067836	0.651933	60.000000
96.618000	60.111939	-0.282087	0.845939	0.024363	0.588215	60.000000
96.517000	60.115333	-0.290640	0.849838	0.006187	0.565384	60.000000
96.418000	60.116178	-0.292769	0.853775	-0.006884	0.554121	60.000000
96.316000	60.115210	-0.290329	0.857861	-0.057472	0.510061	60.000000
96.219000	60.107520	-0.270951	0.861715	-0.015949	0.574815	60.000000
96.117000	60.105277	-0.265297	0.865497	0.031419	0.631618	60.000000
96.019000	60.109523	-0.275999	0.869054	0.016474	0.609529	60.000000
95.918000	60.111818	-0.281782	0.872869	-0.046068	0.545018	60.000000
95.816000	60.105337	-0.265449	0.876802	-0.099303	0.512049	60.000000
95.717000	60.091777	-0.231278	0.880398	-0.130786	0.518333	60.000000
95.617000	60.073738	-0.185819	0.883562	-0.166434	0.531310	60.000000
95.517000	60.050781	-0.127969	0.886105	-0.069792	0.688344	60.000000
95.417000	60.041155	-0.103710	0.887856	-0.007146	0.777001	60.000000
95.319000	60.040189	-0.101276	0.889247	-0.090381	0.697590	60.000000
95.216000	60.027349	-0.068918	0.890674	-0.052207	0.769548	60.000000
95.116000	60.020148	-0.050772	0.891617	-0.048844	0.792001	60.000000
95.018000	60.013545	-0.034134	0.892298	-0.140269	0.717895	60.000000
94.917000	59.994004	0.015109	0.892770	0.022558	0.930437	60.000000
94.818000	59.997085	0.007347	0.892565	0.014738	0.914650	60.000000
94.717000	59.999138	0.002173	0.892464	-0.189957	0.704679	60.000000
94.617000	59.972937	0.068200	0.892434	-0.234098	0.726535	60.000000
94.517000	59.940647	0.149569	0.891501	-0.141375	0.899695	60.000000
94.417000	59.921147	0.198709	0.889454	-0.066309	1.021854	60.000000
94.318000	59.912093	0.221527	0.886762	-0.062007	1.046282	60.000000
94.215000	59.903283	0.243726	0.883640	-0.046422	1.080943	60.000000
94.116000	59.896944	0.259701	0.880338	-0.054145	1.085893	60.000000
94.019000	59.889700	0.277956	0.876891	-0.003722	1.151125	60.000000
93.926000	59.889223	0.279159	0.873354	0.046867	1.199380	60.000000
93.828000	59.895558	0.263195	0.869610	-0.081827	1.050978	60.000000
93.736000	59.885174	0.289362	0.866297	-0.131729	1.023929	60.000000
93.640000	59.867731	0.333317	0.862496	-0.120579	1.075235	60.000000
93.542000	59.851432	0.374391	0.858026	0.013172	1.245589	60.000000
93.449000	59.853122	0.370133	0.853262	-0.077569	1.145825	60.000000
93.352000	59.842744	0.396286	0.848349	-0.090988	1.153647	60.000000
93.263000	59.831574	0.424433	0.843523	0.001392	1.269348	60.000000
93.168000	59.831757	0.423973	0.838005	0.044702	1.306681	60.000000
93.076000	59.837429	0.409679	0.832668	0.138203	1.380550	60.000000
92.981000	59.855538	0.364043	0.827342	0.083107	1.274493	60.000000
92.883000	59.866772	0.335734	0.822461	0.103473	1.261667	60.000000
92.782000	59.881187	0.299409	0.817821	0.208472	1.325701	60.000000
92.685000	59.909079	0.229120	0.813847	0.291007	1.333973	60.000000
92.522000	59.974506	0.064246	0.808736	0.024907	0.897889	60.000000
92.420000	59.978010	0.055415	0.807839	0.115314	0.978569	60.000000
92.316000	59.994551	0.013731	0.807051	0.150481	0.971263	60.000000
92.216000	60.015307	-0.038575	0.806863	0.096023	0.864311	60.000000
92.115000	60.028684	-0.072285	0.807396	0.053731	0.788842	60.000000
92.017000	60.035947	-0.090587	0.808365	0.014056	0.731835	60.000000
91.920000	60.037828	-0.095326	0.809568	0.024769	0.739010	60.000000
91.819000	60.041278	-0.104022	0.810885	-0.012347	0.694516	60.000000
91.716000	60.039524	-0.099601	0.812351	0.050148	0.762898	60.000000
91.618000	60.046303	-0.116683	0.813687	0.073313	0.770316	60.000000
91.518000	60.056415	-0.142166	0.815284	0.086936	0.760054	60.000000
91.417000	60.068526	-0.172686	0.817248	0.055424	0.699987	60.000000
91.318000	60.076094	-0.191758	0.819588	0.005359	0.633189	60.000000
91.219000	60.076826	-0.193602	0.822185	0.015461	0.644045	60.000000
91.117000	60.079001	-0.199084	0.824888	0.001744	0.627548	60.000000
91.018000	60.079240	-0.199684	0.827585	-0.018590	0.609311	60.000000
90.919000	60.076701	-0.193287	0.830290	0.048077	0.685080	60.000000
90.814000	60.083664	-0.210833	0.833067	0.042975	0.665208	60.000000
90.719000	60.089295	-0.225024	0.835807	-0.048011	0.562773	60.000000
90.622000	60.082872	-0.208837	0.838794	-0.045668	0.584290	60.000000
90.525000	60.076762	-0.193439	0.841566	-0.145599	0.502528	60.000000
90.424000	60.056478	-0.142325	0.844240	-0.084550	0.617365	60.000000
90.330000	60.045516	-0.114700	0.846070	-0.034765	0.696605	60.000000
90.234000	60.040913	-0.103100	0.847577	0.000472	0.744949	60.000000
90.141000	60.040973	-0.103252	0.848889	-0.013388	0.732249	60.000000
90.020000	60.038739	-0.097621	0.850599	-0.074063	0.678914	60.000000
89.921000	60.028625	-0.072136	0.851921	-0.092829	0.686956	60.000000
89.816000	60.015181	-0.038256	0.852957	-0.029259	0.785443	60.000000
89.717000	60.011186	-0.028188	0.853476	-0.074610	0.750678	60.000000
89.617000	60.000895	-0.002254	0.853861	-0.066801	0.784806	60.000000
89.518000	59.991773	0.020733	0.853892	-0.037380	0.837245	60.000000
89.415000	59.986462	0.034115	0.853600	-0.047748	0.839967	60.000000
89.316000	59.979942	0.050546	0.853138	-0.063400	0.840283	60.000000
89.216000	59.971197	0.072583	0.852446	-0.023923	0.901106	60.000000
89.117000	59.967931	0.080815	0.851463	-0.026555	0.905723	60.000000
89.018000	59.964304	0.089953	0.850368	-0.077014	0.863307	60.000000
88.914000	59.953257	0.117793	0.849088	-0.098634	0.868247	60.000000
88.816000	59.939924	0.151391	0.847508	-0.079714	0.919185	60.000000
88.721000	59.929479	0.177713	0.845540	-0.019115	1.004138	60.000000
88.618000	59.926763	0.184556	0.843035	-0.007552	1.020039	60.000000
88.519000	59.925732	0.187155	0.840535	-0.086193	0.941497	60.000000
88.418000	59.913725	0.217414	0.837949	-0.021213	1.034150	60.000000
88.319000	59.910828	0.224714	0.835004	0.036134	1.095851	60.000000
88.216000	59.915961	0.211777	0.831836	0.072948	1.116561	60.000000
88.117000	59.925923	0.186675	0.828967	0.173220	1.188862	60.000000
88.019000	59.949337	0.127671	0.826464	0.147716	1.101851	60.000000
87.915000	59.970527	0.074273	0.824647	0.020563	0.919483	60.000000
87.815000	59.973363	0.067125	0.823631	-0.073415	0.817341	60.000000
87.719000	59.963642	0.091622	0.822749	-0.103107	0.811265	60.000000
87.618000	59.949278	0.127819	0.821483	0.068885	1.018187	60.000000
87.517000	59.958875	0.103636	0.819716	0.103768	1.027121	60.000000
87.417000	59.973187	0.067568	0.818298	0.022760	0.908626	60.000000
87.317000	59.976327	0.059657	0.817374	0.066492	0.943523	60.000000
87.217000	59.985498	0.036545	0.816557	0.084292	0.937394	60.000000
87.121000	59.996659	0.008418	0.816077	0.107959	0.932455	60.000000
87.017000	60.012146	-0.030608	0.815958	-0.017936	0.767414	60.000000
86.917000	60.009672	-0.024374	0.816376	-0.079875	0.712127	60.000000
86.817000	59.998655	0.003390	0.816710	-0.049925	0.770174	60.000000
86.717000	59.991769	0.020743	0.816664	-0.068019	0.769388	60.000000
86.616000	59.982293	0.044622	0.816377	-0.051079	0.809919	60.000000
86.521000	59.975600	0.061488	0.815797	0.017638	0.894923	60.000000
86.422000	59.978008	0.055419	0.814964	-0.028995	0.841388	60.000000
86.315000	59.973729	0.066203	0.814152	0.031994	0.912349	60.000000
86.218000	59.978010	0.055415	0.813274	0.034048	0.902738	60.000000
86.119000	59.982659	0.043699	0.812523	0.086645	0.942868	60.000000
86.018000	59.994730	0.013281	0.811919	0.094470	0.919671	60.000000
85.921000	60.007369	-0.018570	0.811743	0.120830	0.914002	60.000000
85.820000	60.024202	-0.060989	0.811999	0.018767	0.769778	60.000000
85.717000	60.026868	-0.067708	0.812859	-0.045262	0.699889	60.000000
85.619000	60.020750	-0.052291	0.813767	-0.058672	0.702804	60.000000
85.518000	60.012577	-0.031693	0.814490	-0.016309	0.766488	60.000000
85.421000	60.010395	-0.026194	0.814910	0.037108	0.825824	60.000000
85.318000	60.015667	-0.039480	0.815279	-0.021737	0.754063	60.000000
85.217000	60.012638	-0.031849	0.815825	-0.141727	0.642250	60.000000
85.118000	59.993285	0.016921	0.816257	-0.106113	0.727065	60.000000
85.019000	59.978796	0.053435	0.816027	-0.063429	0.806033	60.000000
84.919000	59.970047	0.075482	0.815296	-0.045965	0.844813	60.000000
84.818000	59.963643	0.091619	0.814253	-0.019917	0.885955	60.000000
84.717000	59.960869	0.098611	0.812987	0.019023	0.930620	60.000000
84.618000	59.963466	0.092065	0.811651	-0.005012	0.898704	60.000000
84.521000	59.962796	0.093755	0.810429	-0.014955	0.889228	60.000000
84.419000	59.960692	0.099057	0.809120	-0.024797	0.883380	60.000000
84.320000	59.957306	0.107590	0.807778	-0.007846	0.907522	60.000000
84.220000	59.956223	0.110317	0.806306	0.007759	0.924382	60.000000
84.119000	59.957304	0.107593	0.804782	0.004756	0.917131	60.000000
84.017000	59.957973	0.105907	0.803280	-0.031849	0.877338	60.000000
83.918000	59.953624	0.116867	0.801845	0.039853	0.958564	60.000000
83.817000	59.959176	0.102876	0.800230	0.036114	0.939219	60.000000
83.720000	59.964008	0.090700	0.798864	0.038384	0.927948	60.000000
83.622000	59.969196	0.077625	0.797648	0.005478	0.880751	60.000000
83.518000	59.969982	0.075645	0.796544	0.043742	0.915930	60.000000
83.418000	59.976016	0.060441	0.795508	0.045137	0.901087	60.000000
83.317000	59.982304	0.044595	0.794673	0.042809	0.882076	60.000000
83.219000	59.988090	0.030012	0.794075	0.040241	0.864329	60.000000
83.119000	59.993641	0.016025	0.793664	0.045144	0.854834	60.000000
83.022000	59.999681	0.000804	0.793452	0.030227	0.824483	60.000000
82.916000	60.004100	-0.010333	0.793440	-0.010085	0.773023	60.000000
82.816000	60.002709	-0.006827	0.793581	0.080693	0.867447	60.000000
82.717000	60.013728	-0.034595	0.793674	-1.990394E-5	0.759059	60.000000
82.619000	60.013725	-0.034588	0.794138	-0.033692	0.725858	60.000000
82.520000	60.009125	-0.022994	0.794606	0.038008	0.809620	60.000000
82.416000	60.014577	-0.036734	0.794934	0.018332	0.776531	60.000000
82.318000	60.017055	-0.042978	0.795426	-0.031003	0.721445	60.000000
82.219000	60.012821	-0.032310	0.796008	-0.001765	0.761933	60.000000
82.119000	60.012578	-0.031696	0.796451	-0.038631	0.726123	60.000000
82.019000	60.007249	-0.018269	0.796884	-0.026941	0.751674	60.000000
81.918000	60.003496	-0.008811	0.797137	-0.077567	0.710759	60.000000
81.818000	59.992797	0.018151	0.797257	-0.063716	0.751692	60.000000
81.717000	59.983921	0.040519	0.797006	0.021450	0.858976	60.000000
81.621000	59.986761	0.033361	0.796474	0.048564	0.878400	60.000000
81.521000	59.993460	0.016481	0.796018	0.012328	0.824827	60.000000
81.418000	59.995211	0.012068	0.795785	-0.075092	0.732761	60.000000
81.316000	59.984647	0.038691	0.795617	-0.116114	0.718193	60.000000
81.218000	59.968951	0.078243	0.795098	-0.064324	0.809017	60.000000
81.118000	59.960079	0.100602	0.794027	-0.058470	0.836159	60.000000
81.017000	59.951933	0.121128	0.792637	-0.064058	0.849707	60.000000
80.920000	59.943363	0.142726	0.791029	-0.062613	0.871143	60.000000
80.820000	59.934727	0.164489	0.789076	-0.089638	0.863928	60.000000
80.718000	59.922115	0.196269	0.786781	-0.054059	0.928991	60.000000
80.620000	59.914808	0.214683	0.784149	-0.040257	0.958575	60.000000
80.519000	59.909200	0.228816	0.781182	-0.039891	0.970107	60.000000
80.418000	59.903643	0.242820	0.778019	-0.061900	0.958940	60.000000
80.319000	59.895190	0.264121	0.774730	0.067230	1.106080	60.000000
80.218000	59.904556	0.240519	0.771080	0.136711	1.148310	60.000000
80.130000	59.921150	0.198702	0.768183	-0.022069	0.944816	60.000000
80.017000	59.917710	0.207370	0.765111	-0.015475	0.957006	60.000000
79.921000	59.915661	0.212534	0.762387	-0.078724	0.896197	60.000000
79.817000	59.904368	0.240992	0.759362	-0.058484	0.941871	60.000000
79.719000	59.896463	0.260914	0.756130	-0.069815	0.947229	60.000000
79.620000	59.886929	0.284938	0.752596	-0.066726	0.970807	60.000000
79.517000	59.877450	0.308827	0.748580	-0.022342	1.035065	60.000000
79.417000	59.874368	0.316593	0.744354	0.002716	1.063663	60.000000
79.320000	59.874731	0.315677	0.740152	0.061658	1.117487	60.000000
79.222000	59.883066	0.294674	0.735919	0.066037	1.096630	60.000000
79.120000	59.892357	0.271261	0.731806	-0.006434	0.996633	60.000000
79.018000	59.891451	0.273543	0.728020	0.042461	1.044024	60.000000
78.917000	59.897367	0.258636	0.724239	0.061458	1.044333	60.000000
78.818000	59.905759	0.237488	0.720736	0.065617	1.023840	60.000000
78.722000	59.914447	0.215593	0.717616	0.086297	1.019505	60.000000
78.622000	59.926350	0.185597	0.714666	0.007769	0.908032	60.000000
78.516000	59.927486	0.182735	0.711974	0.033597	0.928305	60.000000
78.417000	59.932074	0.171174	0.709498	0.041549	0.922221	60.000000
78.319000	59.937690	0.157021	0.707203	0.105229	0.969452	60.000000
78.220000	59.952059	0.120810	0.705076	-0.013268	0.812618	60.000000
78.118000	59.950193	0.125514	0.703390	0.037495	0.866400	60.000000
78.019000	59.955313	0.112612	0.701689	0.087955	0.902257	60.000000
77.916000	59.967808	0.081123	0.700102	0.045535	0.826760	60.000000
77.819000	59.973901	0.065770	0.699025	0.019052	0.783847	60.000000
77.720000	59.976502	0.059214	0.698134	0.057946	0.815294	60.000000
77.615000	59.984895	0.038066	0.697284	0.050056	0.785405	60.000000
77.518000	59.991592	0.021189	0.696778	0.054903	0.772870	60.000000
77.420000	59.999013	0.002487	0.696494	0.003860	0.702842	60.000000
77.318000	59.999556	0.001119	0.696459	0.002645	0.700223	60.000000
77.218000	59.999921	0.000199	0.696444	0.082524	0.779167	60.000000
77.119000	60.011190	-0.028198	0.696441	0.006904	0.675148	60.000000
77.018000	60.012151	-0.030622	0.696831	-0.027201	0.639008	60.000000
76.918000	60.008400	-0.021167	0.697250	-0.072413	0.603670	60.000000
76.821000	59.998711	0.003248	0.697531	-0.013999	0.686780	60.000000
76.718000	59.996723	0.008259	0.697485	-0.027013	0.678731	60.000000
76.616000	59.992922	0.017836	0.697370	-0.018129	0.697078	60.000000
76.517000	59.990446	0.024075	0.697128	-0.059357	0.661847	60.000000
76.419000	59.982423	0.044294	0.696806	-0.019137	0.721963	60.000000
76.318000	59.979757	0.051012	0.696193	0.027759	0.774964	60.000000
76.220000	59.983509	0.041557	0.695509	-0.020011	0.717055	60.000000
76.117000	59.980666	0.048721	0.694924	-0.011375	0.732269	60.000000
76.017000	59.979097	0.052675	0.694257	-0.106113	0.640819	60.000000
75.918000	59.964607	0.089189	0.693543	-0.123279	0.659453	60.000000
75.819000	59.947773	0.131611	0.692335	-0.158329	0.665617	60.000000
75.720000	59.926153	0.186094	0.690552	-0.159964	0.716682	60.000000
75.618000	59.903648	0.242807	0.687955	-0.115274	0.815488	60.000000
75.517000	59.887589	0.283275	0.684599	-0.053843	0.914031	60.000000
75.417000	59.880163	0.301990	0.680723	0.089758	1.072472	60.000000
75.317000	59.892543	0.270792	0.676591	0.039146	0.986528	60.000000
75.222000	59.897672	0.257866	0.673071	-0.056830	0.874106	60.000000
75.118000	59.889520	0.278409	0.669401	-0.093990	0.853820	60.000000
75.017000	59.876426	0.311405	0.665553	-0.105846	0.871112	60.000000
74.919000	59.862119	0.347460	0.661377	-0.139109	0.869729	60.000000
74.818000	59.842740	0.396296	0.656575	-0.111356	0.941515	60.000000
74.717000	59.827227	0.435389	0.651098	-0.130802	0.955685	60.000000
74.620000	59.809726	0.479490	0.645319	-0.057441	1.067368	60.000000
74.521000	59.801882	0.499256	0.638824	-0.084161	1.053919	60.000000
74.418000	59.789926	0.529387	0.631787	-0.104718	1.056456	60.000000
74.319000	59.775626	0.565422	0.624615	0.040232	1.230269	60.000000
74.219000	59.781175	0.551438	0.616878	0.082765	1.251081	60.000000
74.117000	59.792820	0.522094	0.609182	0.061140	1.192417	60.000000
74.021000	59.800915	0.501693	0.602323	-0.002635	1.101382	60.000000
73.921000	59.800552	0.502609	0.595459	0.008969	1.107037	60.000000
73.819000	59.801814	0.499429	0.588443	0.035173	1.123045	60.000000
73.717000	59.806762	0.486959	0.581473	0.051880	1.120312	60.000000
73.620000	59.813704	0.469467	0.575009	0.050118	1.094594	60.000000
73.516000	59.820893	0.451350	0.568328	0.129021	1.148700	60.000000
73.418000	59.838333	0.407401	0.562276	0.097264	1.066941	60.000000
73.319000	59.851615	0.373931	0.556757	0.047135	0.977823	60.000000
73.215000	59.858376	0.356892	0.551435	0.060279	0.968607	60.000000
73.117000	59.866524	0.336359	0.546649	0.070297	0.953305	60.000000
73.018000	59.876123	0.312169	0.542093	0.045890	0.900152	60.000000
72.918000	59.882453	0.296218	0.537821	0.077154	0.911194	60.000000
72.817000	59.893201	0.269132	0.533727	0.062764	0.865624	60.000000
72.718000	59.901772	0.247535	0.530081	0.056488	0.834104	60.000000
72.618000	59.909563	0.227900	0.526694	0.041561	0.796156	60.000000
72.519000	59.915239	0.213599	0.523607	0.018453	0.755658	60.000000
72.422000	59.917707	0.207377	0.520772	-0.004038	0.724111	60.000000
72.324000	59.917162	0.208753	0.517991	-0.009438	0.717305	60.000000
72.218000	59.915782	0.212230	0.514963	-0.034240	0.692953	60.000000
72.117000	59.911012	0.224251	0.512030	-0.024748	0.711532	60.000000
72.018000	59.907632	0.232767	0.508992	-0.013034	0.728725	60.000000
71.917000	59.905817	0.237342	0.505775	0.004099	0.747217	60.000000
71.820000	59.906365	0.235960	0.502625	0.001711	0.740296	60.000000
71.720000	59.906601	0.235365	0.499396	-0.030729	0.704033	60.000000
71.616000	59.902193	0.246474	0.496047	-0.002183	0.740338	60.000000
71.518000	59.901898	0.247217	0.492741	-0.038900	0.701058	60.000000
71.420000	59.896640	0.260468	0.489426	-0.086660	0.663234	60.000000
71.315000	59.884089	0.292096	0.485684	-0.069186	0.708593	60.000000
71.222000	59.875214	0.314460	0.481967	-0.071841	0.724586	60.000000
71.130000	59.866098	0.337434	0.478008	-0.098333	0.717108	60.000000
71.037000	59.853484	0.369220	0.473714	-0.066092	0.776842	60.000000
70.943000	59.844915	0.390815	0.468965	-0.034136	0.825644	60.000000
70.852000	59.840630	0.401612	0.464098	-0.040898	0.824812	60.000000
70.760000	59.835440	0.414690	0.459042	-0.004199	0.869533	60.000000
70.666000	59.834896	0.416062	0.453708	0.013156	0.882926	60.000000
70.570000	59.836638	0.411672	0.448243	0.079197	0.939112	60.000000
70.476000	59.846906	0.385796	0.442948	-0.070577	0.758167	60.000000
70.383000	59.837853	0.408611	0.438038	-0.025733	0.820916	60.000000
70.291000	59.834587	0.416840	0.432894	0.037531	0.887264	60.000000
70.193000	59.839661	0.404055	0.427304	0.032372	0.863731	60.000000
70.078000	59.844795	0.391115	0.420946	-0.034394	0.777667	60.000000
69.985000	59.840383	0.402234	0.415969	-0.026805	0.791398	60.000000
69.892000	59.836945	0.410899	0.410850	-0.064921	0.756827	60.000000
69.799000	59.828617	0.431885	0.405621	-0.055533	0.781972	60.000000
69.706000	59.821494	0.449836	0.400125	-0.024339	0.825622	60.000000
69.618000	59.818539	0.457281	0.394708	-0.026715	0.825274	60.000000
69.459000	59.812680	0.472045	0.384759	-0.062893	0.793912	60.000000
69.363000	59.804353	0.493032	0.378558	-0.077718	0.793872	60.000000
69.269000	59.794276	0.518424	0.372217	-0.039048	0.851593	60.000000
69.177000	59.789321	0.530911	0.365690	-0.064727	0.831875	60.000000
69.083000	59.780929	0.552060	0.358861	-0.065606	0.845315	60.000000
68.989000	59.772423	0.573495	0.351760	-0.073090	0.852165	60.000000
68.819000	59.755284	0.616684	0.338420	0.022683	0.977786	60.000000
68.719000	59.758413	0.608800	0.329981	0.035468	0.974249	60.000000
68.619000	59.763305	0.596472	0.321651	0.006154	0.924277	60.000000
68.519000	59.764154	0.594333	0.313489	0.018755	0.926576	60.000000
68.419000	59.766741	0.587814	0.305356	-0.068078	0.825092	60.000000
68.322000	59.757632	0.610767	0.297554	-0.098774	0.809546	60.000000
68.221000	59.743872	0.645443	0.289113	-0.126691	0.807864	60.000000
68.117000	59.725698	0.691240	0.279928	-0.110075	0.861093	60.000000
68.020000	59.710971	0.728353	0.270753	-0.130849	0.868257	60.000000
67.919000	59.692742	0.774289	0.260686	-0.157604	0.877372	60.000000
67.821000	59.671439	0.827975	0.250303	-0.193526	0.884752	60.000000
67.719000	59.644212	0.896587	0.238747	-0.079030	1.056304	60.000000
67.621000	59.633529	0.923507	0.226724	0.021466	1.171697	60.000000
67.519000	59.636549	0.915897	0.213834	0.072228	1.201959	60.000000
67.419000	59.646512	0.890791	0.201301	0.148421	1.240513	60.000000
67.317000	59.667393	0.838170	0.188868	0.101798	1.128837	60.000000
67.219000	59.681153	0.803494	0.177628	0.005651	0.986773	60.000000
67.118000	59.681940	0.801510	0.166524	0.026251	0.994285	60.000000
67.023000	59.685380	0.792842	0.156105	0.040898	0.989845	60.000000
66.931000	59.690570	0.779764	0.146123	0.040887	0.966775	60.000000
66.839000	59.695758	0.766689	0.136307	0.045237	0.948233	60.000000
66.750000	59.701312	0.752695	0.126970	0.026397	0.906062	60.000000
66.657000	59.704698	0.744162	0.117391	0.049344	0.910897	60.000000
66.564000	59.711027	0.728211	0.107921	0.012723	0.848855	60.000000
66.471000	59.712659	0.724098	0.098654	0.036894	0.859647	60.000000
66.376000	59.717494	0.711916	0.089241	-3.136291E-5	0.801126	60.000000
66.283000	59.717490	0.711926	0.080182	0.051285	0.843392	60.000000
66.120000	59.729020	0.682870	0.064303	0.058215	0.805387	60.000000
66.023000	59.736809	0.663242	0.055239	0.036530	0.755011	60.000000
65.920000	59.741998	0.650164	0.045891	0.034461	0.730516	60.000000
65.821000	59.746704	0.638305	0.037083	0.048603	0.723992	60.000000
65.721000	59.753408	0.621412	0.028349	-0.064159	0.585602	60.000000
65.620000	59.744470	0.643936	0.019761	-0.082680	0.581016	60.000000
65.520000	59.733066	0.672674	0.010950	-0.133503	0.550121	60.000000
65.421000	59.714836	0.718614	0.001837	-0.119063	0.601388	60.000000
65.317000	59.697756	0.761654	-0.008390	-0.040981	0.712283	60.000000
65.224000	59.692500	0.774901	-0.018082	-0.044713	0.712106	60.000000
65.132000	59.686826	0.789199	-0.027837	-0.123875	0.637487	60.000000
65.020000	59.667689	0.837423	-0.039932	-0.157932	0.639559	60.000000
64.920000	59.645905	0.892318	-0.051391	-0.095825	0.745102	60.000000
64.820000	59.632688	0.925626	-0.063602	-0.165311	0.696713	60.000000
64.717000	59.609203	0.984809	-0.076648	-0.180402	0.727760	60.000000
64.619000	59.584817	1.046261	-0.089854	-0.151403	0.805004	60.000000
64.521000	59.564352	1.097834	-0.103884	-0.069906	0.924043	60.000000
64.419000	59.554517	1.122618	-0.119207	-0.026405	0.977006	60.000000
64.318000	59.550838	1.131888	-0.134722	-0.029799	0.967367	60.000000
64.221000	59.546851	1.141935	-0.149746	-0.039784	0.952405	60.000000
64.122000	59.541419	1.155625	-0.165215	-0.069761	0.920648	60.000000
64.021000	59.531700	1.180115	-0.181187	-0.090836	0.908093	60.000000
63.916000	59.518545	1.213267	-0.198142	-0.039356	0.975769	60.000000
63.818000	59.513225	1.226673	-0.214412	-0.045922	0.966340	60.000000
63.719000	59.506954	1.242476	-0.231030	-0.135794	0.875652	60.000000
63.622000	59.488786	1.288260	-0.247521	-0.114058	0.926681	60.000000
63.523000	59.473211	1.327508	-0.264973	-0.064622	0.997913	60.000000
63.418000	59.463852	1.351093	-0.284046	-0.103311	0.963735	60.000000
63.318000	59.449602	1.387003	-0.302534	-0.056400	1.028068	60.000000
63.218000	59.441823	1.406607	-0.321513	-0.053955	1.031138	60.000000
63.119000	59.434455	1.425173	-0.340568	-0.040170	1.044435	60.000000
63.021000	59.429025	1.438856	-0.359680	0.011803	1.090979	60.000000
62.921000	59.430653	1.434754	-0.379369	-0.018006	1.037379	60.000000
62.819000	59.428120	1.441137	-0.399394	-0.087080	0.954663	60.000000
62.720000	59.416229	1.471102	-0.418917	-0.111620	0.940565	60.000000
62.622000	59.401141	1.509124	-0.438644	-0.128260	0.942220	60.000000
62.521000	59.383273	1.554151	-0.459501	-0.075761	1.018890	60.000000
62.417000	59.372406	1.581538	-0.481618	-0.038768	1.061152	60.000000
62.321000	59.367272	1.594474	-0.502394	-0.027310	1.064771	60.000000
62.220000	59.363468	1.604062	-0.524430	-0.106129	0.973502	60.000000
62.119000	59.348683	1.641320	-0.546599	-0.065209	1.029512	60.000000
62.019000	59.339688	1.663985	-0.569058	-0.063420	1.031508	60.000000
61.919000	59.330941	1.686029	-0.591828	-0.007496	1.086706	60.000000
61.819000	59.329907	1.688635	-0.614899	-0.041025	1.032711	60.000000
61.722000	59.324418	1.702467	-0.637312	-0.045467	1.019688	60.000000
61.620000	59.318021	1.718586	-0.661074	-0.021016	1.036497	60.000000
61.516000	59.315007	1.726183	-0.685531	0.037074	1.077727	60.000000
61.418000	59.320018	1.713555	-0.708679	-0.041516	0.963359	60.000000
61.321000	59.314463	1.727552	-0.731423	-0.010261	0.985868	60.000000
61.218000	59.313006	1.731225	-0.755772	0.096182	1.071636	60.000000
61.121000	59.325874	1.698797	-0.778750	0.069020	0.989067	60.000000
61.019000	59.335585	1.674326	-0.802461	-0.019280	0.852586	60.000000
60.919000	59.332926	1.681028	-0.825372	-0.007379	0.848276	60.000000
60.819000	59.331908	1.683593	-0.848375	-0.001760	0.833458	60.000000
60.719000	59.331665	1.684204	-0.871412	-0.003100	0.809693	60.000000
60.618000	59.331233	1.685293	-0.894689	0.033886	0.824490	60.000000
60.516000	59.336000	1.673279	-0.918211	-0.028827	0.726241	60.000000
60.419000	59.332144	1.682998	-0.940421	-0.072750	0.669827	60.000000
60.321000	59.322310	1.707779	-0.962989	-0.109187	0.635603	60.000000
60.222000	59.307400	1.745351	-0.986124	-0.041861	0.717366	60.000000
60.132000	59.302204	1.758447	-1.007619	-0.062548	0.688280	60.000000
60.018000	59.292369	1.783231	-1.035049	-0.127856	0.620326	60.000000
59.917000	59.274557	1.828116	-1.059695	-0.166949	0.601473	60.000000
59.819000	59.251990	1.884985	-1.084210	-0.160159	0.640617	60.000000
59.719000	59.229899	1.940654	-1.110003	-0.207384	0.623267	60.000000
59.620000	59.201581	2.012017	-1.136293	-0.206934	0.668790	60.000000
59.520000	59.173038	2.083944	-1.163824	-0.186122	0.733998	60.000000
59.421000	59.147623	2.147991	-1.192055	-0.219652	0.736284	60.000000
59.319000	59.116720	2.225866	-1.222035	-0.203511	0.800319	60.000000
59.219000	59.088649	2.296603	-1.252493	-0.208509	0.835601	60.000000
59.117000	59.059314	2.370528	-1.284548	-0.220652	0.865328	60.000000
59.019000	59.029488	2.445689	-1.316336	-0.210987	0.918366	60.000000
58.918000	59.000096	2.519759	-1.350137	-0.258414	0.911208	60.000000
58.823000	58.966235	2.605089	-1.382892	-0.247849	0.974348	60.000000
58.719000	58.930681	2.694684	-1.419965	-0.198243	1.076475	60.000000
58.617000	58.902790	2.764969	-1.457576	-0.310285	0.997108	60.000000
58.518000	58.860420	2.871741	-1.495032	-0.294712	1.081997	60.000000
58.420000	58.820584	2.972130	-1.533542	-0.141374	1.297213	60.000000
58.320000	58.801084	3.021269	-1.574212	-0.061639	1.385419	60.000000
58.222000	58.792752	3.042266	-1.614727	0.008389	1.435928	60.000000
58.117000	58.793967	3.039204	-1.658438	-0.254199	1.126567	60.000000
58.018000	58.759255	3.126677	-1.699609	-0.298363	1.128705	60.000000
57.919000	58.718513	3.229346	-1.741966	-0.270480	1.216901	60.000000
57.819000	58.681206	3.323361	-1.786155	-0.159115	1.378092	60.000000
57.720000	58.659478	3.378114	-1.831176	-0.150514	1.396425	60.000000
57.620000	58.638718	3.430431	-1.877400	-0.218401	1.334629	60.000000
57.524000	58.609798	3.503308	-1.922464	-0.282962	1.297883	60.000000
57.419000	58.568818	3.606579	-1.972799	-0.307688	1.326092	60.000000
57.319000	58.526378	3.713527	-2.022150	-0.102681	1.588696	60.000000
57.221000	58.512498	3.748504	-2.071948	-0.361971	1.314586	60.000000
57.118000	58.461074	3.878094	-2.124780	-0.299602	1.453712	60.000000
57.027000	58.423469	3.972859	-2.173070	-0.442027	1.357762	60.000000
56.937000	58.368596	4.111138	-2.221997	-0.721599	1.167541	60.000000
56.845000	58.277028	4.341890	-2.273752	-1.059308	1.008830	60.000000
56.753000	58.142605	4.680635	-2.328412	-1.269106	1.083117	60.000000
56.664000	57.986812	5.073234	-2.385414	-2.014026	0.673794	60.000000
56.575000	57.739572	5.696278	-2.447199	-3.249080	0.000000	60.000000
56.485000	57.336237	6.712682	-3.512096	-3.200585	0.000000	60.000000
56.323000	56.621073	8.514895	-10.017533	3.502638	2.000000	60.000000
56.219000	57.123521	7.248726	-9.772077	3.914553	1.391202	60.000000
56.119000	57.663459	5.888083	-9.871266	3.983183	-4.440892E-16	60.000000
56.017000	58.223853	4.475891	-10.595297	8.119406	2.000000	60.000000
55.920000	59.310169	1.738373	-3.958578	4.220205	2.000000	60.000000
55.819000	59.898089	0.256815	0.822152	0.312505	1.391471	60.000000
55.720000	59.940763	0.149278	0.818673	0.111533	1.079484	60.000000
55.618000	59.956454	0.109736	0.816589	0.121938	1.048263	60.000000
55.520000	59.972937	0.068200	0.815118	0.121035	1.004353	60.000000
55.418000	59.989965	0.025288	0.814166	0.172613	1.012067	60.000000
55.321000	60.013060	-0.032910	0.813830	0.050576	0.831496	60.000000
55.223000	60.019896	-0.050138	0.814271	0.074034	0.838168	60.000000
55.134000	60.028984	-0.073041	0.814882	0.062382	0.804224	60.000000
55.027000	60.038191	-0.096242	0.815951	0.025592	0.745302	60.000000
54.919000	60.042004	-0.105849	0.817374	0.029995	0.741520	60.000000
54.821000	60.046058	-0.116066	0.818793	0.000464	0.703190	60.000000
54.720000	60.046123	-0.116229	0.820397	0.120937	0.825105	60.000000
54.618000	60.063137	-0.159106	0.822019	-0.066527	0.596387	60.000000
54.519000	60.054053	-0.136213	0.824175	0.089579	0.777541	60.000000
54.420000	60.066285	-0.167038	0.826020	0.085559	0.744541	60.000000
54.321000	60.077968	-0.196480	0.828283	-0.011912	0.619891	60.000000
54.218000	60.076276	-0.192216	0.831052	0.011429	0.650266	60.000000
54.122000	60.077789	-0.196029	0.833577	0.039237	0.676785	60.000000
54.018000	60.083418	-0.210213	0.836367	0.015664	0.641818	60.000000
53.920000	60.085535	-0.215549	0.839186	-0.011912	0.611725	60.000000
53.817000	60.083843	-0.211284	0.842224	-0.012530	0.618410	60.000000
53.719000	60.082149	-0.207016	0.845057	-0.051425	0.586616	60.000000
53.620000	60.075127	-0.189321	0.847862	-0.009753	0.648788	60.000000
53.521000	60.073795	-0.185964	0.850426	-0.079836	0.584626	60.000000
53.422000	60.062894	-0.158492	0.852945	-0.093927	0.600526	60.000000
53.321000	60.049809	-0.125518	0.855136	-0.100957	0.628661	60.000000
53.218000	60.035466	-0.089374	0.856905	-0.069678	0.697853	60.000000
53.121000	60.026143	-0.065881	0.858091	-0.065039	0.727171	60.000000
53.019000	60.016993	-0.042822	0.859011	-0.045205	0.770983	60.000000
52.922000	60.010945	-0.027581	0.859579	0.013219	0.845217	60.000000
52.819000	60.012823	-0.032313	0.859968	-0.022171	0.805483	60.000000
52.718000	60.009734	-0.024530	0.860414	-0.041704	0.794181	60.000000
52.618000	60.003982	-0.010034	0.860750	-0.102866	0.747849	60.000000
52.523000	59.990503	0.023933	0.860881	-0.180665	0.704148	60.000000
52.422000	59.965334	0.087358	0.860550	-0.189738	0.758169	60.000000
52.318000	59.938117	0.155946	0.859307	-0.176453	0.838800	60.000000
52.222000	59.914752	0.214825	0.857258	-0.120625	0.951458	60.000000
52.119000	59.897615	0.258011	0.854230	-0.098061	1.014180	60.000000
52.019000	59.884089	0.292096	0.850700	-0.083073	1.059722	60.000000
51.920000	59.872745	0.320682	0.846743	-0.071752	1.095673	60.000000
51.820000	59.862848	0.345622	0.842355	0.032094	1.220071	60.000000
51.722000	59.867187	0.334690	0.837720	-0.013307	1.159103	60.000000
51.620000	59.865315	0.339407	0.833049	-0.068885	1.103570	60.000000
51.519000	59.855718	0.363590	0.828358	-0.060554	1.131393	60.000000
51.420000	59.847449	0.384428	0.823432	-0.081122	1.126738	60.000000
51.324000	59.836708	0.411497	0.818382	-0.015161	1.214718	60.000000
51.223000	59.834596	0.416819	0.812695	0.006362	1.235877	60.000000
51.120000	59.835499	0.414542	0.806821	0.126000	1.347362	60.000000
51.021000	59.852705	0.371184	0.801205	0.191222	1.363611	60.000000
50.921000	59.879080	0.304718	0.796126	0.189880	1.290723	60.000000
50.821000	59.905271	0.238718	0.791956	0.051510	1.082184	60.000000
50.719000	59.912518	0.220455	0.788624	0.026879	1.035958	60.000000
50.623000	59.916077	0.211487	0.785728	0.081632	1.078847	60.000000
50.519000	59.927787	0.181978	0.782719	0.021030	0.985726	60.000000
50.419000	59.930687	0.174668	0.780228	0.094780	1.049676	60.000000
50.322000	59.943368	0.142712	0.777910	0.093459	1.014081	60.000000
50.227000	59.955614	0.111852	0.776055	0.100164	0.988070	60.000000
50.137000	59.968049	0.080518	0.774677	0.104334	0.959529	60.000000
50.025000	59.984166	0.039901	0.773443	0.076602	0.889946	60.000000
49.921000	59.995155	0.012210	0.772876	0.066155	0.851240	60.000000
49.819000	60.004462	-0.011245	0.772705	0.050263	0.811723	60.000000
49.722000	60.011187	-0.028191	0.772854	0.008077	0.752740	60.000000
49.619000	60.012334	-0.031083	0.773252	0.077811	0.819980	60.000000
49.518000	60.023174	-0.058399	0.773681	0.096724	0.812006	60.000000
49.420000	60.036249	-0.091347	0.774464	0.077058	0.760176	60.000000
49.322000	60.046665	-0.117595	0.775689	0.059426	0.717520	60.000000
49.220000	60.055025	-0.138664	0.777331	0.038314	0.676980	60.000000
49.125000	60.060046	-0.151315	0.779133	0.034789	0.662606	60.000000
49.019000	60.065132	-0.164133	0.781328	0.046588	0.663783	60.000000
48.920000	60.071494	-0.180164	0.783551	0.040367	0.643755	60.000000
48.820000	60.077062	-0.194195	0.786017	0.037711	0.629533	60.000000
48.721000	60.082211	-0.207172	0.788648	0.014620	0.596095	60.000000
48.619000	60.084268	-0.212355	0.791539	-0.002242	0.576941	60.000000
48.522000	60.083968	-0.211600	0.794358	-0.004518	0.578240	60.000000
48.424000	60.083357	-0.210060	0.797195	-0.028549	0.558586	60.000000
48.321000	60.079301	-0.199840	0.800156	-0.010643	0.589674	60.000000
48.230000	60.077966	-0.196473	0.802644	0.015139	0.621310	60.000000
48.140000	60.079845	-0.201209	0.805064	0.009656	0.613511	60.000000
48.049000	60.081057	-0.204264	0.807569	-0.001474	0.601832	60.000000
47.961000	60.080878	-0.203813	0.810029	-0.049334	0.556882	60.000000
47.872000	60.074822	-0.188551	0.812511	-0.050984	0.572976	60.000000
47.785000	60.068704	-0.173133	0.814756	-0.100557	0.541065	60.000000
47.699000	60.056776	-0.143074	0.816793	-0.084212	0.589507	60.000000
47.612000	60.046670	-0.117609	0.818497	-0.079099	0.621789	60.000000
47.456000	60.029650	-0.074719	0.821007	-0.150403	0.595885	60.000000
47.219000	59.980484	0.049180	0.823430	-0.153596	0.719015	60.000000
47.119000	59.959298	0.102568	0.822757	-0.206893	0.718433	60.000000
47.020000	59.931047	0.173762	0.821368	-0.094219	0.900911	60.000000
46.922000	59.918311	0.205856	0.819038	-0.027300	0.997594	60.000000
46.821000	59.914508	0.215440	0.816193	0.042064	1.073697	60.000000
46.719000	59.920426	0.200527	0.813186	-0.053573	0.960140	60.000000
46.621000	59.913184	0.218776	0.810497	-0.057613	0.971659	60.000000
46.520000	59.905158	0.239002	0.807473	0.031328	1.077803	60.000000
46.421000	59.909436	0.228221	0.804235	0.058208	1.090665	60.000000
46.321000	59.917465	0.207989	0.801112	-0.033135	0.975966	60.000000
46.222000	59.912940	0.219391	0.798295	0.103992	1.121678	60.000000
46.121000	59.927427	0.182883	0.795263	0.112920	1.091066	60.000000
46.023000	59.942691	0.144419	0.792810	0.039164	0.976393	60.000000
45.920000	59.948255	0.130398	0.790775	0.077529	0.998702	60.000000
45.819000	59.959056	0.103180	0.788973	0.131305	1.023458	60.000000
45.724000	59.976261	0.059822	0.787631	-0.002625	0.844828	60.000000
45.624000	59.975899	0.060735	0.786813	-0.039919	0.807628	60.000000
45.522000	59.970283	0.074888	0.785965	-0.051043	0.809809	60.000000
45.420000	59.963101	0.092984	0.784920	0.004765	0.882669	60.000000
45.319000	59.963765	0.091312	0.783635	-0.016935	0.858011	60.000000
45.221000	59.961476	0.097080	0.782410	0.001978	0.881469	60.000000
45.135000	59.961711	0.096489	0.781268	-0.010026	0.867731	60.000000
45.026000	59.960203	0.100287	0.779829	-0.015235	0.864881	60.000000
44.917000	59.957913	0.106059	0.778333	0.058195	0.942587	60.000000
44.820000	59.965699	0.086438	0.776925	0.042074	0.905437	60.000000
44.718000	59.971618	0.071522	0.775719	0.088364	0.935605	60.000000
44.621000	59.983441	0.041729	0.774769	0.085334	0.901833	60.000000
44.521000	59.995211	0.012068	0.774198	0.043789	0.830056	60.000000
44.421000	60.001251	-0.003153	0.774033	-0.038603	0.732277	60.000000
44.319000	59.995820	0.010534	0.774077	-0.073551	0.711060	60.000000
44.219000	59.985675	0.036099	0.773933	-0.041149	0.768883	60.000000
44.120000	59.980056	0.050259	0.773444	-0.081242	0.742460	60.000000
44.022000	59.969074	0.077932	0.772770	-0.080262	0.770440	60.000000
43.919000	59.957672	0.106668	0.771672	-0.091612	0.786727	60.000000
43.822000	59.945415	0.137555	0.770256	-0.089676	0.818136	60.000000
43.720000	59.932798	0.169349	0.768336	-0.035315	0.902369	60.000000
43.621000	59.927976	0.181501	0.766042	-0.079626	0.867917	60.000000
43.522000	59.917103	0.208901	0.763583	-0.028284	0.944201	60.000000
43.423000	59.913240	0.218634	0.760753	-0.045139	0.934249	60.000000
43.327000	59.907263	0.233696	0.757881	-0.065856	0.925721	60.000000
43.240000	59.899361	0.253611	0.755099	-0.039645	0.969065	60.000000
43.155000	59.894713	0.265324	0.752149	-0.012080	1.005393	60.000000
43.068000	59.893263	0.268977	0.748991	0.005955	1.023923	60.000000
42.980000	59.893986	0.267155	0.745752	-0.027378	0.985530	60.000000
42.892000	59.890663	0.275530	0.742535	-0.038913	0.979152	60.000000
42.720000	59.881431	0.298793	0.736050	-0.008492	1.026351	60.000000
42.622000	59.880283	0.301686	0.732043	0.007130	1.040859	60.000000
42.517000	59.881316	0.299084	0.727709	-0.034842	0.991950	60.000000
42.419000	59.876606	0.310953	0.723698	0.013981	1.048631	60.000000
42.319000	59.878535	0.306093	0.719443	-0.016729	1.008807	60.000000
42.222000	59.876296	0.311733	0.715380	0.015675	1.042788	60.000000
42.124000	59.878415	0.306394	0.711200	0.015154	1.032748	60.000000
42.020000	59.880589	0.300916	0.706839	0.018598	1.026353	60.000000
41.919000	59.883180	0.294387	0.702681	0.015665	1.012733	60.000000
41.821000	59.885297	0.289051	0.698733	0.066739	1.054522	60.000000
41.720000	59.894595	0.265621	0.694738	0.129930	1.090290	60.000000
41.623000	59.911979	0.221814	0.691212	0.159602	1.072628	60.000000
41.521000	59.934433	0.165229	0.688117	0.059183	0.912529	60.000000
41.419000	59.942759	0.144247	0.685810	0.058970	0.889027	60.000000
41.321000	59.950730	0.124159	0.683876	0.071656	0.879691	60.000000
41.224000	59.960317	0.100000	0.682228	0.063736	0.845964	60.000000
41.125000	59.969021	0.078068	0.680873	0.055502	0.814443	60.000000
41.021000	59.976982	0.058004	0.679762	0.049565	0.787331	60.000000
40.923000	59.983682	0.041121	0.678985	0.015584	0.735689	60.000000
40.819000	59.985918	0.035487	0.678399	0.042839	0.756726	60.000000
40.722000	59.991649	0.021044	0.677928	0.027174	0.726146	60.000000
40.622000	59.995398	0.011598	0.677640	0.032151	0.721390	60.000000
40.520000	59.999921	0.000199	0.677479	0.028863	0.706541	60.000000
40.421000	60.003862	-0.009733	0.677476	0.030214	0.697958	60.000000
40.321000	60.008030	-0.020235	0.677609	0.050577	0.707952	60.000000
40.222000	60.014936	-0.037639	0.677883	0.035700	0.675944	60.000000
40.131000	60.019417	-0.048931	0.678352	0.064861	0.694282	60.000000
40.024000	60.028990	-0.073054	0.679068	0.033131	0.639145	60.000000
39.922000	60.033651	-0.084800	0.680088	-0.005230	0.590057	60.000000
39.820000	60.032915	-0.082946	0.681271	0.023568	0.621893	60.000000
39.723000	60.036068	-0.090892	0.682372	0.017565	0.609045	60.000000
39.618000	60.038612	-0.097303	0.683678	-0.043888	0.542487	60.000000
39.519000	60.032619	-0.082200	0.684997	-0.070623	0.532173	60.000000
39.422000	60.023170	-0.058389	0.686088	-0.105680	0.522018	60.000000
39.324000	60.008885	-0.022391	0.686871	-0.077342	0.587138	60.000000
39.219000	59.997684	0.005836	0.687192	-0.092393	0.600635	60.000000
39.120000	59.985068	0.037630	0.687113	-0.126470	0.598273	60.000000
39.019000	59.967449	0.082028	0.686593	-0.100459	0.668162	60.000000
38.921000	59.953870	0.116248	0.685493	-0.092093	0.709648	60.000000
38.824000	59.941548	0.147298	0.683950	-0.102835	0.728413	60.000000
38.724000	59.927364	0.183042	0.681935	-0.110855	0.754122	60.000000
38.619000	59.911309	0.223500	0.679305	-0.045443	0.857362	60.000000
38.519000	59.905041	0.239296	0.676246	-0.078330	0.837212	60.000000
38.420000	59.894345	0.266250	0.673005	-0.065391	0.873864	60.000000
38.319000	59.885236	0.289206	0.669325	-0.040646	0.917885	60.000000
38.221000	59.879741	0.303052	0.665447	-0.018158	0.950340	60.000000
38.122000	59.877262	0.309300	0.661341	0.007226	0.977868	60.000000
38.018000	59.878298	0.306688	0.656940	-0.029368	0.934259	60.000000
37.921000	59.874369	0.316589	0.652869	-0.022131	0.947328	60.000000
37.820000	59.871286	0.324359	0.648494	0.005463	0.978315	60.000000
37.723000	59.872017	0.322517	0.644188	-0.007208	0.959498	60.000000
37.619000	59.870983	0.325122	0.639599	-0.021149	0.943572	60.000000
37.522000	59.868154	0.332253	0.635283	0.007986	0.975523	60.000000
37.424000	59.869233	0.329533	0.630828	0.025596	0.985956	60.000000
37.323000	59.872799	0.320547	0.626273	0.047126	0.993946	60.000000
37.219000	59.879559	0.303511	0.621712	-0.063567	0.861656	60.000000
37.122000	59.871054	0.324943	0.617683	-0.043799	0.898827	60.000000
37.021000	59.864953	0.340320	0.613192	-0.008721	0.944791	60.000000
36.921000	59.863750	0.343351	0.608536	-0.008949	0.942938	60.000000
36.823000	59.862540	0.346399	0.603931	-0.039946	0.910384	60.000000
36.719000	59.856810	0.360839	0.599002	-0.056031	0.903810	60.000000
36.619000	59.849081	0.380315	0.594064	-0.070807	0.903572	60.000000
36.520000	59.839413	0.404680	0.588912	-0.096194	0.897398	60.000000
36.420000	59.826144	0.438116	0.583374	-0.051755	0.969736	60.000000
36.321000	59.819077	0.455926	0.577439	-0.027433	1.005932	60.000000
36.219000	59.815218	0.465652	0.571076	0.007503	1.044231	60.000000
36.120000	59.816242	0.463070	0.564768	0.028886	1.056723	60.000000
36.020000	59.820226	0.453030	0.558431	0.003555	1.015016	60.000000
35.921000	59.820712	0.451806	0.552294	0.078251	1.082352	60.000000
35.822000	59.831397	0.424879	0.546174	0.082288	1.053341	60.000000
35.720000	59.842974	0.395705	0.540244	0.092452	1.028400	60.000000
35.621000	59.855599	0.363891	0.534883	0.110263	1.009037	60.000000
35.521000	59.870807	0.325565	0.529904	0.074931	0.930400	60.000000
35.420000	59.881246	0.299260	0.525404	0.117454	0.942118	60.000000
35.322000	59.897123	0.259251	0.521391	0.071325	0.851967	60.000000
35.225000	59.906665	0.235203	0.517950	0.110659	0.863812	60.000000
35.121000	59.922539	0.195201	0.514603	-0.006621	0.703183	60.000000
35.021000	59.921626	0.197503	0.511932	0.013515	0.722950	60.000000
34.920000	59.923509	0.192758	0.509202	-0.008207	0.693753	60.000000
34.818000	59.922354	0.195668	0.506512	-0.005025	0.697154	60.000000
34.723000	59.921696	0.197327	0.503968	0.032794	0.734089	60.000000
34.623000	59.926219	0.185928	0.501268	-0.028186	0.659010	60.000000
34.519000	59.922176	0.196117	0.498622	-0.042868	0.651871	60.000000
34.421000	59.916381	0.210719	0.495992	-0.090584	0.616128	60.000000
34.321000	59.903887	0.242205	0.493109	-0.063405	0.671909	60.000000
34.223000	59.895316	0.263803	0.489861	-0.063953	0.689711	60.000000
34.119000	59.886142	0.286922	0.486107	-0.015846	0.757183	60.000000
34.025000	59.884088	0.292099	0.482416	-0.046715	0.727800	60.000000
33.922000	59.877451	0.308824	0.478299	-0.039034	0.748089	60.000000
33.821000	59.872013	0.322527	0.474031	-0.093336	0.703222	60.000000
33.723000	59.859397	0.354321	0.469706	-0.053502	0.770525	60.000000
33.620000	59.851796	0.373475	0.464712	-0.028745	0.809442	60.000000
33.521000	59.847870	0.383366	0.459653	0.069694	0.912714	60.000000
33.423000	59.857291	0.359626	0.454512	0.028719	0.842858	60.000000
33.321000	59.861332	0.349444	0.449493	-0.023442	0.775495	60.000000
33.222000	59.858131	0.357511	0.444759	-0.047650	0.754619	60.000000
33.121000	59.851493	0.374239	0.439818	-0.026414	0.787642	60.000000
33.020000	59.847813	0.383512	0.434646	-0.054029	0.764128	60.000000
32.922000	59.840510	0.401916	0.429503	-0.041536	0.789883	60.000000
32.825000	59.834952	0.415920	0.424168	-0.030626	0.809462	60.000000
32.725000	59.830728	0.426565	0.418477	-0.036671	0.808372	60.000000
32.626000	59.825721	0.439184	0.412698	-0.077104	0.774778	60.000000
32.521000	59.814554	0.467324	0.406388	-0.019251	0.854462	60.000000
32.421000	59.811899	0.474016	0.399993	-0.034480	0.839528	60.000000
32.322000	59.807190	0.485881	0.393572	0.009752	0.889205	60.000000
32.224000	59.808508	0.482559	0.387056	-0.000783	0.868832	60.000000
32.121000	59.808397	0.482839	0.380255	0.016776	0.879870	60.000000
32.019000	59.810757	0.476892	0.373516	-0.009482	0.840925	60.000000
31.922000	59.809489	0.480088	0.367186	-0.037987	0.809287	60.000000
31.824000	59.804354	0.493028	0.360748	-0.037104	0.816672	60.000000
31.732000	59.799646	0.504893	0.354541	-0.021687	0.837748	60.000000
31.647000	59.797103	0.511301	0.348669	-0.036064	0.823906	60.000000
31.561000	59.792825	0.522081	0.342652	-0.091654	0.773078	60.000000
31.476000	59.782079	0.549160	0.336580	-0.028026	0.857714	60.000000
31.390000	59.778755	0.557538	0.330117	-0.027356	0.860299	60.000000
31.222000	59.772416	0.573512	0.317300	-0.105480	0.785332	60.000000
31.120000	59.757576	0.610909	0.309295	-0.113965	0.806239	60.000000
31.019000	59.741699	0.650917	0.300852	-0.008056	0.943714	60.000000
30.921000	59.740611	0.653661	0.292124	-0.034520	0.911265	60.000000
30.822000	59.735897	0.665540	0.283269	-0.034715	0.914094	60.000000
30.720000	59.731013	0.677848	0.273979	-0.007302	0.944525	60.000000
30.624000	59.730046	0.680284	0.265075	-0.023796	0.921564	60.000000
30.523000	59.726731	0.688638	0.255673	-0.049349	0.894963	60.000000
30.420000	59.719720	0.706306	0.245967	-0.062525	0.889748	60.000000
30.320000	59.711096	0.728039	0.236303	-0.056184	0.908157	60.000000
30.221000	59.703424	0.747372	0.226440	-0.080259	0.893554	60.000000
30.130000	59.693350	0.772758	0.217134	-0.029213	0.960680	60.000000
30.022000	59.688998	0.783725	0.205714	-0.033027	0.956412	60.000000
29.924000	59.684534	0.794975	0.195204	-0.060070	0.930109	60.000000
29.822000	59.676083	0.816272	0.184108	-0.053521	0.946859	60.000000
29.719000	59.668479	0.835433	0.172604	-0.097364	0.910673	60.000000
29.621000	59.655318	0.868598	0.161400	-0.124625	0.905374	60.000000
29.522000	59.638300	0.911483	0.149634	-0.102702	0.958414	60.000000
29.421000	59.623993	0.947538	0.137037	-0.199370	0.885204	60.000000
29.322000	59.596769	1.016143	0.124200	-0.171154	0.969190	60.000000
29.221000	59.572925	1.076229	0.110157	-0.109171	1.077215	60.000000
29.120000	59.557716	1.114555	0.095283	-0.013869	1.195968	60.000000
29.022000	59.555842	1.119279	0.080337	0.036459	1.236075	60.000000
28.920000	59.560971	1.106353	0.064715	-0.071160	1.099907	60.000000
28.821000	59.551254	1.130840	0.049727	-0.071122	1.109446	60.000000
28.722000	59.541542	1.155314	0.034408	0.052993	1.242714	60.000000
28.623000	59.548778	1.137079	0.018757	0.105547	1.261382	60.000000
28.521000	59.563628	1.099658	0.002886	0.010204	1.112749	60.000000
28.422000	59.565021	1.096147	-0.012010	-0.076633	1.007504	60.000000
28.322000	59.554451	1.122784	-0.027010	-0.050557	1.045217	60.000000
28.220000	59.547338	1.140708	-0.042681	-0.027767	1.070261	60.000000
28.127000	59.543776	1.149684	-0.057197	0.012065	1.104552	60.000000
28.022000	59.545524	1.145280	-0.073716	0.004351	1.075916	60.000000
27.921000	59.546130	1.143753	-0.089544	0.045890	1.100099	60.000000
27.821000	59.552459	1.127802	-0.105195	0.011757	1.034365	60.000000
27.724000	59.554032	1.123838	-0.120164	0.045434	1.049108	60.000000
27.620000	59.560550	1.107414	-0.136157	0.062391	1.033648	60.000000
27.521000	59.569069	1.085945	-0.151159	0.029304	0.964089	60.000000
27.421000	59.573111	1.075759	-0.166019	-0.003002	0.906739	60.000000
27.318000	59.572685	1.076834	-0.181181	-0.081679	0.813974	60.000000
27.220000	59.561644	1.104657	-0.195621	-0.086711	0.822325	60.000000
27.123000	59.550043	1.133892	-0.210283	-0.070484	0.853125	60.000000
27.020000	59.540029	1.159126	-0.226265	-0.025729	0.907132	60.000000
26.923000	59.536587	1.167801	-0.241650	-0.002574	0.923577	60.000000
26.821000	59.536225	1.168713	-0.257949	0.030044	0.940808	60.000000
26.719000	59.540452	1.158061	-0.274261	0.039733	0.923533	60.000000
26.621000	59.545823	1.144527	-0.289791	0.039287	0.894023	60.000000
26.523000	59.551133	1.131144	-0.305139	0.059660	0.885666	60.000000
26.421000	59.559527	1.109993	-0.320927	0.057048	0.846114	60.000000
26.319000	59.567553	1.089767	-0.336419	0.058960	0.812308	60.000000
26.221000	59.575523	1.069683	-0.351033	0.044253	0.762903	60.000000
26.124000	59.581443	1.054763	-0.365231	0.015804	0.705336	60.000000
26.022000	59.583667	1.049160	-0.379953	-0.034534	0.634673	60.000000
25.922000	59.578903	1.061164	-0.394309	-0.043780	0.623075	60.000000
25.821000	59.572804	1.076533	-0.408975	-0.095407	0.572152	60.000000
25.721000	59.559645	1.109695	-0.423706	-0.107638	0.578352	60.000000
25.621000	59.544798	1.147109	-0.438890	-0.113182	0.595037	60.000000
25.524000	59.529655	1.185269	-0.454116	-0.122189	0.608964	60.000000
25.419000	59.511959	1.229864	-0.471146	-0.095447	0.663270	60.000000
25.320000	59.498925	1.262708	-0.487806	-0.064791	0.710111	60.000000
25.220000	59.489989	1.285228	-0.505085	-0.017226	0.762918	60.000000
25.121000	59.487637	1.291156	-0.522496	-0.101848	0.666812	60.000000
25.023000	59.473870	1.325849	-0.539810	-0.175034	0.611005	60.000000
24.923000	59.449727	1.386688	-0.557952	-0.193685	0.635051	60.000000
24.820000	59.422210	1.456030	-0.577497	-0.137846	0.740688	60.000000
24.720000	59.403197	1.503944	-0.597420	-0.112116	0.794407	60.000000
24.622000	59.388042	1.542134	-0.617588	-0.126461	0.798085	60.000000
24.522000	59.370599	1.586090	-0.638690	-0.139042	0.808358	60.000000
24.420000	59.351038	1.635385	-0.660828	-0.170072	0.804485	60.000000
24.324000	59.328518	1.692136	-0.682311	-0.123634	0.886191	60.000000
24.226000	59.311806	1.734250	-0.705002	-0.208832	0.820416	60.000000
24.125000	59.282713	1.807563	-0.728970	-0.260921	0.817671	60.000000
24.022000	59.245644	1.900976	-0.754446	-0.106129	1.040401	60.000000
23.921000	59.230859	1.938234	-0.780719	-0.097023	1.060493	60.000000
23.820000	59.217343	1.972295	-0.807506	-0.143823	1.020966	60.000000
23.722000	59.197902	2.021287	-0.833954	-0.142149	1.045183	60.000000
23.625000	59.178884	2.069213	-0.860783	-0.120521	1.087910	60.000000
23.523000	59.161928	2.111942	-0.889664	-0.121856	1.100423	60.000000
23.421000	59.144784	2.155145	-0.919141	-0.103539	1.132465	60.000000
23.320000	59.130360	2.191494	-0.948926	-0.068772	1.173796	60.000000
23.222000	59.121064	2.214920	-0.978314	-0.167178	1.069427	60.000000
23.122000	59.098005	2.273029	-1.008622	-0.121138	1.143268	60.000000
23.023000	59.081463	2.314714	-1.039414	-0.076760	1.198539	60.000000
22.921000	59.070664	2.341928	-1.071721	-0.126936	1.143270	60.000000
22.821000	59.053155	2.386049	-1.103768	-0.227098	1.055184	60.000000
22.721000	59.021831	2.464986	-1.136417	-0.317626	1.010942	60.000000
22.624000	58.979335	2.572076	-1.169135	-0.359616	1.043325	60.000000
22.523000	58.929237	2.698323	-1.204683	-0.403921	1.089719	60.000000
22.423000	58.873524	2.838721	-1.241606	-0.395152	1.201963	60.000000
22.321000	58.817930	2.978817	-1.281227	-0.591644	1.105947	60.000000
22.221000	58.736324	3.184464	-1.321988	-0.770603	1.091874	60.000000
22.129000	58.638537	3.430887	-1.362077	-1.093261	0.975550	60.000000
22.021000	58.475679	3.841289	-1.412779	-1.512611	0.915899	60.000000
21.920000	58.264957	4.372308	-1.465868	-2.365821	0.540620	60.000000
21.823000	57.948426	5.169966	-1.523902	-3.522392	0.123672	60.000000
21.727000	57.482012	6.345330	-1.591816	-4.753514	0.000000	60.000000
21.629000	56.839467	7.964542	-11.653645	4.133239	0.444136	60.000000
21.531000	57.398168	6.556618	-11.760449	7.203832	2.000000	60.000000
21.425000	58.451417	3.902429	-9.269048	7.366619	2.000000	60.000000
21.323000	59.487822	1.290690	-1.240636	1.949947	2.000000	60.000000
21.221000	59.762160	0.599358	0.410188	0.990454	2.000000	60.000000
21.123000	59.896042	0.261975	0.813416	-0.019312	1.056079	60.000000
21.021000	59.893325	0.268822	0.809759	0.088835	1.167416	60.000000
20.921000	59.905578	0.237944	0.806081	0.034626	1.078651	60.000000
20.825000	59.910163	0.226390	0.802955	0.042575	1.071920	60.000000
20.720000	59.916329	0.210851	0.799703	0.088364	1.098918	60.000000
20.623000	59.928151	0.181058	0.796904	0.021428	0.999390	60.000000
20.521000	59.931166	0.173461	0.794377	0.258313	1.226151	60.000000
20.419000	59.967508	0.081880	0.791956	0.160729	1.034564	60.000000
20.321000	59.989234	0.027130	0.790858	0.077537	0.895525	60.000000
20.225000	59.999501	0.001257	0.790501	0.068702	0.860461	60.000000
20.126000	60.008883	-0.022384	0.790484	0.031200	0.799301	60.000000
20.019000	60.013487	-0.033988	0.790812	0.062622	0.819446	60.000000
19.923000	60.021779	-0.054884	0.791259	0.054356	0.790730	60.000000
19.822000	60.029352	-0.073966	0.792017	0.075165	0.793216	60.000000
19.721000	60.039823	-0.100354	0.793039	0.047445	0.740130	60.000000
19.622000	60.046302	-0.116680	0.794399	0.035505	0.713224	60.000000
19.523000	60.051150	-0.128897	0.795979	0.016411	0.683493	60.000000
19.419000	60.053504	-0.134830	0.797814	0.082960	0.745944	60.000000
19.321000	60.064718	-0.163089	0.799622	0.037589	0.674122	60.000000
19.223000	60.069799	-0.175893	0.801809	0.047723	0.673639	60.000000
19.120000	60.076579	-0.192978	0.804288	-0.028825	0.582484	60.000000
19.021000	60.072643	-0.183059	0.806902	-0.081964	0.541879	60.000000
18.923000	60.061563	-0.155139	0.809357	-0.080409	0.573809	60.000000
18.822000	60.050361	-0.126911	0.811501	-0.031909	0.652681	60.000000
18.723000	60.046004	-0.115931	0.813220	-0.021533	0.675757	60.000000
18.621000	60.042975	-0.108296	0.814838	-0.065219	0.641323	60.000000
18.520000	60.033889	-0.085401	0.816335	-0.099068	0.631867	60.000000
18.423000	60.020635	-0.051999	0.817469	0.054198	0.819668	60.000000
18.325000	60.027961	-0.070461	0.818166	-0.186040	0.561665	60.000000
18.224000	60.002043	-0.005149	0.819140	-0.068143	0.745847	60.000000
18.125000	59.992738	0.018299	0.819209	-0.106910	0.730599	60.000000
18.021000	59.977402	0.056946	0.818949	-0.075099	0.800796	60.000000
17.922000	59.967147	0.082789	0.818178	0.018025	0.918991	60.000000
17.820000	59.969683	0.076398	0.817022	-0.040612	0.852809	60.000000
17.724000	59.964306	0.089950	0.816019	-0.036973	0.868995	60.000000
17.620000	59.959002	0.103315	0.814738	-0.083190	0.834864	60.000000
17.519000	59.947413	0.132520	0.813311	-0.083543	0.862287	60.000000
17.422000	59.936235	0.160687	0.811552	-0.041505	0.930734	60.000000
17.322000	59.930510	0.175114	0.809353	-0.072695	0.911772	60.000000
17.222000	59.920483	0.200382	0.806957	-0.026838	0.980501	60.000000
17.121000	59.916745	0.209804	0.804187	0.002346	1.016337	60.000000
17.029000	59.917042	0.209053	0.801546	0.024119	1.034718	60.000000
16.920000	59.920668	0.199915	0.798428	-0.028592	0.969751	60.000000
16.822000	59.916804	0.209655	0.795747	-0.022294	0.983108	60.000000
16.722000	59.913729	0.217404	0.792878	0.023185	1.033467	60.000000
16.624000	59.916863	0.209506	0.789963	0.016904	1.016373	60.000000
16.523000	59.919217	0.203572	0.787067	0.012420	1.003060	60.000000
16.421000	59.920965	0.199169	0.784226	-0.006657	0.976738	60.000000
16.323000	59.920065	0.201436	0.781555	-0.006940	0.976051	60.000000
16.222000	59.919098	0.203873	0.778771	0.012034	0.994678	60.000000
16.124000	59.920725	0.199774	0.776037	0.030931	1.006742	60.000000
16.022000	59.925076	0.188807	0.773249	-0.003918	0.958139	60.000000
15.921000	59.924531	0.190183	0.770640	-0.002313	0.958510	60.000000
15.826000	59.924228	0.190947	0.768167	0.008442	0.967556	60.000000
15.722000	59.925439	0.187895	0.765450	-0.018751	0.934594	60.000000
15.624000	59.922904	0.194282	0.762930	-0.026000	0.931212	60.000000
15.523000	59.919282	0.203410	0.760245	-0.005342	0.958313	60.000000
15.424000	59.918552	0.205248	0.757490	0.074112	1.036850	60.000000
15.323000	59.928877	0.179230	0.754653	0.068271	1.002155	60.000000
15.223000	59.938294	0.155500	0.752201	0.044232	0.951933	60.000000
15.124000	59.944334	0.140279	0.750094	0.067712	0.958085	60.000000
15.020000	59.954047	0.115802	0.748098	0.053474	0.917374	60.000000
14.921000	59.961349	0.097401	0.746529	0.015325	0.859256	60.000000
14.824000	59.963399	0.092234	0.745236	0.018015	0.855486	60.000000
14.722000	59.965934	0.085847	0.743949	0.019237	0.849033	60.000000
14.624000	59.968534	0.079294	0.742798	0.014857	0.836950	60.000000
14.521000	59.970645	0.073975	0.741680	0.082189	0.897845	60.000000
14.422000	59.981868	0.045693	0.740678	0.089349	0.875720	60.000000
14.323000	59.994069	0.014947	0.740059	0.041456	0.796462	60.000000
14.226000	59.999615	0.000970	0.739861	0.026221	0.767052	60.000000
14.122000	60.003377	-0.008509	0.739847	0.003072	0.734410	60.000000
14.022000	60.003800	-0.009577	0.739963	-0.010114	0.720273	60.000000
13.922000	60.002405	-0.006061	0.740094	-0.022426	0.711607	60.000000
13.822000	59.999312	0.001734	0.740177	0.002214	0.744125	60.000000
13.721000	59.999620	0.000956	0.740153	0.001758	0.742868	60.000000
13.622000	59.999861	0.000351	0.740140	0.013550	0.754042	60.000000
13.525000	60.001673	-0.004217	0.740136	-0.036636	0.699282	60.000000
13.421000	59.996418	0.009026	0.740196	0.015035	0.764258	60.000000
13.322000	59.998471	0.003853	0.740073	-0.022116	0.721810	60.000000
13.223000	59.995451	0.011463	0.740021	-0.018665	0.732819	60.000000
13.127000	59.992980	0.017691	0.739871	0.016978	0.774539	60.000000
13.021000	59.995462	0.011436	0.739614	-0.019372	0.731678	60.000000
12.928000	59.992977	0.017698	0.739469	0.018601	0.775768	60.000000
12.822000	59.995697	0.010844	0.739212	0.060665	0.810721	60.000000
12.723000	60.003981	-0.010031	0.739065	-0.024826	0.704208	60.000000
12.624000	60.000591	-0.001488	0.739201	-0.013181	0.724532	60.000000
12.521000	59.998718	0.003231	0.739222	-0.029515	0.712938	60.000000
12.423000	59.994728	0.013284	0.739178	-0.000847	0.751616	60.000000
12.322000	59.994610	0.013582	0.738995	-0.012986	0.739590	60.000000
12.224000	59.992855	0.018005	0.738813	-0.039163	0.717655	60.000000
12.128000	59.987669	0.031074	0.738576	-0.036134	0.733516	60.000000
12.025000	59.982536	0.044010	0.738138	0.010106	0.792254	60.000000
11.921000	59.983985	0.040357	0.737512	-0.054019	0.723849	60.000000
11.823000	59.976683	0.058758	0.736971	-0.038810	0.756919	60.000000
11.726000	59.971491	0.071843	0.736191	-0.077041	0.730992	60.000000
11.622000	59.960440	0.099692	0.735168	-0.068631	0.766230	60.000000
11.522000	59.950973	0.123548	0.733804	-0.091592	0.765760	60.000000
11.425000	59.938719	0.154429	0.732164	-0.066094	0.820500	60.000000
11.325000	59.929602	0.177402	0.730051	-0.069376	0.838077	60.000000
11.224000	59.919938	0.201757	0.727600	-0.066238	0.863119	60.000000
11.123000	59.910710	0.225011	0.724811	-0.068038	0.881784	60.000000
11.022000	59.901232	0.248897	0.721701	-0.071723	0.898875	60.000000
10.922000	59.891339	0.273826	0.718296	-0.101535	0.890587	60.000000
10.825000	59.877754	0.308060	0.714661	-0.071109	0.951612	60.000000
10.724000	59.867848	0.333023	0.710403	-0.010891	1.032536	60.000000
10.620000	59.866286	0.336960	0.705664	0.010675	1.053300	60.000000
10.522000	59.867728	0.333324	0.701146	-0.000432	1.034038	60.000000
10.423000	59.867669	0.333473	0.696630	-0.017148	1.012955	60.000000
10.321000	59.865257	0.339553	0.691976	-0.027602	1.003926	60.000000
10.221000	59.861450	0.349147	0.687329	0.000903	1.037379	60.000000
10.123000	59.861572	0.348839	0.682647	-0.059025	0.972461	60.000000
10.023000	59.853430	0.369355	0.677874	-0.002204	1.045025	60.000000
9.922000	59.853123	0.370129	0.672769	-0.029475	1.013424	60.000000
9.824000	59.849139	0.380170	0.667806	-0.000841	1.047134	60.000000
9.720000	59.849018	0.380474	0.662396	0.006197	1.049066	60.000000
9.621000	59.849865	0.378341	0.657242	0.004007	1.039590	60.000000
9.522000	59.850412	0.376963	0.652116	0.022702	1.051781	60.000000
9.422000	59.853543	0.369072	0.646958	-0.004861	1.011168	60.000000
9.323000	59.852879	0.370744	0.641958	0.028176	1.040879	60.000000
9.222000	59.856804	0.360853	0.636834	-0.016387	0.981301	60.000000
9.126000	59.854635	0.366321	0.632094	0.033085	1.031500	60.000000
9.023000	59.859335	0.354476	0.626931	-0.028351	0.953056	60.000000
8.923000	59.855424	0.364330	0.622081	-0.064158	0.922253	60.000000
8.826000	59.846841	0.385962	0.617245	0.020464	1.023670	60.000000
8.721000	59.849804	0.378493	0.611699	0.052148	1.042341	60.000000
8.622000	59.856925	0.360549	0.606572	0.072587	1.039708	60.000000
8.537000	59.865435	0.339103	0.602378	0.079713	1.021195	60.000000
8.453000	59.874671	0.315829	0.598481	0.093554	1.007864	60.000000
8.373000	59.884994	0.289814	0.595023	0.022409	0.907247	60.000000
8.291000	59.887529	0.283427	0.591771	-0.040674	0.834524	60.000000
8.121000	59.877991	0.307462	0.585178	0.014752	0.907392	60.000000
8.023000	59.879986	0.302436	0.581055	0.055146	0.938638	60.000000
7.923000	59.887592	0.283269	0.576917	0.063514	0.923699	60.000000
7.819000	59.896703	0.260309	0.572886	0.039317	0.872511	60.000000
7.721000	59.902017	0.246916	0.569395	0.152713	0.969024	60.000000
7.623000	59.922660	0.194897	0.566084	0.097061	0.858042	60.000000
7.522000	59.936182	0.160823	0.563390	0.109864	0.834077	60.000000
7.424000	59.951032	0.123399	0.561234	0.092691	0.777324	60.000000
7.323000	59.963945	0.090859	0.559528	0.081292	0.731679	60.000000
7.225000	59.974933	0.063168	0.558310	0.162949	0.784427	60.000000
7.120000	59.998533	0.003697	0.557402	0.106562	0.667661	60.000000
7.022000	60.012937	-0.032602	0.557353	0.030443	0.555194	60.000000
6.924000	60.017052	-0.042971	0.557790	0.020917	0.535735	60.000000
6.821000	60.020024	-0.050460	0.558395	0.000412	0.508348	60.000000
6.724000	60.020079	-0.050599	0.559065	-0.006525	0.501942	60.000000
6.624000	60.019179	-0.048331	0.559758	-0.001304	0.510123	60.000000
6.523000	60.018997	-0.047873	0.560426	0.033653	0.546205	60.000000
6.424000	60.023593	-0.059454	0.561074	0.028762	0.530382	60.000000
6.320000	60.027719	-0.069851	0.561920	0.046963	0.539033	60.000000
6.222000	60.034067	-0.085848	0.562857	0.044885	0.521894	60.000000
6.130000	60.039762	-0.100201	0.563938	-0.018913	0.444823	60.000000
6.028000	60.037102	-0.093496	0.565336	-0.064778	0.407062	60.000000
5.923000	60.027720	-0.069854	0.566679	-0.160550	0.336275	60.000000
5.821000	60.005132	-0.012933	0.567654	-0.218075	0.336646	60.000000
5.721000	59.975053	0.062867	0.567831	-0.126700	0.503999	60.000000
5.626000	59.958451	0.104704	0.567014	0.047178	0.718896	60.000000
5.523000	59.965153	0.087814	0.565538	-0.065872	0.587480	60.000000
5.422000	59.955977	0.110939	0.564325	-0.154034	0.521230	60.000000
5.322000	59.934731	0.164479	0.562807	-0.202814	0.524471	60.000000
5.221000	59.906476	0.235680	0.560534	-0.190361	0.605852	60.000000
5.124000	59.881007	0.299861	0.557405	-0.220592	0.636675	60.000000
5.025000	59.850885	0.375770	0.553343	-0.125828	0.803285	60.000000
4.920000	59.832662	0.421692	0.547944	-0.147109	0.822527	60.000000
4.826000	59.813588	0.469758	0.542520	-0.237198	0.775080	60.000000
4.733000	59.783162	0.546433	0.536542	-0.235649	0.847326	60.000000
4.629000	59.749358	0.631618	0.528766	-0.218803	0.941581	60.000000
4.525000	59.717971	0.710713	0.519777	-0.205050	1.025440	60.000000
4.423000	59.689123	0.783410	0.509858	-0.161298	1.131970	60.000000
4.321000	59.666430	0.840597	0.498923	-0.037987	1.301533	60.000000
4.223000	59.661295	0.853536	0.487651	-0.102230	1.238957	60.000000
4.122000	59.647053	0.889426	0.475855	-0.049585	1.315696	60.000000
4.024000	59.640351	0.906316	0.463928	-0.116010	1.254234	60.000000
3.921000	59.623870	0.947849	0.451154	-0.120741	1.278262	60.000000
3.825000	59.607882	0.988138	0.438703	-0.072701	1.354139	60.000000
3.722000	59.597553	1.014166	0.424776	-0.113792	1.325150	60.000000
3.622000	59.581858	1.053719	0.410898	-0.078471	1.386146	60.000000
3.525000	59.571359	1.080176	0.396912	-0.014743	1.462346	60.000000
3.421000	59.569244	1.085506	0.381540	0.030765	1.497811	60.000000
3.320000	59.573530	1.074705	0.366538	0.027653	1.468896	60.000000
3.225000	59.577153	1.065574	0.352567	0.006197	1.424338	60.000000
3.126000	59.577999	1.063441	0.338132	0.022928	1.424502	60.000000
3.023000	59.581257	1.055233	0.323144	-0.012707	1.365669	60.000000
2.923000	59.579504	1.059650	0.308704	0.081910	1.450264	60.000000
2.822000	59.590915	1.030894	0.294060	0.127316	1.452270	60.000000
2.722000	59.608476	0.986641	0.279953	0.094359	1.360953	60.000000
2.626000	59.620970	0.955155	0.266992	0.172422	1.394570	60.000000
2.527000	59.644515	0.895823	0.254053	0.153847	1.303723	60.000000
2.422000	59.666796	0.839674	0.241182	0.172810	1.253666	60.000000
2.321000	59.690870	0.779007	0.229577	0.152133	1.160717	60.000000
2.222000	59.711644	0.726657	0.219024	0.167895	1.113576	60.000000
2.123000	59.734571	0.668882	0.209180	0.187796	1.065859	60.000000
2.020000	59.761250	0.601649	0.199753	0.173136	0.974538	60.000000
1.930000	59.782743	0.547487	0.192344	0.187959	0.927790	60.000000
1.825000	59.809965	0.478889	0.184478	0.208385	0.871751	60.000000
1.741000	59.834109	0.418046	0.178973	0.152752	0.749771	60.000000
1.643000	59.854757	0.366013	0.173367	0.235897	0.775278	60.000000
1.551000	59.884691	0.290578	0.168759	0.204937	0.664275	60.000000
1.453000	59.912393	0.220770	0.164863	0.137964	0.523597	60.000000
1.361000	59.929900	0.176652	0.162083	0.074605	0.413340	60.000000
1.263000	59.939985	0.151239	0.159715	0.088367	0.399320	60.000000
1.164000	59.952051	0.120831	0.157666	0.073420	0.351916	60.000000
1.065000	59.962077	0.095566	0.156029	0.099531	0.351127	60.000000
0.963000	59.976080	0.060278	0.154695	0.116541	0.331514	60.000000
0.865000	59.991833	0.020581	0.153887	0.094432	0.268900	60.000000
0.768000	60.004468	-0.011258	0.153614	0.106317	0.248673	60.000000
0.671000	60.018692	-0.047104	0.153763	0.089996	0.196655	60.000000
0.573000	60.030857	-0.077759	0.154395	0.024040	0.100676	60.000000
0.476000	60.034073	-0.085865	0.155427	-0.060468	0.009094	60.000000
0.378000	60.025900	-0.065267	0.156578	-0.091311	-1.387779E-17	60.000000
0.277000	60.013179	-0.033212	0.129507	-0.096295	0.000000	60.000000
0.179000	60.000163	-0.000410	0.061059	-0.060649	0.000000	60.000000
0.078000	59.991714	0.020881	0.000223	0.000000	0.021104	60.000000
