Zeit (s)	Istwert	P	I	D	Regelausgang	Sollwert
104.595000	59.998344	0.003147	0.888123	0.093092	0.984361	60.000000
104.497000	60.006277	-0.011926	0.888049	0.105892	0.982015	60.000000
104.399000	60.015301	-0.029071	0.888329	0.032781	0.892039	60.000000
104.299000	60.018151	-0.034487	0.889024	-0.120741	0.733796	60.000000
104.194000	60.007127	-0.013541	0.889891	-0.184395	0.691954	60.000000
104.096000	59.991413	0.016315	0.890208	-0.087733	0.818789	60.000000
103.997000	59.983861	0.030665	0.889822	0.109064	1.029550	60.000000
103.897000	59.993344	0.012646	0.889088	0.028828	0.930562	60.000000
103.796000	59.995876	0.007835	0.888783	-0.176865	0.719753	60.000000
103.701000	59.981266	0.035595	0.888605	-0.110741	0.813459	60.000000
103.597000	59.971251	0.054623	0.887719	-0.035424	0.906918	60.000000
103.497000	59.968171	0.060476	0.886412	-0.079675	0.867213	60.000000
103.396000	59.961173	0.073771	0.884951	0.006834	0.965556	60.000000
103.294000	59.961779	0.072620	0.883151	0.239999	1.195769	60.000000
103.196000	59.982231	0.033761	0.881448	0.122572	1.037781	60.000000
103.098000	59.992677	0.013914	0.880657	0.062005	0.956576	60.000000
102.996000	59.998176	0.003465	0.880317	-0.007129	0.876654	60.000000
102.898000	59.997569	0.004619	0.880236	-0.098990	0.785865	60.000000
102.797000	59.988875	0.021138	0.880124	-0.015664	0.885598	60.000000
102.695000	59.987485	0.023778	0.879609	0.007837	0.911223	60.000000
102.597000	59.988153	0.022509	0.879051	0.002773	0.904333	60.000000
102.498000	59.988392	0.022055	0.878518	0.084530	0.985104	60.000000
102.397000	59.995816	0.007950	0.877985	0.109781	0.995716	60.000000
102.295000	60.005553	-0.010551	0.877791	-0.050117	0.817123	60.000000
102.199000	60.001369	-0.002602	0.878033	0.042091	0.917522	60.000000
102.098000	60.005066	-0.009626	0.878096	-0.091121	0.777350	60.000000
101.995000	59.996905	0.005881	0.878333	1.589883E-5	0.884230	60.000000
101.898000	59.996906	0.005878	0.878197	0.052243	0.936318	60.000000
101.797000	60.001495	-0.002840	0.878055	0.059507	0.934723	60.000000
101.694000	60.006824	-0.012966	0.878125	0.108419	0.973577	60.000000
101.597000	60.015969	-0.030342	0.878426	0.044043	0.892127	60.000000
101.499000	60.019722	-0.037473	0.879137	-0.010508	0.831156	60.000000
101.393000	60.018754	-0.035632	0.880087	-0.059193	0.785262	60.000000
101.294000	60.013658	-0.025950	0.880931	-0.158140	0.696841	60.000000
101.195000	60.000044	-8.435512E-5	0.881546	-0.099481	0.781981	60.000000
101.098000	59.991653	0.015859	0.881548	-0.029287	0.868120	60.000000
100.996000	59.989056	0.020794	0.881161	0.051358	0.953313	60.000000
100.900000	59.993343	0.012648	0.880683	0.106531	0.999862	60.000000
100.795000	60.003070	-0.005833	0.880366	-0.013588	0.860945	60.000000
100.698000	60.001924	-0.003655	0.880501	-0.094905	0.781941	60.000000
100.597000	59.993589	0.012182	0.880589	-0.175420	0.717351	60.000000
100.498000	59.978487	0.040874	0.880301	-0.119755	0.801420	60.000000
100.403000	59.968594	0.059671	0.879372	-0.148564	0.790478	60.000000
100.310000	59.956580	0.082498	0.878044	-0.064839	0.895703	60.000000
100.218000	59.951393	0.092354	0.876228	0.022004	0.990586	60.000000
100.095000	59.953746	0.087882	0.873511	0.004960	0.966353	60.000000
99.998000	59.954165	0.087087	0.871472	0.018552	0.977111	60.000000
99.897000	59.955794	0.083991	0.869367	0.045011	0.998369	60.000000
99.795000	59.959786	0.076406	0.867318	0.014466	0.958189	60.000000
99.695000	59.961044	0.074016	0.865490	-0.048107	0.891399	60.000000
99.597000	59.956945	0.081805	0.863755	0.032643	0.978203	60.000000
99.495000	59.959840	0.076304	0.861758	-0.031985	0.906077	60.000000
99.395000	59.957059	0.081588	0.859933	-0.040930	0.900592	60.000000
99.295000	59.953500	0.088351	0.857981	0.024049	0.970381	60.000000
99.194000	59.955612	0.084338	0.855846	0.014903	0.955086	60.000000
99.096000	59.956882	0.081925	0.853869	0.008343	0.944137	60.000000
98.996000	59.957607	0.080546	0.851909	0.058663	0.991118	60.000000
98.893000	59.962861	0.070563	0.849924	0.053866	0.974354	60.000000
98.795000	59.967452	0.061842	0.848270	0.008570	0.918681	60.000000
98.698000	59.968175	0.060468	0.846835	0.054415	0.961718	60.000000
98.596000	59.973001	0.051298	0.845359	0.049952	0.946609	60.000000
98.496000	59.977345	0.043045	0.844132	0.056259	0.943436	60.000000
98.396000	59.982237	0.033750	0.843102	0.087473	0.964325	60.000000
98.296000	59.989843	0.019298	0.842295	0.132728	0.994321	60.000000
98.195000	60.001500	-0.002850	0.841829	0.099072	0.938050	60.000000
98.096000	60.010029	-0.019055	0.841896	0.060444	0.883286	60.000000
97.998000	60.015180	-0.028841	0.842343	0.020337	0.833838	60.000000
97.895000	60.017001	-0.032302	0.843053	-0.032393	0.778358	60.000000
97.796000	60.014212	-0.027004	0.843819	0.062553	0.879368	60.000000
97.697000	60.019597	-0.037235	0.844458	0.055043	0.862266	60.000000
97.597000	60.024384	-0.046329	0.845349	0.008354	0.807374	60.000000
97.497000	60.025110	-0.047709	0.846457	0.001330	0.800078	60.000000
97.397000	60.025226	-0.047929	0.847599	0.026815	0.826485	60.000000
97.298000	60.027534	-0.052315	0.848734	-0.017791	0.778628	60.000000
97.196000	60.025956	-0.049317	0.850010	-0.005499	0.795195	60.000000
97.095000	60.025473	-0.048399	0.851202	-0.030646	0.772156	60.000000
96.995000	60.022808	-0.043336	0.852360	-0.007766	0.801257	60.000000
96.896000	60.022140	-0.042066	0.853386	-0.085923	0.725398	60.000000
96.798000	60.014818	-0.028154	0.854372	-0.076441	0.749778	60.000000
96.696000	60.008038	-0.015272	0.855059	-0.041120	0.798668	60.000000
96.596000	60.004462	-0.008478	0.855425	-0.061164	0.785783	60.000000
96.497000	59.999197	0.001526	0.855626	-0.009798	0.847353	60.000000
96.398000	59.998353	0.003129	0.855589	-0.059092	0.799626	60.000000
96.297000	59.993163	0.012990	0.855514	-0.028149	0.840355	60.000000
96.198000	59.990740	0.017594	0.855206	0.044916	0.917716	60.000000
96.102000	59.994490	0.010470	0.854802	0.012528	0.877800	60.000000
95.997000	59.995634	0.008296	0.854539	0.088412	0.951247	60.000000
95.898000	60.003245	-0.006165	0.854343	0.031769	0.879946	60.000000
95.799000	60.005980	-0.011361	0.854489	0.056342	0.899470	60.000000
95.699000	60.010879	-0.020670	0.854760	0.083616	0.917707	60.000000
95.599000	60.018150	-0.034485	0.855255	0.129318	0.950088	60.000000
95.501000	60.029170	-0.055423	0.856063	0.056273	0.856913	60.000000
95.397000	60.034259	-0.065092	0.857442	-0.027412	0.764939	60.000000
95.308000	60.032138	-0.061061	0.858828	-0.061950	0.735817	60.000000
95.218000	60.027289	-0.051850	0.860143	-0.051330	0.756963	60.000000
95.096000	60.021844	-0.041503	0.861656	-0.137903	0.682250	60.000000
94.997000	60.009972	-0.018947	0.862639	-0.056759	0.786933	60.000000
94.894000	60.004889	-0.009288	0.863106	-0.045215	0.808603	60.000000
94.797000	60.001075	-0.002042	0.863322	0.051795	0.913074	60.000000
94.695000	60.005669	-0.010771	0.863372	0.045511	0.898112	60.000000
94.597000	60.009547	-0.018140	0.863624	0.038003	0.883488	60.000000
94.498000	60.012819	-0.024356	0.864054	0.032145	0.871843	60.000000
94.394000	60.015726	-0.029879	0.864660	0.012029	0.846810	60.000000
94.296000	60.016751	-0.031827	0.865360	0.019721	0.853254	60.000000
94.197000	60.018449	-0.035052	0.866114	-0.058634	0.772428	60.000000
94.096000	60.013299	-0.025268	0.866961	-0.118138	0.723555	60.000000
94.000000	60.003437	-0.006530	0.867541	-0.012285	0.848726	60.000000
93.898000	60.002347	-0.004460	0.867701	0.004732	0.867973	60.000000
93.796000	60.002767	-0.005258	0.867809	0.101306	0.963858	60.000000
93.697000	60.011488	-0.021828	0.867934	0.019362	0.865468	60.000000
93.600000	60.013121	-0.024931	0.868441	0.076600	0.920110	60.000000
93.499000	60.019849	-0.037713	0.869043	-0.066216	0.765115	60.000000
93.398000	60.014033	-0.026664	0.869954	-0.022277	0.821014	60.000000
93.298000	60.012096	-0.022983	0.870592	-0.029378	0.818231	60.000000
93.196000	60.009491	-0.018032	0.871153	0.015408	0.868528	60.000000
93.097000	60.010817	-0.020552	0.871580	0.061324	0.912351	60.000000
92.997000	60.016150	-0.030684	0.872072	-0.101709	0.739679	60.000000
92.895000	60.007128	-0.013544	0.872820	-0.156445	0.702832	60.000000
92.799000	59.994069	0.011270	0.873131	-0.010153	0.874248	60.000000
92.703000	59.993221	0.012880	0.872873	0.001917	0.887670	60.000000
92.596000	59.993399	0.012541	0.872543	0.011330	0.896414	60.000000
92.498000	59.994365	0.010707	0.872249	-0.001331	0.881625	60.000000
92.396000	59.994247	0.010931	0.871988	-0.035376	0.847542	60.000000
92.298000	59.991232	0.016659	0.871731	0.063153	0.951543	60.000000
92.198000	59.996724	0.006225	0.871333	0.041605	0.919162	60.000000
92.098000	60.000342	-0.000649	0.871184	0.136524	1.007059	60.000000
91.998000	60.012213	-0.023205	0.871199	-0.035183	0.812811	60.000000
91.897000	60.009123	-0.017334	0.871760	-0.160467	0.693959	60.000000
91.796000	59.995030	0.009443	0.872179	-0.104464	0.777158	60.000000
91.697000	59.986037	0.026529	0.871955	-0.007695	0.890789	60.000000
91.598000	59.985375	0.027788	0.871327	0.063137	0.962252	60.000000
91.498000	59.990865	0.017357	0.870662	0.059744	0.947763	60.000000
91.398000	59.996060	0.007486	0.870247	0.087051	0.964784	60.000000
91.295000	60.003857	-0.007328	0.870063	0.039086	0.901821	60.000000
91.197000	60.007188	-0.013656	0.870234	0.044753	0.901331	60.000000
91.099000	60.011001	-0.020902	0.870555	-0.076938	0.772714	60.000000
90.994000	60.003977	-0.007555	0.871080	-0.066700	0.796825	60.000000
90.897000	59.998351	0.003134	0.871255	0.032267	0.906656	60.000000
90.800000	60.001072	-0.002037	0.871182	0.042750	0.911895	60.000000
90.699000	60.004827	-0.009171	0.871231	0.075881	0.937942	60.000000
90.599000	60.011425	-0.021708	0.871451	-0.012255	0.837488	60.000000
90.497000	60.010338	-0.019642	0.871981	-0.033100	0.819238	60.000000
90.396000	60.007431	-0.014119	0.872455	-0.067364	0.790972	60.000000
90.306000	60.002159	-0.004102	0.872759	-0.163917	0.704739	60.000000
90.209000	59.988333	0.022167	0.872854	-0.172570	0.722452	60.000000
90.100000	59.971976	0.053245	0.872276	-0.149272	0.776249	60.000000
89.994000	59.958217	0.079387	0.870926	-0.147421	0.802892	60.000000
89.896000	59.945655	0.103256	0.869065	-0.035089	0.937232	60.000000
89.799000	59.942695	0.108880	0.866669	-0.014908	0.960641	60.000000
89.697000	59.941373	0.111392	0.864012	-0.008633	0.966771	60.000000
89.600000	59.940645	0.112775	0.861427	0.032710	1.006912	60.000000
89.500000	59.943489	0.107371	0.858729	-0.020731	0.945370	60.000000
89.396000	59.941614	0.110933	0.856057	0.038601	1.005592	60.000000
89.297000	59.944937	0.104619	0.853430	0.124603	1.082652	60.000000
89.199000	59.955555	0.084445	0.850977	0.132048	1.067470	60.000000
89.098000	59.967153	0.062410	0.848937	0.142789	1.054136	60.000000
88.996000	59.979817	0.038347	0.847414	0.106951	0.992712	60.000000
88.896000	59.989118	0.020677	0.846497	0.032638	0.899811	60.000000
88.798000	59.991899	0.015392	0.846012	0.023503	0.884907	60.000000
88.698000	59.993943	0.011509	0.845644	0.025030	0.882182	60.000000
88.598000	59.996119	0.007374	0.845368	-0.052893	0.799849	60.000000
88.497000	59.991474	0.016200	0.845190	-0.078362	0.783028	60.000000
88.396000	59.984592	0.029276	0.844799	-0.031576	0.842499	60.000000
88.297000	59.981873	0.034441	0.844105	0.056080	0.934626	60.000000
88.198000	59.986701	0.025268	0.843290	0.089205	0.957763	60.000000
88.096000	59.994613	0.010235	0.842673	0.097154	0.950062	60.000000
87.998000	60.002892	-0.005495	0.842433	0.018534	0.855471	60.000000
87.897000	60.004520	-0.008588	0.842566	-0.027104	0.806874	60.000000
87.797000	60.002163	-0.004110	0.842771	0.012626	0.851287	60.000000
87.698000	60.003250	-0.006175	0.842869	0.004746	0.841440	60.000000
87.595000	60.003675	-0.006983	0.843021	0.021861	0.857899	60.000000
87.496000	60.005557	-0.010559	0.843186	0.033636	0.866263	60.000000
87.399000	60.008394	-0.015949	0.843431	-0.001389	0.826093	60.000000
87.301000	60.008276	-0.015724	0.843805	0.004061	0.832142	60.000000
87.197000	60.008643	-0.016422	0.844196	0.003385	0.831159	60.000000
87.096000	60.008940	-0.016987	0.844593	0.038803	0.866409	60.000000
86.999000	60.012213	-0.023205	0.844987	-0.003446	0.818336	60.000000
86.898000	60.011911	-0.022630	0.845548	0.035781	0.858698	60.000000
86.797000	60.015053	-0.028601	0.846095	0.050185	0.867679	60.000000
86.697000	60.019417	-0.036892	0.846779	0.061308	0.871195	60.000000
86.597000	60.024748	-0.047022	0.847662	0.075139	0.875779	60.000000
86.497000	60.031282	-0.059436	0.848787	0.014584	0.803935	60.000000
86.401000	60.032499	-0.061749	0.850152	0.006774	0.795176	60.000000
86.298000	60.033106	-0.062902	0.851673	-0.001422	0.787349	60.000000
86.199000	60.032984	-0.062669	0.853163	-0.056243	0.734251	60.000000
86.095000	60.027897	-0.053005	0.854722	-0.159864	0.641853	60.000000
85.997000	60.014274	-0.027121	0.855965	-0.077289	0.751555	60.000000
85.897000	60.007553	-0.014352	0.856614	-0.014433	0.827829	60.000000
85.800000	60.006336	-0.012038	0.856947	-0.000545	0.844363	60.000000
85.695000	60.006286	-0.011944	0.857249	0.088555	0.933860	60.000000
85.596000	60.013910	-0.026428	0.857532	0.165470	0.996573	60.000000
85.495000	60.028442	-0.054040	0.858171	0.041896	0.846026	60.000000
85.397000	60.032012	-0.060824	0.859438	0.006219	0.804833	60.000000
85.296000	60.032559	-0.061861	0.860907	0.029494	0.828540	60.000000
85.204000	60.034918	-0.066345	0.862269	0.018698	0.814622	60.000000
85.100000	60.036609	-0.069557	0.863919	0.037880	0.832242	60.000000
84.995000	60.040068	-0.076129	0.865667	0.078710	0.868248	60.000000
84.896000	60.046844	-0.089003	0.867470	0.017033	0.795500	60.000000
84.798000	60.048295	-0.091761	0.869556	-0.082289	0.695506	60.000000
84.694000	60.040853	-0.077621	0.871839	-0.038328	0.755890	60.000000
84.596000	60.037587	-0.071416	0.873659	-0.020877	0.781367	60.000000
84.499000	60.035826	-0.068070	0.875317	-0.152245	0.655002	60.000000
84.397000	60.022323	-0.042413	0.876978	-0.190267	0.644297	60.000000
84.296000	60.005612	-0.010663	0.878002	-0.190142	0.677197	60.000000
84.197000	59.989244	0.020437	0.878255	-0.070926	0.827767	60.000000
84.096000	59.983014	0.032273	0.877761	0.012810	0.922843	60.000000
83.998000	59.984106	0.030198	0.877005	0.014993	0.922196	60.000000
83.901000	59.985371	0.027796	0.876304	0.029952	0.934051	60.000000
83.799000	59.988027	0.022748	0.875625	0.079664	0.978038	60.000000
83.697000	59.995093	0.009323	0.875070	0.065943	0.950336	60.000000
83.597000	60.000827	-0.001572	0.874847	0.010687	0.883962	60.000000
83.499000	60.001738	-0.003302	0.874884	0.007465	0.879047	60.000000
83.396000	60.002407	-0.004573	0.874966	-0.121921	0.748472	60.000000
83.298000	59.992017	0.015168	0.875073	-0.106849	0.783392	60.000000
83.196000	59.982540	0.033174	0.874703	-0.062474	0.845403	60.000000
83.096000	59.977107	0.043496	0.873909	-0.059382	0.858023	60.000000
82.999000	59.972098	0.053013	0.872900	-0.017719	0.908193	60.000000
82.901000	59.970588	0.055882	0.871657	0.030305	0.957844	60.000000
82.798000	59.973303	0.050725	0.870280	-0.022147	0.898858	60.000000
82.701000	59.971435	0.054274	0.869103	0.001525	0.924902	60.000000
82.610000	59.971555	0.054045	0.867921	-0.021926	0.900040	60.000000
82.518000	59.969801	0.057378	0.866732	-0.036209	0.887900	60.000000
82.424000	59.966842	0.063001	0.865441	-0.086011	0.842432	60.000000
82.332000	59.959961	0.076075	0.864055	-0.088498	0.851631	60.000000
82.241000	59.952958	0.089380	0.862398	0.030410	0.982189	60.000000
82.145000	59.955496	0.084557	0.860346	-0.003755	0.941148	60.000000
82.053000	59.955196	0.085127	0.858485	-0.022436	0.921176	60.000000
81.960000	59.953382	0.088575	0.856591	0.044806	0.989972	60.000000
81.867000	59.957005	0.081690	0.854620	-0.021825	0.914485	60.000000
81.775000	59.955259	0.085008	0.852822	0.114434	1.052264	60.000000
81.681000	59.964613	0.067236	0.850910	0.086765	1.004911	60.000000
81.589000	59.971554	0.054047	0.849431	0.114649	1.018127	60.000000
81.431000	59.987306	0.024119	0.847388	0.146357	1.017864	60.000000
81.339000	59.999014	0.001873	0.846857	0.098056	0.946786	60.000000
81.246000	60.006944	-0.013194	0.846815	0.073135	0.906757	60.000000
81.166000	60.012032	-0.022860	0.847068	0.126453	0.950660	60.000000
80.997000	60.030615	-0.058168	0.847992	0.060058	0.849882	60.000000
80.896000	60.035889	-0.068190	0.849397	-0.044989	0.736219	60.000000
80.797000	60.032017	-0.060831	0.851012	-0.080445	0.709736	60.000000
80.700000	60.025231	-0.047939	0.852424	0.043226	0.847711	60.000000
80.597000	60.029103	-0.055295	0.853605	0.049301	0.847611	60.000000
80.498000	60.033347	-0.063359	0.854915	-0.011748	0.779808	60.000000
80.397000	60.032315	-0.061399	0.856446	-0.073967	0.721080	60.000000
80.301000	60.026141	-0.049667	0.857856	-0.114020	0.694169	60.000000
80.210000	60.017118	-0.032524	0.858937	-0.147227	0.679186	60.000000
80.097000	60.002651	-0.005038	0.859816	-0.068137	0.786642	60.000000
79.997000	59.996727	0.006220	0.859937	-0.003420	0.862736	60.000000
79.896000	59.996426	0.006790	0.859787	0.085483	0.952060	60.000000
79.796000	60.003859	-0.007333	0.859624	0.160359	1.012650	60.000000
79.697000	60.017664	-0.033562	0.859798	0.224240	1.050476	60.000000
79.597000	60.037163	-0.070610	0.860601	0.125887	0.915877	60.000000
79.498000	60.048001	-0.091201	0.862273	0.024302	0.795374	60.000000
79.395000	60.050177	-0.095337	0.864521	-0.091877	0.677307	60.000000
79.295000	60.042188	-0.080157	0.866801	-0.130014	0.656631	60.000000
79.198000	60.031222	-0.059321	0.868661	-0.120560	0.688781	60.000000
79.097000	60.020633	-0.039203	0.870095	-0.115354	0.715537	60.000000
78.998000	60.010703	-0.020335	0.871023	-0.097399	0.753289	60.000000
78.900000	60.002403	-0.004565	0.871500	-0.064689	0.802246	60.000000
78.799000	59.996721	0.006230	0.871610	-0.043106	0.834734	60.000000
78.696000	59.992860	0.013565	0.871457	-0.034009	0.851014	60.000000
78.600000	59.990021	0.018959	0.871145	-0.002722	0.887383	60.000000
78.498000	59.989780	0.019418	0.870683	0.002822	0.892923	60.000000
78.398000	59.990025	0.018952	0.870218	-6.107689E-5	0.889109	60.000000
78.297000	59.990020	0.018962	0.869760	-0.015840	0.872883	60.000000
78.201000	59.988698	0.021474	0.869325	0.008563	0.899362	60.000000
78.096000	59.989480	0.019989	0.868785	-0.048635	0.840139	60.000000
77.999000	59.985377	0.027783	0.868321	-0.040961	0.855144	60.000000
77.899000	59.981816	0.034550	0.867657	-0.056876	0.845331	60.000000
77.799000	59.976870	0.043947	0.866830	0.023316	0.934094	60.000000
77.698000	59.978918	0.040057	0.865768	-0.048382	0.857443	60.000000
77.596000	59.974626	0.048210	0.864791	0.005008	0.918009	60.000000
77.499000	59.975049	0.047407	0.863672	0.035455	0.946534	60.000000
77.399000	59.978132	0.041550	0.862538	0.032371	0.936458	60.000000
77.296000	59.981031	0.036041	0.861514	0.017807	0.915362	60.000000
77.199000	59.982533	0.033187	0.860678	0.005488	0.899353	60.000000
77.097000	59.983020	0.032262	0.859868	-0.027454	0.864676	60.000000
77.001000	59.980728	0.036617	0.859127	0.040266	0.936010	60.000000
76.901000	59.984229	0.029964	0.858251	0.093912	0.982127	60.000000
76.796000	59.992804	0.013672	0.857498	-0.030267	0.840903	60.000000
76.697000	59.990198	0.018623	0.857174	0.077873	0.953670	60.000000
76.598000	59.996902	0.005886	0.856733	0.040188	0.902807	60.000000
76.498000	60.000397	-0.000754	0.856593	-0.002005	0.853834	60.000000
76.400000	60.000226	-0.000429	0.856610	-0.005591	0.850590	60.000000
76.300000	59.999740	0.000494	0.856620	0.052755	0.909869	60.000000
76.197000	60.004465	-0.008483	0.856608	0.076641	0.924766	60.000000
76.099000	60.010996	-0.020892	0.856807	-0.027073	0.808842	60.000000
75.999000	60.008642	-0.016419	0.857307	-0.059189	0.781699	60.000000
75.899000	60.003495	-0.006640	0.857700	-0.003676	0.847383	60.000000
75.806000	60.003198	-0.006075	0.857848	-0.058232	0.793540	60.000000
75.708000	59.998235	0.003353	0.857990	-0.009529	0.851814	60.000000
75.613000	59.997448	0.004849	0.857914	0.006755	0.869518	60.000000
75.521000	59.997988	0.003822	0.857807	-0.021017	0.840612	60.000000
75.435000	59.996417	0.006808	0.857728	0.025151	0.889687	60.000000
75.341000	59.998473	0.002902	0.857575	0.052020	0.912497	60.000000
75.246000	60.002770	-0.005263	0.857509	0.063611	0.915857	60.000000
75.153000	60.007914	-0.015037	0.857626	0.037682	0.880272	60.000000
75.044000	60.011486	-0.021823	0.858019	0.014897	0.851093	60.000000
74.955000	60.012638	-0.024013	0.858483	-0.013441	0.821029	60.000000
74.862000	60.011552	-0.021948	0.859017	0.004283	0.841352	60.000000
74.767000	60.011905	-0.022620	0.859516	-0.016047	0.820849	60.000000
74.598000	60.009547	-0.018140	0.860431	0.008323	0.850614	60.000000
74.498000	60.010271	-0.019515	0.860865	-0.004765	0.836585	60.000000
74.398000	60.009857	-0.018727	0.861332	-0.001424	0.841180	60.000000
74.297000	60.009731	-0.018490	0.861784	-0.026847	0.816447	60.000000
74.201000	60.007490	-0.014231	0.862209	-0.017627	0.830351	60.000000
74.102000	60.005973	-0.011348	0.862546	0.024187	0.875384	60.000000
73.998000	60.008160	-0.015504	0.862828	0.002088	0.849412	60.000000
73.898000	60.008342	-0.015849	0.863199	0.018781	0.866131	60.000000
73.798000	60.009975	-0.018952	0.863578	0.000688	0.845314	60.000000
73.699000	60.010034	-0.019065	0.864027	-0.014142	0.830820	60.000000
73.600000	60.008817	-0.016752	0.864479	-0.009914	0.837814	60.000000
73.502000	60.007972	-0.015147	0.864871	0.034180	0.883905	60.000000
73.396000	60.011122	-0.021133	0.865256	-0.081601	0.762522	60.000000
73.297000	60.004098	-0.007785	0.865756	-0.080767	0.777204	60.000000
73.204000	59.997566	0.004625	0.865929	0.014211	0.884765	60.000000
73.111000	59.998715	0.002441	0.865826	0.079984	0.948252	60.000000
73.017000	60.005253	-0.009981	0.865771	-0.037128	0.818662	60.000000
72.923000	60.002218	-0.004215	0.865996	0.055577	0.917359	60.000000
72.829000	60.006761	-0.012846	0.866091	-0.010526	0.842718	60.000000
72.737000	60.005919	-0.011246	0.866373	-0.024686	0.830442	60.000000
72.644000	60.003923	-0.007453	0.866624	-0.135275	0.723896	60.000000
72.553000	59.993218	0.012885	0.866786	-0.189489	0.690182	60.000000
72.460000	59.977894	0.042001	0.866499	-0.042568	0.865932	60.000000
72.367000	59.974452	0.048541	0.865565	0.009846	0.923952	60.000000
72.198000	59.975899	0.045792	0.863602	0.073600	0.982994	60.000000
72.100000	59.982171	0.033875	0.862529	0.052999	0.949403	60.000000
71.999000	59.986826	0.025031	0.861710	-0.024550	0.862191	60.000000
71.900000	59.984712	0.029047	0.861117	-0.014968	0.875196	60.000000
71.798000	59.983385	0.031569	0.860408	-0.040689	0.851289	60.000000
71.699000	59.979882	0.038225	0.859661	-0.071579	0.826306	60.000000
71.600000	59.973720	0.049932	0.858755	-0.057787	0.850901	60.000000
71.498000	59.968594	0.059671	0.857537	-0.020568	0.896640	60.000000
71.397000	59.966788	0.063103	0.856095	-0.044900	0.874298	60.000000
71.301000	59.963040	0.070224	0.854646	0.003354	0.928224	60.000000
71.198000	59.963340	0.069654	0.852916	0.022724	0.945293	60.000000
71.100000	59.965277	0.065974	0.851283	0.009448	0.926705	60.000000
70.997000	59.966123	0.064367	0.849657	-0.027004	0.887019	60.000000
70.899000	59.963822	0.068739	0.848148	0.059729	0.976616	60.000000
70.799000	59.969015	0.058871	0.846503	0.012668	0.918042	60.000000
70.701000	59.970095	0.056820	0.845123	-0.040229	0.861714	60.000000
70.596000	59.966422	0.063798	0.843696	0.046266	0.953760	60.000000
70.500000	59.970284	0.056460	0.842231	0.024910	0.923601	60.000000
70.408000	59.972277	0.052674	0.840988	0.014766	0.908428	60.000000
70.314000	59.973484	0.050381	0.839803	0.019969	0.910153	60.000000
70.217000	59.975168	0.047181	0.838634	0.067696	0.953510	60.000000
70.102000	59.981938	0.034319	0.837336	0.093406	0.965061	60.000000
69.998000	59.990385	0.018269	0.836482	0.083434	0.938185	60.000000
69.899000	59.997567	0.004622	0.836050	0.047251	0.887923	60.000000
69.799000	60.001676	-0.003185	0.835939	0.014095	0.846849	60.000000
69.700000	60.002890	-0.005490	0.836015	0.066927	0.897451	60.000000
69.597000	60.008884	-0.016879	0.836150	0.188785	1.008055	60.000000
69.500000	60.024807	-0.047134	0.836541	0.107920	0.897327	60.000000
69.400000	60.034192	-0.064964	0.837669	0.079838	0.852543	60.000000
69.298000	60.041273	-0.078419	0.839254	0.108765	0.869600	60.000000
69.200000	60.050542	-0.096029	0.841093	0.053666	0.798730	60.000000
69.100000	60.055208	-0.104896	0.843390	0.100676	0.839171	60.000000
68.997000	60.064225	-0.122028	0.845975	0.059008	0.782954	60.000000
68.899000	60.069254	-0.131582	0.848836	0.058588	0.775841	60.000000
68.798000	60.074399	-0.141359	0.852015	0.048321	0.758977	60.000000
68.700000	60.078517	-0.149183	0.855329	0.012703	0.718850	60.000000
68.596000	60.079666	-0.151365	0.859041	-0.085055	0.622621	60.000000
68.497000	60.072344	-0.137453	0.862626	-0.107602	0.617571	60.000000
68.396000	60.062894	-0.119498	0.865947	-0.122972	0.623477	60.000000
68.298000	60.052414	-0.099587	0.868749	-0.113851	0.655311	60.000000
68.202000	60.042910	-0.081529	0.871036	-0.022359	0.767148	60.000000
68.096000	60.040849	-0.077614	0.873104	-0.047335	0.748155	60.000000
67.999000	60.036857	-0.070028	0.874905	-0.136536	0.668341	60.000000
67.898000	60.024865	-0.047244	0.876597	-0.124910	0.704443	60.000000
67.801000	60.014329	-0.027226	0.877693	-0.114707	0.735760	60.000000
67.699000	60.004155	-0.007895	0.878358	-0.008256	0.862206	60.000000
67.598000	60.003430	-0.006518	0.878548	0.002156	0.874187	60.000000
67.499000	60.003616	-0.006870	0.878703	-0.011907	0.859925	60.000000
67.400000	60.002591	-0.004923	0.878865	-0.006240	0.867703	60.000000
67.310000	60.002103	-0.003995	0.878971	0.006910	0.881886	60.000000
67.220000	60.002643	-0.005022	0.879057	-0.040657	0.833378	60.000000
67.126000	59.999320	0.001292	0.879170	0.074048	0.954510	60.000000
67.033000	60.005308	-0.010086	0.879142	0.019890	0.888946	60.000000
66.942000	60.006882	-0.013076	0.879361	-0.033261	0.833024	60.000000
66.850000	60.004221	-0.008021	0.879649	-0.073439	0.798189	60.000000
66.760000	59.998474	0.002900	0.879822	-0.022083	0.860638	60.000000
66.666000	59.996669	0.006329	0.879756	-0.054404	0.831682	60.000000
66.500000	59.988816	0.021250	0.879505	-0.014923	0.885832	60.000000
66.398000	59.987492	0.023765	0.878987	-0.018784	0.883968	60.000000
66.298000	59.985859	0.026868	0.878418	0.026752	0.932038	60.000000
66.197000	59.988208	0.022404	0.877769	0.003604	0.903777	60.000000
66.099000	59.988515	0.021821	0.877244	-6.294646E-5	0.899001	60.000000
66.001000	59.988510	0.021831	0.876732	-0.019566	0.878997	60.000000
65.902000	59.986826	0.025031	0.876215	-0.035096	0.866150	60.000000
65.799000	59.983682	0.031004	0.875598	0.001389	0.907991	60.000000
65.698000	59.983804	0.030772	0.874849	0.032355	0.937976	60.000000
65.597000	59.986646	0.025373	0.874105	-0.037215	0.862263	60.000000
65.498000	59.983442	0.031460	0.873505	0.000755	0.905719	60.000000
65.402000	59.983505	0.031340	0.872782	-0.015865	0.888257	60.000000
65.301000	59.982112	0.033987	0.872025	0.011473	0.917485	60.000000
65.210000	59.983020	0.032262	0.871285	-0.024771	0.878776	60.000000
65.098000	59.980607	0.036846	0.870420	0.035393	0.942660	60.000000
64.998000	59.983685	0.030999	0.869539	-0.053143	0.847395	60.000000
64.900000	59.979156	0.039603	0.868812	-0.046295	0.862120	60.000000
64.795000	59.974929	0.047634	0.867817	-0.061002	0.854449	60.000000
64.696000	59.969678	0.057612	0.866689	-0.067270	0.857031	60.000000
64.596000	59.963828	0.068726	0.865311	-0.074387	0.859650	60.000000
64.498000	59.957489	0.080770	0.863700	-0.043304	0.901167	60.000000
64.397000	59.953686	0.087996	0.861748	-0.021787	0.927957	60.000000
64.295000	59.951754	0.091668	0.859601	0.026535	0.977804	60.000000
64.198000	59.953992	0.087416	0.857473	-0.002767	0.942122	60.000000
64.096000	59.953746	0.087882	0.855340	0.063738	1.006961	60.000000
63.999000	59.959123	0.077667	0.853301	-0.001391	0.929577	60.000000
63.897000	59.958999	0.077901	0.851406	0.042426	0.971733	60.000000
63.799000	59.962615	0.071032	0.849579	0.007711	0.928322	60.000000
63.700000	59.963278	0.069771	0.847897	-0.016994	0.900674	60.000000
63.598000	59.961771	0.072635	0.846194	-0.014674	0.904155	60.000000
63.499000	59.960508	0.075035	0.844474	0.060569	0.980078	60.000000
63.397000	59.965880	0.064828	0.842643	0.098531	1.006002	60.000000
63.297000	59.974448	0.048549	0.841092	0.067332	0.956973	60.000000
63.197000	59.980303	0.037424	0.839931	0.092799	0.970155	60.000000
63.099000	59.988211	0.022399	0.839053	0.050363	0.911816	60.000000
62.997000	59.992678	0.013912	0.838507	0.044848	0.897267	60.000000
62.898000	59.996539	0.006576	0.838177	0.002764	0.847517	60.000000
62.797000	59.996782	0.006115	0.838018	0.018768	0.862902	60.000000
62.697000	59.998414	0.003014	0.837872	-0.046543	0.794343	60.000000
62.597000	59.994366	0.010704	0.837800	-0.021061	0.827443	60.000000
62.498000	59.992553	0.014149	0.837547	0.021762	0.873457	60.000000
62.399000	59.994427	0.010589	0.837211	0.123149	0.970950	60.000000
62.298000	60.005242	-0.009961	0.836956	0.109292	0.936287	60.000000
62.196000	60.014936	-0.028379	0.837199	0.032409	0.841229	60.000000
62.097000	60.017726	-0.033680	0.837871	0.022339	0.826530	60.000000
61.997000	60.019669	-0.037370	0.838676	0.043222	0.844528	60.000000
61.899000	60.023352	-0.044369	0.839553	0.042765	0.837949	60.000000
61.798000	60.027108	-0.051505	0.840625	0.044848	0.833968	60.000000
61.697000	60.031047	-0.058989	0.841869	0.039635	0.822515	60.000000
61.597000	60.034493	-0.065537	0.843280	-0.057508	0.720236	60.000000
61.499000	60.029592	-0.056226	0.844817	-0.022339	0.766252	60.000000
61.399000	60.027650	-0.052535	0.846162	-0.123410	0.670217	60.000000
61.302000	60.017241	-0.032757	0.847381	-0.116709	0.697915	60.000000
61.200000	60.006889	-0.013089	0.848180	-0.122755	0.712336	60.000000
61.098000	59.996001	0.007598	0.848500	-0.103093	0.753005	60.000000
60.999000	59.987126	0.024460	0.848320	-0.025724	0.847057	60.000000
60.899000	59.984889	0.028710	0.847735	0.045772	0.922217	60.000000
60.799000	59.988869	0.021148	0.847048	-0.030187	0.838009	60.000000
60.698000	59.986218	0.026185	0.846537	-0.002953	0.869769	60.000000
60.604000	59.985977	0.026644	0.845948	0.019708	0.892300	60.000000
60.509000	59.987605	0.023551	0.845342	0.048432	0.917325	60.000000
60.420000	59.991353	0.016429	0.844841	-0.008612	0.852658	60.000000
60.331000	59.990687	0.017696	0.844491	-0.026529	0.835658	60.000000
60.242000	59.988633	0.021597	0.844114	0.017506	0.883217	60.000000
60.151000	59.990019	0.018964	0.843644	0.047881	0.910489	60.000000
60.045000	59.994432	0.010579	0.843163	0.047496	0.901239	60.000000
59.956000	59.998108	0.003595	0.842938	0.009823	0.856356	60.000000
59.864000	59.998894	0.002102	0.842859	-0.021011	0.823950	60.000000
59.699000	59.995879	0.007830	0.842776	-0.014399	0.836207	60.000000
59.598000	59.994614	0.010233	0.842587	0.058053	0.910872	60.000000
59.500000	59.999561	0.000833	0.842347	-0.018396	0.824784	60.000000
59.402000	59.997994	0.003812	0.842327	0.073518	0.919657	60.000000
59.298000	60.004642	-0.008821	0.842233	0.081481	0.914893	60.000000
59.198000	60.011728	-0.022283	0.842444	0.058281	0.878442	60.000000
59.100000	60.016694	-0.031719	0.842966	0.123426	0.934673	60.000000
59.003000	60.027105	-0.051500	0.843702	0.071072	0.863274	60.000000
58.901000	60.033409	-0.063477	0.844959	0.078402	0.859884	60.000000
58.798000	60.040431	-0.076819	0.846523	0.021768	0.791472	60.000000
58.699000	60.042305	-0.080379	0.848342	-0.023654	0.744309	60.000000
58.599000	60.040248	-0.076471	0.850265	-0.042752	0.731042	60.000000
58.503000	60.036679	-0.069690	0.852021	-0.075176	0.707155	60.000000
58.402000	60.030077	-0.057146	0.853705	-0.092806	0.703753	60.000000
58.297000	60.021603	-0.041046	0.855141	0.039347	0.853442	60.000000
58.198000	60.024990	-0.047482	0.856113	0.025542	0.834173	60.000000
58.100000	60.027167	-0.051617	0.857226	0.015884	0.821493	60.000000
57.999000	60.028562	-0.054268	0.858473	0.061060	0.865265	60.000000
57.901000	60.033765	-0.064154	0.859746	-0.039201	0.756390	60.000000
57.798000	60.030254	-0.057483	0.861327	-0.018861	0.784982	60.000000
57.699000	60.028631	-0.054398	0.862688	-0.067600	0.740690	60.000000
57.600000	60.022811	-0.043341	0.863976	-0.112112	0.708523	60.000000
57.500000	60.013062	-0.024818	0.865013	-0.092635	0.747560	60.000000
57.400000	60.005007	-0.009513	0.865607	-0.080431	0.775663	60.000000
57.298000	59.997873	0.004041	0.865839	-0.070209	0.799671	60.000000
57.201000	59.991951	0.015293	0.865745	-0.076868	0.804171	60.000000
57.099000	59.985133	0.028247	0.865372	-0.094443	0.799176	60.000000
56.999000	59.976921	0.043850	0.864696	-0.087593	0.820954	60.000000
56.900000	59.969380	0.058178	0.863658	-0.105470	0.816365	60.000000
56.800000	59.960209	0.075603	0.862266	-0.076942	0.860928	60.000000
56.699000	59.953451	0.088442	0.860439	-0.095080	0.853802	60.000000
56.604000	59.945597	0.103366	0.858429	-0.054591	0.907204	60.000000
56.501000	59.940708	0.112656	0.855882	-0.074239	0.894299	60.000000
56.400000	59.934187	0.125044	0.853160	-0.086176	0.892028	60.000000
56.301000	59.926769	0.139139	0.850199	0.028392	1.017729	60.000000
56.201000	59.929238	0.134448	0.846870	0.026828	1.008146	60.000000
56.100000	59.931594	0.129972	0.843621	-0.055853	0.917740	60.000000
56.003000	59.926883	0.138923	0.840605	-0.048404	0.931123	60.000000
55.897000	59.922421	0.147400	0.837082	-0.034052	0.950430	60.000000
55.797000	59.919460	0.153026	0.833556	-0.060804	0.925778	60.000000
55.701000	59.914384	0.162670	0.830041	-0.042879	0.949832	60.000000
55.604000	59.910768	0.169542	0.826267	0.061972	1.057780	60.000000
55.501000	59.916318	0.158996	0.822089	-0.029616	0.951468	60.000000
55.398000	59.913666	0.164035	0.818171	0.032579	1.014785	60.000000
55.302000	59.916385	0.158868	0.814404	0.007603	0.980875	60.000000
55.202000	59.917046	0.157612	0.810603	0.053058	1.021273	60.000000
55.113000	59.921153	0.149810	0.807247	0.032106	0.989163	60.000000
55.003000	59.924224	0.143975	0.803305	-0.044061	0.903220	60.000000
54.896000	59.920124	0.151764	0.799619	0.025478	0.976861	60.000000
54.798000	59.922295	0.147639	0.796061	-0.002162	0.941538	60.000000
54.701000	59.922113	0.147986	0.792635	0.063306	1.003927	60.000000
54.600000	59.927673	0.137422	0.789059	0.162584	1.089065	60.000000
54.501000	59.941669	0.110829	0.785805	0.067403	0.964036	60.000000
54.399000	59.947647	0.099470	0.783100	0.002107	0.884677	60.000000
54.298000	59.947832	0.099118	0.780697	-0.074387	0.805428	60.000000
54.200000	59.941493	0.111163	0.778373	-0.063749	0.825787	60.000000
54.102000	59.936061	0.121484	0.775767	0.041473	0.938724	60.000000
54.000000	59.939739	0.114495	0.772802	-0.001943	0.885355	60.000000
53.896000	59.939564	0.114829	0.769954	-0.027618	0.857165	60.000000
53.798000	59.937210	0.119301	0.767261	-0.033757	0.852805	60.000000
53.699000	59.934304	0.124822	0.764436	-0.068683	0.820575	60.000000
53.602000	59.928511	0.135829	0.761539	-0.067322	0.830047	60.000000
53.501000	59.922598	0.147063	0.758257	-0.063137	0.842184	60.000000
53.401000	59.917108	0.157495	0.754739	-0.010795	0.901438	60.000000
53.298000	59.916141	0.159332	0.750858	0.065882	0.976072	60.000000
53.198000	59.921870	0.148447	0.747046	0.043984	0.939477	60.000000
53.100000	59.925618	0.141325	0.743566	0.063138	0.948029	60.000000
52.999000	59.931163	0.130790	0.740151	0.008337	0.879278	60.000000
52.898000	59.931896	0.129398	0.736991	-0.080965	0.785425	60.000000
52.802000	59.925137	0.142240	0.734019	-0.029531	0.846728	60.000000
52.708000	59.922723	0.146826	0.730821	-0.037341	0.840306	60.000000
52.600000	59.919216	0.153489	0.727027	-0.001283	0.879234	60.000000
52.499000	59.919103	0.153703	0.723318	-0.025045	0.851976	60.000000
52.399000	59.916926	0.157841	0.719641	-0.037199	0.840283	60.000000
52.300000	59.913723	0.163926	0.715903	0.006277	0.886105	60.000000
52.200000	59.914269	0.162889	0.711981	0.016996	0.891865	60.000000
52.102000	59.915717	0.160137	0.708162	0.033723	0.902022	60.000000
51.997000	59.918796	0.154287	0.704140	0.024336	0.882762	60.000000
51.897000	59.920913	0.150266	0.700449	-0.022447	0.828267	60.000000
51.798000	59.918980	0.153938	0.696890	-0.019447	0.831380	60.000000
51.698000	59.917289	0.157151	0.693207	0.002130	0.852488	60.000000
51.601000	59.917469	0.156809	0.689560	0.043166	0.889535	60.000000
51.503000	59.921147	0.149820	0.685884	0.026467	0.862171	60.000000
51.398000	59.923564	0.145229	0.682120	0.048201	0.875550	60.000000
51.300000	59.927671	0.137424	0.678715	0.021316	0.837456	60.000000
51.199000	59.929543	0.133867	0.675395	-0.026941	0.782321	60.000000
51.101000	59.927248	0.138230	0.672256	-0.062770	0.747716	60.000000
50.997000	59.921571	0.149015	0.668817	-0.028040	0.789792	60.000000
50.898000	59.919157	0.153601	0.665288	-0.060224	0.758665	60.000000
50.800000	59.914025	0.163353	0.661687	-0.068053	0.756986	60.000000
50.698000	59.907989	0.174821	0.657700	-0.018811	0.813710	60.000000
50.602000	59.906419	0.177805	0.653685	-0.033062	0.798428	60.000000
50.497000	59.903400	0.183540	0.649219	-0.072923	0.759836	60.000000
50.399000	59.897186	0.195347	0.644916	-0.048431	0.791832	60.000000
50.300000	59.893016	0.203269	0.640289	-0.076781	0.766777	60.000000
50.206000	59.886740	0.215193	0.635718	-0.082647	0.768264	60.000000
50.096000	59.878835	0.230214	0.630055	-0.112977	0.747292	60.000000
49.999000	59.869306	0.248320	0.624713	-0.127238	0.745794	60.000000
49.898000	59.858131	0.269552	0.618713	-0.123202	0.765063	60.000000
49.800000	59.847632	0.289500	0.612393	-0.152769	0.749124	60.000000
49.700000	59.834347	0.314740	0.605467	-0.132583	0.787625	60.000000
49.599000	59.822703	0.336864	0.597862	-0.143667	0.791059	60.000000
49.498000	59.810085	0.360838	0.589723	-0.168210	0.782351	60.000000
49.401000	59.795897	0.387795	0.581349	-0.169348	0.799797	60.000000
49.301000	59.781171	0.415774	0.572072	-0.136751	0.851095	60.000000
49.200000	59.769161	0.438594	0.562026	-0.130741	0.869878	60.000000
49.097000	59.757451	0.460843	0.551218	-0.165826	0.846235	60.000000
49.002000	59.743753	0.486870	0.540745	-0.182712	0.844903	60.000000
48.899000	59.727388	0.517963	0.528748	-0.170679	0.876031	60.000000
48.801000	59.712843	0.545598	0.516604	-0.186744	0.875458	60.000000
48.701000	59.696605	0.576451	0.503551	-0.210898	0.869105	60.000000
48.596000	59.677349	0.613038	0.489071	-0.155147	0.946962	60.000000
48.498000	59.664127	0.638158	0.474698	-0.170632	0.942224	60.000000
48.400000	59.649587	0.665786	0.459737	-0.221412	0.904110	60.000000
48.300000	59.630333	0.702367	0.443809	-0.188630	0.957546	60.000000
48.201000	59.614095	0.733220	0.427174	-0.212354	0.948040	60.000000
48.099000	59.595260	0.769006	0.409282	-0.248108	0.930180	60.000000
47.998000	59.573469	0.810408	0.390701	-0.234911	0.966198	60.000000
47.899000	59.553247	0.848831	0.371507	-0.212534	1.007805	60.000000
47.803000	59.535505	0.882541	0.352012	-0.178115	1.056438	60.000000
47.704000	59.520171	0.911674	0.331110	-0.158211	1.084573	60.000000
47.614000	59.507790	0.935200	0.311481	-0.210639	1.036042	60.000000
47.501000	59.487092	0.974525	0.286199	-0.200744	1.059980	60.000000
47.400000	59.469462	1.008023	0.262652	-0.215783	1.054892	60.000000
47.300000	59.450698	1.043674	0.238536	-0.216601	1.065610	60.000000
47.200000	59.431863	1.079460	0.213568	-0.171105	1.121923	60.000000
47.101000	59.417133	1.107447	0.188002	-0.163117	1.132332	60.000000
47.001000	59.402949	1.134397	0.161508	-0.134699	1.161206	60.000000
46.899000	59.391002	1.157097	0.133826	-0.105913	1.185011	60.000000
46.800000	59.381884	1.174420	0.106422	-0.096629	1.184213	60.000000
46.698000	59.373313	1.190705	0.077764	-0.096067	1.172401	60.000000
46.599000	59.365043	1.206418	0.049563	-0.127498	1.128482	60.000000
46.501000	59.354178	1.227061	0.021278	-0.132069	1.116271	60.000000
46.399000	59.342464	1.249318	-0.008665	-0.130315	1.110338	60.000000
46.301000	59.331359	1.270418	-0.037955	-0.110442	1.122021	60.000000
46.213000	59.322908	1.286475	-0.064700	-0.121157	1.100618	60.000000
46.099000	59.310898	1.309294	-0.099786	-0.154920	1.054588	60.000000
46.000000	59.297561	1.334634	-0.130796	-0.035782	1.168057	60.000000
45.901000	59.294481	1.340487	-0.162405	0.018059	1.196140	60.000000
45.801000	59.296051	1.337503	-0.194475	-0.032673	1.110355	60.000000
45.699000	59.293153	1.343009	-0.227112	0.082553	1.198450	60.000000
45.599000	59.300332	1.329370	-0.259241	0.066005	1.136134	60.000000
45.499000	59.306071	1.318465	-0.291045	-0.065235	0.962185	60.000000
45.399000	59.300399	1.329242	-0.322587	-0.160031	0.846625	60.000000
45.304000	59.287179	1.354360	-0.352797	-0.219985	0.781579	60.000000
45.197000	59.266711	1.393250	-0.387466	-0.213835	0.791949	60.000000
45.098000	59.248302	1.428226	-0.420464	-0.178800	0.828961	60.000000
44.999000	59.232910	1.457471	-0.454290	-0.205379	0.797802	60.000000
44.901000	59.215408	1.490725	-0.488461	-0.213034	0.789230	60.000000
44.799000	59.196513	1.526626	-0.524837	-0.348520	0.653269	60.000000
44.699000	59.166207	1.584207	-0.561359	-0.310947	0.711901	60.000000
44.597000	59.138627	1.636608	-0.600017	-0.315189	0.721403	60.000000
44.499000	59.111768	1.687642	-0.638387	-0.263636	0.785618	60.000000
44.400000	59.089072	1.730763	-0.678358	-0.351245	0.701160	60.000000
44.301000	59.058834	1.788215	-0.719350	-0.351586	0.717279	60.000000
44.208000	59.030402	1.842237	-0.759135	-0.201870	0.881232	60.000000
44.100000	59.011443	1.878257	-0.806734	-0.230870	0.840654	60.000000
43.999000	58.991167	1.916783	-0.852117	-0.380428	0.684238	60.000000
43.899000	58.958086	1.979636	-0.897973	-0.428386	0.653276	60.000000
43.800000	58.921208	2.049705	-0.944860	-0.388631	0.716214	60.000000
43.703000	58.888428	2.111987	-0.992425	-0.396477	0.723085	60.000000
43.599000	58.852573	2.180112	-1.044971	-0.326897	0.808244	60.000000
43.499000	58.824147	2.234121	-1.097127	-0.495012	0.641982	60.000000
43.400000	58.781533	2.315088	-1.150041	-0.576918	0.588129	60.000000
43.300000	58.731366	2.410405	-1.205426	-0.444493	0.760486	60.000000
43.201000	58.693101	2.483108	-1.262514	-0.708145	0.512449	60.000000
43.102000	58.632139	2.598936	-1.321325	-0.636036	0.641576	60.000000
43.003000	58.577384	2.702970	-1.382878	-0.650967	0.669124	60.000000
42.900000	58.519080	2.813748	-1.449483	-0.597676	0.766589	60.000000
42.800000	58.467108	2.912494	-1.516797	-0.743943	0.651754	60.000000
42.701000	58.403065	3.034177	-1.585777	-0.740909	0.707491	60.000000
42.600000	58.337994	3.157812	-1.659091	-0.812365	0.686356	60.000000
42.499000	58.266647	3.293371	-1.735392	-0.820560	0.737419	60.000000
42.404000	58.198861	3.422163	-1.810242	-0.703626	0.908295	60.000000
42.301000	58.135841	3.541902	-1.894568	-0.759702	0.887632	60.000000
42.211000	58.076386	3.654866	-1.970829	-0.846731	0.837307	60.000000
42.100000	57.994658	3.810149	-2.067884	-0.898299	0.843966	60.000000
41.999000	57.915764	3.960049	-2.159947	-0.900937	0.899164	60.000000
41.901000	57.838988	4.105922	-2.252791	-1.100874	0.752258	60.000000
41.802000	57.744217	4.285987	-2.350036	-1.137558	0.798393	60.000000
41.704000	57.647278	4.470172	-2.450521	-1.190643	0.829008	60.000000
41.600000	57.539602	4.674755	-2.561740	-1.244609	0.868406	60.000000
41.501000	57.432458	4.878330	-2.672458	-1.254300	0.951572	60.000000
41.400000	57.322297	5.087635	-2.790332	-1.283550	1.013753	60.000000
41.300000	57.210684	5.299700	-2.912046	-1.349336	1.038318	60.000000
41.202000	57.095697	5.518175	-3.036297	-1.302950	1.178927	60.000000
41.102000	56.982398	5.733445	-3.168311	-1.370601	1.194533	60.000000
41.000000	56.860831	5.964420	-3.308217	-1.387518	1.268685	60.000000
40.900000	56.740177	6.193663	-3.450907	-1.411071	1.331685	60.000000
40.802000	56.619929	6.422134	-3.596118	-1.369140	1.456876	60.000000
40.697000	56.494921	6.659650	-3.757439	-1.421930	1.480281	60.000000
40.598000	56.372511	6.892228	-3.915168	-1.436544	1.540516	60.000000
40.503000	56.253841	7.117703	-4.071809	-1.401788	1.644106	60.000000
40.400000	56.128289	7.356251	-4.247198	-1.463379	1.645674	60.000000
40.302000	56.003584	7.593191	-4.419665	-1.377454	1.796072	60.000000
40.212000	55.895783	7.798012	-4.583154	-1.369541	1.845317	60.000000
40.098000	55.760020	8.055963	-4.795828	-1.466896	1.793239	60.000000
40.000000	55.635015	8.293471	-4.984699	-1.459901	1.848871	60.000000
39.902000	55.510606	8.529848	-5.179139	-1.384819	1.965890	60.000000
39.802000	55.390187	8.758645	-5.383203	-1.375442	2.000000	60.000000
39.699000	55.266995	8.992709	-5.598424	-1.411906	1.982378	60.000000
39.599000	55.144221	9.225980	-5.813561	-1.430020	1.982399	60.000000
39.499000	55.019871	9.462245	-6.034279	-1.446449	1.981518	60.000000
39.400000	54.895351	9.698834	-6.258385	-1.512082	1.928367	60.000000
39.303000	54.767810	9.941161	-6.483452	-1.457708	2.000000	60.000000
39.199000	54.635983	10.191633	-6.712522	-1.549207	1.929904	60.000000
39.101000	54.503963	10.442470	-6.951465	-1.491005	2.000000	60.000000
39.001000	54.374311	10.688810	-7.184017	-1.578691	1.926102	60.000000
38.904000	54.241151	10.941813	-7.432060	-1.528442	1.981311	60.000000
38.801000	54.104256	11.201914	-7.701679	-1.520341	1.979894	60.000000
38.700000	53.970730	11.455612	-7.972347	-1.487489	1.995777	60.000000
38.600000	53.841384	11.701371	-8.246404	-1.454967	2.000000	60.000000
38.499000	53.713599	11.944161	-8.457678	-1.486484	2.000000	60.000000
38.400000	53.585632	12.187298	-8.722304	-1.473165	1.991829	60.000000
38.301000	53.458812	12.428257	-9.010951	-1.417306	2.000000	60.000000
38.198000	53.331871	12.669444	-9.114801	-1.554644	2.000000	60.000000
38.110000	53.212907	12.895477	-9.340876	-1.554601	2.000000	60.000000
38.001000	53.065558	13.175440	-9.657442	-1.517997	2.000000	60.000000
37.902000	52.934878	13.423731	-9.895918	-1.527813	2.000000	60.000000
37.799000	52.798039	13.683725	-10.159873	-1.539309	1.984543	60.000000
37.702000	52.668202	13.930417	-10.477414	-1.453002	2.000000	60.000000
37.600000	52.539327	14.175279	-10.673573	-1.501706	2.000000	60.000000
37.499000	52.407438	14.425868	-10.895892	-1.529977	2.000000	60.000000
37.401000	52.277057	14.673592	-11.157807	-1.515785	2.000000	60.000000
37.297000	52.139978	14.934042	-11.344016	-1.590026	2.000000	60.000000
37.201000	52.007245	15.186235	-11.662627	-1.523607	2.000000	60.000000
37.101000	51.874758	15.437961	-11.874263	-1.563698	2.000000	60.000000
37.004000	51.742863	15.688561	-12.127348	-1.561213	2.000000	60.000000
36.902000	51.604390	15.951658	-12.422979	-1.599927	1.928752	60.000000
36.800000	51.462484	16.221281	-12.812231	-1.409050	2.000000	60.000000
36.703000	51.343633	16.447097	-12.975815	-1.471282	2.000000	60.000000
36.601000	51.213137	16.695040	-13.187740	-1.507300	2.000000	60.000000
36.503000	51.084689	16.939091	-13.470833	-1.468258	2.000000	60.000000
36.403000	50.957014	17.181673	-13.647152	-1.534520	2.000000	60.000000
36.300000	50.819574	17.442809	-13.930897	-1.511912	2.000000	60.000000
36.204000	50.693363	17.682610	-14.138129	-1.544481	2.000000	60.000000
36.104000	50.559060	17.937786	-14.499393	-1.438393	2.000000	60.000000
36.000000	50.428980	18.184939	-14.602559	-1.582379	2.000000	60.000000
35.902000	50.294133	18.441147	-14.852756	-1.588390	2.000000	60.000000
35.800000	50.153250	18.708826	-15.145257	-1.563568	2.000000	60.000000
35.699000	50.015928	18.969737	-15.377279	-1.592458	2.000000	60.000000
35.601000	49.880222	19.227577	-15.683030	-1.544547	2.000000	60.000000
35.502000	49.747257	19.480211	-15.935671	-1.544540	2.000000	60.000000
35.400000	49.610263	19.740501	-16.211646	-1.528855	2.000000	60.000000
35.299000	49.475990	19.995619	-16.417567	-1.578052	2.000000	60.000000
35.200000	49.340140	20.253734	-16.742617	-1.511117	2.000000	60.000000
35.099000	49.207425	20.505893	-16.909511	-1.596382	2.000000	60.000000
35.002000	49.072773	20.761731	-17.204777	-1.556954	2.000000	60.000000
34.901000	48.936032	21.021540	-17.445738	-1.575802	2.000000	60.000000
34.803000	48.801747	21.276681	-17.718948	-1.557734	2.000000	60.000000
34.700000	48.662228	21.541768	-17.949077	-1.592690	2.000000	60.000000
34.600000	48.523733	21.804907	-18.223590	-1.581318	2.000000	60.000000
34.502000	48.388977	22.060943	-18.487140	-1.573803	2.000000	60.000000
34.400000	48.249387	22.326164	-18.771550	-1.554614	2.000000	60.000000
34.300000	48.114204	22.583013	-19.037258	-1.545755	2.000000	60.000000
34.204000	47.985167	22.828183	-19.263826	-1.564356	2.000000	60.000000
34.114000	47.862739	23.060796	-19.475005	-1.585791	2.000000	60.000000
34.002000	47.708297	23.354236	-19.789865	-1.564371	2.000000	60.000000
33.897000	47.565463	23.625621	-19.980854	-1.644767	2.000000	60.000000
33.800000	47.426730	23.889213	-20.321708	-1.567505	2.000000	60.000000
33.701000	47.291788	24.145602	-20.576676	-1.568927	2.000000	60.000000
33.605000	47.160817	24.394448	-20.835334	-1.559114	2.000000	60.000000
33.502000	47.021175	24.659768	-21.112559	-1.547209	2.000000	60.000000
33.400000	46.883944	24.920507	-21.302460	-1.618047	2.000000	60.000000
33.299000	46.741837	25.190509	-21.513048	-1.677461	2.000000	60.000000
33.201000	46.598888	25.462112	-21.819628	-1.642484	2.000000	60.000000
33.101000	46.456064	25.733479	-22.070862	-1.662616	2.000000	60.000000
33.003000	46.314380	26.002678	-22.378389	-1.624289	2.000000	60.000000
32.902000	46.171725	26.273722	-22.641739	-1.631983	2.000000	60.000000
32.800000	46.026975	26.548747	-22.949026	-1.599721	2.000000	60.000000
32.701000	45.889260	26.810406	-23.205921	-1.604485	2.000000	60.000000
32.601000	45.749740	27.075494	-23.504287	-1.571207	2.000000	60.000000
32.501000	45.613113	27.335085	-23.783215	-1.551870	2.000000	60.000000
32.401000	45.478167	27.591482	-24.056971	-1.534511	2.000000	60.000000
32.312000	45.359410	27.817121	-24.266427	-1.550694	2.000000	60.000000
32.228000	45.246142	28.032331	-24.463852	-1.568479	2.000000	60.000000
32.140000	45.126119	28.260373	-24.657981	-1.602392	2.000000	60.000000
32.034000	44.978421	28.541001	-24.910287	-1.630714	2.000000	60.000000
31.950000	44.859307	28.767316	-25.171131	-1.596185	2.000000	60.000000
31.867000	44.744104	28.986202	-25.427747	-1.558455	2.000000	60.000000
31.700000	44.517790	29.416199	-25.793768	-1.622431	2.000000	60.000000
31.600000	44.376709	29.684253	-25.993573	-1.690680	2.000000	60.000000
31.499000	44.228223	29.966377	-26.301657	-1.664720	2.000000	60.000000
31.399000	44.083465	30.241417	-26.605665	-1.635752	2.000000	60.000000
31.301000	43.944070	30.506267	-26.897097	-1.609170	2.000000	60.000000
31.200000	43.802743	30.774788	-27.167641	-1.607147	2.000000	60.000000
31.104000	43.668581	31.029696	-27.481669	-1.548028	2.000000	60.000000
31.000000	43.528586	31.295687	-27.730669	-1.565018	2.000000	60.000000
30.900000	43.392497	31.554256	-28.018005	-1.536251	2.000000	60.000000
30.802000	43.261582	31.802995	-28.221588	-1.581407	2.000000	60.000000
30.703000	43.125443	32.061658	-28.396945	-1.664713	2.000000	60.000000
30.602000	42.979238	32.339448	-28.666286	-1.673161	2.000000	60.000000
30.504000	42.836656	32.610354	-28.895364	-1.714991	2.000000	60.000000
30.401000	42.683052	32.902202	-29.416709	-1.485493	2.000000	60.000000
30.299000	42.551295	33.152539	-29.697431	-1.455108	2.000000	60.000000
30.204000	42.431091	33.380927	-29.694730	-1.686197	2.000000	60.000000
30.102000	42.281532	33.665089	-30.131603	-1.533485	2.000000	60.000000
29.998000	42.142852	33.928582	-30.314523	-1.614059	2.000000	60.000000
29.901000	42.006709	34.187253	-30.597922	-1.589331	2.000000	60.000000
29.800000	41.867125	34.452463	-30.828945	-1.623518	2.000000	60.000000
29.701000	41.727361	34.718014	-31.130026	-1.587988	2.000000	60.000000
29.597000	41.583752	34.990872	-31.331885	-1.658987	2.000000	60.000000
29.502000	41.446705	35.251260	-31.691928	-1.559332	2.000000	60.000000
29.398000	41.305687	35.519195	-31.855721	-1.663474	2.000000	60.000000
29.301000	41.165376	35.785785	-32.160201	-1.625583	2.000000	60.000000
29.200000	41.022608	36.057045	-32.385435	-1.671610	2.000000	60.000000
29.100000	40.877251	36.333223	-32.682297	-1.650926	2.000000	60.000000
28.999000	40.732256	36.608713	-32.930440	-1.678274	2.000000	60.000000
28.902000	40.590698	36.877674	-33.295756	-1.581918	2.000000	60.000000
28.806000	40.458642	37.128581	-33.571191	-1.557390	2.000000	60.000000
28.700000	40.315091	37.401327	-33.818940	-1.582387	2.000000	60.000000
28.600000	40.177492	37.662764	-34.156512	-1.506253	2.000000	60.000000
28.499000	40.045204	37.914113	-34.387333	-1.526780	2.000000	60.000000
28.401000	39.915096	38.161318	-34.595380	-1.565939	2.000000	60.000000
28.303000	39.781651	38.414863	-34.940979	-1.473885	2.000000	60.000000
28.203000	39.653487	38.658376	-35.178167	-1.480209	2.000000	60.000000
28.099000	39.519625	38.912713	-35.361549	-1.551164	2.000000	60.000000
27.999000	39.384740	39.168993	-35.587481	-1.581512	2.000000	60.000000
27.902000	39.251344	39.422447	-35.945056	-1.477391	2.000000	60.000000
27.800000	39.120305	39.671420	-36.169610	-1.501810	2.000000	60.000000
27.702000	38.992325	39.914583	-36.269029	-1.645554	2.000000	60.000000
27.604000	38.852095	40.181019	-36.697773	-1.483246	2.000000	60.000000
27.499000	38.716668	40.438331	-36.923130	-1.515201	2.000000	60.000000
27.401000	38.587547	40.683661	-37.160011	-1.523651	2.000000	60.000000
27.302000	38.456380	40.932878	-37.451736	-1.481141	2.000000	60.000000
27.201000	38.326298	41.180035	-37.713518	-1.466516	2.000000	60.000000
27.098000	38.194949	41.429598	-37.848284	-1.581313	2.000000	60.000000
27.002000	38.062944	41.680407	-38.234760	-1.445647	2.000000	60.000000
26.901000	37.935978	41.921642	-38.463858	-1.457784	2.000000	60.000000
26.799000	37.806679	42.167310	-38.648527	-1.518783	2.000000	60.000000
26.701000	37.677252	42.413221	-38.975607	-1.437614	2.000000	60.000000
26.599000	37.549742	42.655490	-39.207137	-1.448353	2.000000	60.000000
26.502000	37.427577	42.887604	-39.446938	-1.440666	2.000000	60.000000
26.403000	37.303554	43.123247	-39.799338	-1.323909	2.000000	60.000000
26.301000	37.186129	43.346355	-40.009333	-1.337022	2.000000	60.000000
26.200000	37.068704	43.569463	-40.152684	-1.416779	2.000000	60.000000
26.110000	36.957825	43.780132	-40.358750	-1.421382	2.000000	60.000000
26.003000	36.825575	44.031408	-40.660087	-1.371320	2.000000	60.000000
25.900000	36.702752	44.264771	-40.874049	-1.390722	2.000000	60.000000
25.803000	36.585448	44.487649	-41.200277	-1.287372	2.000000	60.000000
25.701000	36.471264	44.704599	-41.409043	-1.295557	2.000000	60.000000
25.603000	36.360860	44.914367	-41.723058	-1.191309	2.000000	60.000000
25.501000	36.255196	45.115128	-41.842817	-1.272311	2.000000	60.000000
25.403000	36.146773	45.321132	-42.160173	-1.160958	2.000000	60.000000
25.301000	36.043801	45.516779	-42.383110	-1.133668	2.000000	60.000000
25.201000	35.945221	45.704080	-42.508025	-1.196056	2.000000	60.000000
25.105000	35.845376	45.893786	-42.819967	-1.073819	2.000000	60.000000
25.000000	35.747332	46.080069	-42.987140	-1.092929	2.000000	60.000000
24.901000	35.653245	46.258835	-43.211857	-1.046978	2.000000	60.000000
24.803000	35.564024	46.428354	-43.487467	-0.940887	2.000000	60.000000
24.704000	35.483026	46.582250	-43.518322	-1.063928	2.000000	60.000000
24.601000	35.387735	46.763303	-43.739322	-1.023981	2.000000	60.000000
24.501000	35.298694	46.932482	-44.072340	-0.860142	2.000000	60.000000
24.400000	35.223150	47.076014	-44.126069	-0.949945	2.000000	60.000000
24.301000	35.141372	47.231392	-44.317256	-0.914136	2.000000	60.000000
24.200000	35.061088	47.383934	-44.496739	-0.887195	2.000000	60.000000
24.102000	34.985483	47.527582	-44.649461	-0.878121	2.000000	60.000000
24.000000	34.907598	47.675564	-44.811599	-0.863965	2.000000	60.000000
23.902000	34.833973	47.815452	-45.048255	-0.767196	2.000000	60.000000
23.802000	34.767260	47.942206	-45.163572	-0.778634	2.000000	60.000000
23.703000	34.700230	48.069564	-45.384272	-0.685291	2.000000	60.000000
23.600000	34.638852	48.186182	-45.523176	-0.663006	2.000000	60.000000
23.503000	34.582928	48.292436	-45.419023	-0.873413	2.000000	60.000000
23.401000	34.505460	48.439625	-45.281843	-1.157783	2.000000	60.000000
23.301000	34.404784	48.630911	-45.957440	-0.673471	2.000000	60.000000
23.201000	34.346221	48.742180	-46.540507	-0.201674	2.000000	60.000000
23.098000	34.328158	48.776500	-46.917366	0.140866	2.000000	60.000000
23.000000	34.340162	48.753692	-47.285978	0.532286	2.000000	60.000000
22.902000	34.385522	48.667508	-47.385711	0.718203	2.000000	60.000000
22.804000	34.446726	48.551221	-47.618305	1.067084	2.000000	60.000000
22.703000	34.540444	48.373157	-47.872608	1.499452	2.000000	60.000000
22.614000	34.656488	48.152673	-48.224856	2.072183	2.000000	60.000000
22.514000	34.836678	47.810312	-47.194656	1.384343	2.000000	60.000000
22.402000	34.971501	47.554149	-45.772564	0.218415	2.000000	60.000000
22.305000	34.989924	0.000000	0.000000	0.000000	0.000000	60.000000
22.205000	35.007448	0.000000	0.000000	0.000000	0.000000	60.000000
22.099000	35.025510	0.000000	0.000000	0.000000	0.000000	60.000000
22.002000	35.043562	0.000000	0.000000	0.000000	0.000000	60.000000
21.903000	35.060853	0.000000	0.000000	0.000000	0.000000	60.000000
21.801000	35.079213	0.000000	0.000000	0.000000	0.000000	60.000000
21.702000	35.094694	0.000000	0.000000	0.000000	0.000000	60.000000
21.605000	35.112026	0.000000	0.000000	0.000000	0.000000	60.000000
21.499000	35.128832	0.000000	0.000000	0.000000	0.000000	60.000000
21.401000	35.142747	0.000000	0.000000	0.000000	0.000000	60.000000
21.302000	35.157630	0.000000	0.000000	0.000000	0.000000	60.000000
21.203000	35.176771	0.000000	0.000000	0.000000	0.000000	60.000000
21.107000	35.190445	0.000000	0.000000	0.000000	0.000000	60.000000
21.003000	35.207191	0.000000	0.000000	0.000000	0.000000	60.000000
20.901000	35.222015	0.000000	0.000000	0.000000	0.000000	60.000000
20.800000	35.237075	0.000000	0.000000	0.000000	0.000000	60.000000
20.702000	35.252311	0.000000	0.000000	0.000000	0.000000	60.000000
20.602000	35.267856	0.000000	0.000000	0.000000	0.000000	60.000000
20.502000	35.287476	0.000000	0.000000	0.000000	0.000000	60.000000
20.402000	35.305837	0.000000	0.000000	0.000000	0.000000	60.000000
20.304000	35.323354	0.000000	0.000000	0.000000	0.000000	60.000000
20.199000	35.341962	0.000000	0.000000	0.000000	0.000000	60.000000
20.104000	35.362420	0.000000	0.000000	0.000000	0.000000	60.000000
20.001000	35.383000	0.000000	0.000000	0.000000	0.000000	60.000000
19.901000	35.396803	0.000000	0.000000	0.000000	0.000000	60.000000
19.802000	35.413598	0.000000	0.000000	0.000000	0.000000	60.000000
19.699000	35.430521	0.000000	0.000000	0.000000	0.000000	60.000000
19.601000	35.448396	0.000000	0.000000	0.000000	0.000000	60.000000
19.503000	35.472162	0.000000	0.000000	0.000000	0.000000	60.000000
19.402000	35.491909	0.000000	0.000000	0.000000	0.000000	60.000000
19.303000	35.510087	0.000000	0.000000	0.000000	0.000000	60.000000
19.201000	35.524125	0.000000	0.000000	0.000000	0.000000	60.000000
19.102000	35.541706	0.000000	0.000000	0.000000	0.000000	60.000000
19.002000	35.555507	0.000000	0.000000	0.000000	0.000000	60.000000
18.902000	35.571768	0.000000	0.000000	0.000000	0.000000	60.000000
18.803000	35.589286	0.000000	0.000000	0.000000	0.000000	60.000000
18.702000	35.609744	0.000000	0.000000	0.000000	0.000000	60.000000
18.599000	35.629006	0.000000	0.000000	0.000000	0.000000	60.000000
18.503000	35.643227	0.000000	0.000000	0.000000	0.000000	60.000000
18.404000	35.655467	0.000000	0.000000	0.000000	0.000000	60.000000
18.302000	35.670233	0.000000	0.000000	0.000000	0.000000	60.000000
18.202000	35.689076	0.000000	0.000000	0.000000	0.000000	60.000000
18.104000	35.705506	0.000000	0.000000	0.000000	0.000000	60.000000
18.000000	35.714211	0.000000	0.000000	0.000000	0.000000	60.000000
17.903000	35.726635	0.000000	0.000000	0.000000	0.000000	60.000000
17.800000	35.727055	0.000000	0.000000	0.000000	0.000000	60.000000
17.701000	35.715595	0.000000	0.000000	0.000000	0.000000	60.000000
17.600000	35.692190	0.000000	0.000000	0.000000	0.000000	60.000000
17.504000	35.660991	0.000000	0.000000	0.000000	0.000000	60.000000
17.400000	35.620726	0.000000	0.000000	0.000000	0.000000	60.000000
17.302000	35.716914	0.000000	0.000000	0.000000	0.000000	60.000000
17.200000	35.867156	0.000000	0.000000	0.000000	0.000000	60.000000
17.106000	35.842737	0.000000	0.000000	0.000000	0.000000	60.000000
17.002000	35.844303	0.000000	0.000000	0.000000	0.000000	60.000000
16.904000	35.971322	0.000000	0.000000	0.000000	0.000000	60.000000
16.799000	36.020771	0.000000	0.000000	0.000000	0.000000	60.000000
16.700000	35.983145	0.000000	0.000000	0.000000	0.000000	60.000000
16.603000	36.040572	0.000000	0.000000	0.000000	0.000000	60.000000
16.507000	36.199275	0.000000	0.000000	0.000000	0.000000	60.000000
16.427000	36.310394	0.000000	0.000000	0.000000	0.000000	60.000000
16.347000	36.328997	0.000000	0.000000	0.000000	0.000000	60.000000
16.266000	36.349042	0.000000	0.000000	0.000000	0.000000	60.000000
16.100000	36.393380	0.000000	0.000000	0.000000	0.000000	60.000000
16.001000	36.418460	0.000000	0.000000	0.000000	0.000000	60.000000
15.903000	36.444194	0.000000	0.000000	0.000000	0.000000	60.000000
15.799000	36.474627	0.000000	0.000000	0.000000	0.000000	60.000000
15.702000	36.496585	0.000000	0.000000	0.000000	0.000000	60.000000
15.601000	36.522686	0.000000	0.000000	0.000000	0.000000	60.000000
15.502000	36.547643	0.000000	0.000000	0.000000	0.000000	60.000000
15.402000	36.569363	0.000000	0.000000	0.000000	0.000000	60.000000
15.304000	36.585571	0.000000	0.000000	0.000000	0.000000	60.000000
15.199000	36.606449	0.000000	0.000000	0.000000	0.000000	60.000000
15.105000	36.620792	0.000000	0.000000	0.000000	0.000000	60.000000
15.003000	36.638668	0.000000	0.000000	0.000000	0.000000	60.000000
14.902000	36.650729	0.000000	0.000000	0.000000	0.000000	60.000000
14.800000	36.661646	0.000000	0.000000	0.000000	0.000000	60.000000
14.703000	36.670835	0.000000	0.000000	0.000000	0.000000	60.000000
14.604000	36.701734	0.000000	0.000000	0.000000	0.000000	60.000000
14.500000	36.744571	0.000000	0.000000	0.000000	0.000000	60.000000
14.403000	36.792398	0.000000	0.000000	0.000000	0.000000	60.000000
14.300000	36.816518	0.000000	0.000000	0.000000	0.000000	60.000000
14.202000	36.823057	0.000000	0.000000	0.000000	0.000000	60.000000
14.107000	36.830735	0.000000	0.000000	0.000000	0.000000	60.000000
14.005000	36.843279	0.000000	0.000000	0.000000	0.000000	60.000000
13.898000	36.848264	0.000000	0.000000	0.000000	0.000000	60.000000
13.800000	36.837035	0.000000	0.000000	0.000000	0.000000	60.000000
13.702000	36.813339	0.000000	0.000000	0.000000	0.000000	60.000000
13.600000	36.767132	0.000000	0.000000	0.000000	0.000000	60.000000
13.502000	36.699989	0.000000	0.000000	0.000000	0.000000	60.000000
13.403000	36.674069	0.000000	0.000000	0.000000	0.000000	60.000000
13.300000	36.668966	0.000000	0.000000	0.000000	0.000000	60.000000
13.202000	36.699930	0.000000	0.000000	0.000000	0.000000	60.000000
13.101000	36.773796	0.000000	0.000000	0.000000	0.000000	60.000000
13.003000	36.849519	0.000000	0.000000	0.000000	0.000000	60.000000
12.901000	36.838895	0.000000	0.000000	0.000000	0.000000	60.000000
12.804000	36.754893	0.000000	0.000000	0.000000	0.000000	60.000000
12.705000	36.782620	0.000000	0.000000	0.000000	0.000000	60.000000
12.602000	36.883062	0.000000	0.000000	0.000000	0.000000	60.000000
12.502000	36.944378	0.000000	0.000000	0.000000	0.000000	60.000000
12.402000	37.003302	0.000000	0.000000	0.000000	0.000000	60.000000
12.299000	37.085988	0.000000	0.000000	0.000000	0.000000	60.000000
12.206000	37.147490	0.000000	0.000000	0.000000	0.000000	60.000000
12.104000	37.263533	0.000000	0.000000	0.000000	0.000000	60.000000
11.999000	37.489919	0.000000	0.000000	0.000000	0.000000	60.000000
11.900000	37.610586	0.000000	0.000000	0.000000	0.000000	60.000000
11.801000	37.686192	0.000000	0.000000	0.000000	0.000000	60.000000
11.702000	37.739651	0.000000	0.000000	0.000000	0.000000	60.000000
11.601000	37.778773	0.000000	0.000000	0.000000	0.000000	60.000000
11.502000	37.804815	0.000000	0.000000	0.000000	0.000000	60.000000
11.400000	37.828753	0.000000	0.000000	0.000000	0.000000	60.000000
11.302000	37.856115	0.000000	0.000000	0.000000	0.000000	60.000000
11.207000	37.873884	0.000000	0.000000	0.000000	0.000000	60.000000
11.105000	37.900580	0.000000	0.000000	0.000000	0.000000	60.000000
10.999000	37.920745	0.000000	0.000000	0.000000	0.000000	60.000000
10.899000	37.933340	0.000000	0.000000	0.000000	0.000000	60.000000
10.802000	37.963157	0.000000	0.000000	0.000000	0.000000	60.000000
10.703000	37.987160	0.000000	0.000000	0.000000	0.000000	60.000000
10.604000	38.007622	0.000000	0.000000	0.000000	0.000000	60.000000
10.501000	38.021779	0.000000	0.000000	0.000000	0.000000	60.000000
10.400000	38.047941	0.000000	0.000000	0.000000	0.000000	60.000000
10.300000	38.068706	0.000000	0.000000	0.000000	0.000000	60.000000
10.202000	38.085147	0.000000	0.000000	0.000000	0.000000	60.000000
10.103000	38.091388	0.000000	0.000000	0.000000	0.000000	60.000000
10.003000	38.091022	0.000000	0.000000	0.000000	0.000000	60.000000
9.906000	38.097027	0.000000	0.000000	0.000000	0.000000	60.000000
9.800000	38.103383	0.000000	0.000000	0.000000	0.000000	60.000000
9.701000	38.097385	0.000000	0.000000	0.000000	0.000000	60.000000
9.602000	38.091270	0.000000	0.000000	0.000000	0.000000	60.000000
9.500000	38.180485	0.000000	0.000000	0.000000	0.000000	60.000000
9.403000	38.248112	0.000000	0.000000	0.000000	0.000000	60.000000
9.304000	38.234971	0.000000	0.000000	0.000000	0.000000	60.000000
9.202000	38.194954	0.000000	0.000000	0.000000	0.000000	60.000000
9.102000	38.204247	0.000000	0.000000	0.000000	0.000000	60.000000
9.002000	38.095884	0.000000	0.000000	0.000000	0.000000	60.000000
8.899000	38.110049	0.000000	0.000000	0.000000	0.000000	60.000000
8.801000	38.369861	0.000000	0.000000	0.000000	0.000000	60.000000
8.704000	38.566182	0.000000	0.000000	0.000000	0.000000	60.000000
8.607000	38.520399	0.000000	0.000000	0.000000	0.000000	60.000000
8.503000	38.431113	0.000000	0.000000	0.000000	0.000000	60.000000
8.402000	38.515661	0.000000	0.000000	0.000000	0.000000	60.000000
8.301000	38.744817	0.000000	0.000000	0.000000	0.000000	60.000000
8.201000	38.976364	0.000000	0.000000	0.000000	0.000000	60.000000
8.104000	38.987641	0.000000	0.000000	0.000000	0.000000	60.000000
8.001000	38.983684	0.000000	0.000000	0.000000	0.000000	60.000000
7.902000	38.978584	0.000000	0.000000	0.000000	0.000000	60.000000
7.801000	38.970357	0.000000	0.000000	0.000000	0.000000	60.000000
7.703000	39.001564	0.000000	0.000000	0.000000	0.000000	60.000000
7.607000	39.024360	0.000000	0.000000	0.000000	0.000000	60.000000
7.505000	39.056880	0.000000	0.000000	0.000000	0.000000	60.000000
7.400000	39.090005	0.000000	0.000000	0.000000	0.000000	60.000000
7.301000	39.121445	0.000000	0.000000	0.000000	0.000000	60.000000
7.203000	39.157384	0.000000	0.000000	0.000000	0.000000	60.000000
7.104000	39.188167	0.000000	0.000000	0.000000	0.000000	60.000000
7.002000	39.216252	0.000000	0.000000	0.000000	0.000000	60.000000
6.903000	39.252913	0.000000	0.000000	0.000000	0.000000	60.000000
6.802000	39.285193	0.000000	0.000000	0.000000	0.000000	60.000000
6.702000	39.316993	0.000000	0.000000	0.000000	0.000000	60.000000
6.605000	39.350714	0.000000	0.000000	0.000000	0.000000	60.000000
6.505000	39.383954	0.000000	0.000000	0.000000	0.000000	60.000000
6.400000	39.422239	0.000000	0.000000	0.000000	0.000000	60.000000
6.301000	39.457937	0.000000	0.000000	0.000000	0.000000	60.000000
6.205000	39.488726	0.000000	0.000000	0.000000	0.000000	60.000000
6.103000	39.521354	0.000000	0.000000	0.000000	0.000000	60.000000
6.000000	39.555805	0.000000	0.000000	0.000000	0.000000	60.000000
5.904000	39.590242	0.000000	0.000000	0.000000	0.000000	60.000000
5.804000	39.620191	0.000000	0.000000	0.000000	0.000000	60.000000
5.702000	39.651626	0.000000	0.000000	0.000000	0.000000	60.000000
5.602000	39.690387	0.000000	0.000000	0.000000	0.000000	60.000000
5.501000	39.729031	0.000000	0.000000	0.000000	0.000000	60.000000
5.400000	39.756567	0.000000	0.000000	0.000000	0.000000	60.000000
5.304000	39.791314	0.000000	0.000000	0.000000	0.000000	60.000000
5.205000	39.822512	0.000000	0.000000	0.000000	0.000000	60.000000
5.103000	39.855033	0.000000	0.000000	0.000000	0.000000	60.000000
5.002000	39.888876	0.000000	0.000000	0.000000	0.000000	60.000000
4.902000	39.926135	0.000000	0.000000	0.000000	0.000000	60.000000
4.804000	39.963766	0.000000	0.000000	0.000000	0.000000	60.000000
4.702000	40.000841	0.000000	0.000000	0.000000	0.000000	60.000000
4.605000	40.030400	0.000000	0.000000	0.000000	0.000000	60.000000
4.500000	40.063985	0.000000	0.000000	0.000000	0.000000	60.000000
4.402000	40.104307	0.000000	0.000000	0.000000	0.000000	60.000000
4.303000	40.133558	0.000000	0.000000	0.000000	0.000000	60.000000
4.203000	40.172744	0.000000	0.000000	0.000000	0.000000	60.000000
4.103000	40.207836	0.000000	0.000000	0.000000	0.000000	60.000000
4.003000	40.242199	0.000000	0.000000	0.000000	0.000000	60.000000
3.905000	40.277530	0.000000	0.000000	0.000000	0.000000	60.000000
3.801000	40.309368	0.000000	0.000000	0.000000	0.000000	60.000000
3.703000	40.342722	0.000000	0.000000	0.000000	0.000000	60.000000
3.603000	40.378590	0.000000	0.000000	0.000000	0.000000	60.000000
3.503000	40.411759	0.000000	0.000000	0.000000	0.000000	60.000000
3.405000	40.445762	0.000000	0.000000	0.000000	0.000000	60.000000
3.307000	40.478927	0.000000	0.000000	0.000000	0.000000	60.000000
3.202000	40.516004	0.000000	0.000000	0.000000	0.000000	60.000000
3.101000	40.549949	0.000000	0.000000	0.000000	0.000000	60.000000
3.002000	40.585820	0.000000	0.000000	0.000000	0.000000	60.000000
2.900000	40.619828	0.000000	0.000000	0.000000	0.000000	60.000000
2.802000	40.652145	0.000000	0.000000	0.000000	0.000000	60.000000
2.706000	40.688386	0.000000	0.000000	0.000000	0.000000	60.000000
2.601000	40.722449	0.000000	0.000000	0.000000	0.000000	60.000000
2.502000	40.757302	0.000000	0.000000	0.000000	0.000000	60.000000
2.402000	40.792687	0.000000	0.000000	0.000000	0.000000	60.000000
2.305000	40.827241	0.000000	0.000000	0.000000	0.000000	60.000000
2.203000	40.865340	0.000000	0.000000	0.000000	0.000000	60.000000
2.104000	40.900728	0.000000	0.000000	0.000000	0.000000	60.000000
2.003000	40.936243	0.000000	0.000000	0.000000	0.000000	60.000000
1.904000	40.973077	0.000000	0.000000	0.000000	0.000000	60.000000
1.803000	41.005396	0.000000	0.000000	0.000000	0.000000	60.000000
1.704000	41.042357	0.000000	0.000000	0.000000	0.000000	60.000000
1.602000	41.079853	0.000000	0.000000	0.000000	0.000000	60.000000
1.502000	41.115127	0.000000	0.000000	0.000000	0.000000	60.000000
1.403000	41.151530	0.000000	0.000000	0.000000	0.000000	60.000000
1.301000	41.188011	0.000000	0.000000	0.000000	0.000000	60.000000
1.204000	41.227074	0.000000	0.000000	0.000000	0.000000	60.000000
1.101000	41.260059	0.000000	0.000000	0.000000	0.000000	60.000000
1.002000	41.297435	0.000000	0.000000	0.000000	0.000000	60.000000
0.902000	41.335844	0.000000	0.000000	0.000000	0.000000	60.000000
0.801000	41.373211	0.000000	0.000000	0.000000	0.000000	60.000000
0.700000	41.409814	0.000000	0.000000	0.000000	0.000000	60.000000
0.602000	41.444964	0.000000	0.000000	0.000000	0.000000	60.000000
0.501000	41.481012	0.000000	0.000000	0.000000	0.000000	60.000000
0.401000	41.519893	0.000000	0.000000	0.000000	0.000000	60.000000
0.302000	41.558052	0.000000	0.000000	0.000000	0.000000	60.000000
0.204000	41.591153	0.000000	0.000000	0.000000	0.000000	60.000000
0.101000	41.629984	0.000000	0.000000	0.000000	0.000000	60.000000
