# Zeit (s)	# Kanal 1 (V)	# Kanal 2 (V)	# D0-D7	
0.438	-0.00124996	-0.00124996	0
0.4385	-0.00124996	-0.00124996	0
0.439	-0.00749996	-0.00124996	0
0.4395	-0.00749996	-0.00124996	0
0.44	-0.00749996	-0.00124996	0
0.4405	-0.00124996	0.00500004	0
0.441	-0.00124996	-0.00124996	0
0.4415	-0.00124996	-0.00124996	0
0.442	-0.00124996	-0.00124996	0
0.4425	-0.00124996	-0.00124996	0
0.443	-0.00124996	-0.00124996	0
0.4435	-0.00124996	-0.00749996	0
0.444	-0.00124996	-0.00124996	0
0.4445	-0.00749996	-0.00749996	0
0.445	0.00500004	-0.00124996	0
0.4455	-0.00124996	-0.00124996	0
0.446	-0.00749996	-0.00749996	0
0.4465	-0.00124996	-0.00749996	0
0.447	-0.00749996	-0.00749996	0
0.4475	-0.00749996	-0.00749996	0
0.448	0.00500004	-0.00124996	0
0.4485	-0.00124996	-0.00124996	0
0.449	-0.00124996	-0.00124996	0
0.4495	-0.00124996	-0.00749996	0
0.45	-0.00124996	-0.00124996	0
0.4505	-0.00124996	-0.00749996	0
0.451	-0.00124996	-0.00749996	0
0.4515	-0.00124996	-0.00749996	0
0.452	-0.00124996	-0.00124996	0
0.4525	-0.00124996	-0.00749996	0
0.453	-0.00124996	-0.00124996	0
0.4535	-0.00124996	-0.00749996	0
0.454	-0.00124996	-0.00124996	0
0.4545	-0.00749996	-0.00124996	0
0.455	-0.00124996	-0.00124996	0
0.4555	-0.00124996	-0.00749996	0
0.456	-0.00124996	-0.00749996	0
0.4565	-0.00124996	-0.00124996	0
0.457	-0.00124996	-0.00749996	0
0.4575	-0.00749996	0.00500004	0
0.458	-0.00749996	-0.00749996	0
0.4585	-0.00749996	-0.00124996	0
0.459	-0.00124996	-0.00749996	0
0.4595	-0.00749996	-0.00124996	0
0.46	-0.00749996	-0.00749996	0
0.4605	-0.00749996	-0.00749996	0
0.461	-0.00749996	-0.00124996	0
0.4615	-0.00124996	-0.00124996	0
0.462	-0.00124996	-0.00124996	0
0.4625	-0.00124996	-0.00124996	0
0.463	-0.00124996	-0.00124996	0
0.4635	-0.00749996	-0.00749996	0
0.464	0.99875	0.98625	0
0.4645	0.99875	1.005	0
0.465	0.99875	0.99875	0
0.4655	0.9925	0.99875	0
0.466	0.9925	0.9925	0
0.4665	0.99875	0.99875	0
0.467	1.005	1.005	0
0.4675	1.005	0.99875	0
0.468	0.9925	0.99875	0
0.4685	0.99875	0.99875	0
0.469	0.9925	0.99875	0
0.4695	0.99875	0.99875	0
0.47	0.9925	0.99875	0
0.4705	0.99875	0.99875	0
0.471	1.005	0.9925	0
0.4715	0.9925	0.99875	0
0.472	0.99875	1.005	0
0.4725	0.9925	0.99875	0
0.473	0.9925	0.99875	0
0.4735	0.99875	1.005	0
0.474	0.99875	0.99875	0
0.4745	0.99875	0.99875	0
0.475	0.99875	0.99875	0
0.4755	1.005	1.005	0
0.476	0.99875	0.99875	0
0.4765	1.005	0.99875	0
0.477	0.99875	1.005	0
0.4775	0.99875	1.005	0
0.478	0.99875	1.005	0
0.4785	1.005	1.005	0
0.479	0.99875	0.99875	0
0.4795	1.005	0.99875	0
0.48	0.99875	0.99875	0
0.4805	1.005	1.005	0
0.481	0.99875	1.005	0
0.4815	0.99875	0.99875	0
0.482	0.9925	0.99875	0
0.4825	0.9925	0.99875	0
0.483	0.99875	0.99875	0
0.4835	1.005	0.99875	0
0.484	1.01125	1.005	0
0.4845	1.005	0.99875	0
0.485	0.99875	0.99875	0
0.4855	1.005	0.99875	0
0.486	0.99875	0.9925	0
0.4865	0.99875	0.9925	0
0.487	0.99875	0.99875	0
0.4875	0.99875	0.99875	0
0.488	0.99875	0.99875	0
0.4885	0.99875	0.99875	0
0.489	1.005	0.99875	0
0.4895	1.005	1.005	0
0.49	1.005	0.99875	0
0.4905	0.9925	0.99875	0
0.491	0.99875	1.005	0
0.4915	0.98625	0.99875	0
0.492	0.98625	0.99875	0
0.4925	0.99875	0.99875	0
0.493	0.9925	0.99875	0
0.4935	0.99875	0.99875	0
0.494	1.005	0.99875	0
0.4945	1.005	0.99875	0
0.495	0.99875	0.99875	0
0.4955	0.9925	0.99875	0
0.496	0.9925	1.005	0
0.4965	1.005	1.005	0
0.497	0.99875	0.99875	0
0.4975	0.99875	0.99875	0
0.498	0.9925	0.99875	0
0.4985	1.005	0.99875	0
0.499	0.99875	0.99875	0
0.4995	0.99875	1.005	0
0.5	0.98625	0.99875	0
0.5005	1.005	0.99875	0
0.501	1.005	1.005	0
0.5015	1.005	0.99875	0
0.502	0.99875	0.9925	0
0.5025	0.99875	0.99875	0
0.503	0.99875	0.99875	0
0.5035	1.005	1.005	0
0.504	0.99875	0.99875	0
0.5045	0.99875	1.005	0
0.505	0.9925	0.99875	0
0.5055	0.99875	0.99875	0
0.506	1.005	0.99875	0
0.5065	0.99875	1.005	0
0.507	0.9925	0.99875	0
0.5075	1.005	1.005	0
0.508	1.005	1.005	0
0.5085	0.99875	1.005	0
0.509	0.99875	1.005	0
0.5095	0.99875	0.99875	0
0.51	0.9925	0.99875	0
0.5105	0.99875	0.99875	0
0.511	0.99875	1.005	0
0.5115	0.99875	1.005	0
0.512	0.99875	0.99875	0
0.5125	0.99875	1.005	0
0.513	0.9925	0.9925	0
0.5135	0.99875	1.005	0
0.514	0.99875	0.99875	0
0.5145	0.9925	0.99875	0
0.515	0.99875	0.99875	0
0.5155	1.005	0.99875	0
0.516	0.99875	0.99875	0
0.5165	0.99875	1.005	0
0.517	0.99875	1.005	0
0.5175	0.99875	1.005	0
0.518	1.005	0.99875	0
0.5185	0.9925	1.005	0
0.519	0.9925	0.99875	0
0.5195	0.98625	0.99875	0
0.52	0.9925	0.99875	0
0.5205	0.99875	1.005	0
0.521	0.9925	0.99875	0
0.5215	0.9925	0.99875	0
0.522	0.99875	0.99875	0
0.5225	1.005	0.99875	0
0.523	0.99875	0.99875	0
0.5235	0.99875	1.005	0
0.524	0.99875	0.99875	0
0.5245	0.99875	0.99875	0
0.525	1.005	1.005	0
0.5255	1.005	0.99875	0
0.526	0.99875	0.99875	0
0.5265	0.99875	0.99875	0
0.527	0.99875	0.99875	0
0.5275	0.99875	0.99875	0
0.528	1.005	0.99875	0
0.5285	0.99875	1.005	0
0.529	1.005	0.99875	0
0.5295	0.99875	1.005	0
0.53	0.99875	0.99875	0
0.5305	0.99875	0.99875	0
0.531	0.99875	0.99875	0
0.5315	0.9925	0.99875	0
0.532	1.005	0.99875	0
0.5325	0.99875	1.005	0
0.533	0.99875	1.005	0
0.5335	0.99875	0.99875	0
0.534	0.99875	0.99875	0
0.5345	0.99875	0.99875	0
0.535	1.005	1.005	0
0.5355	0.99875	0.99875	0
0.536	0.99875	0.99875	0
0.5365	1.005	1.005	0
0.537	0.99875	0.99875	0
0.5375	0.99875	0.9925	0
0.538	0.99875	0.99875	0
0.5385	1.005	0.99875	0
0.539	0.99875	0.99875	0
0.5395	1.005	0.99875	0
0.54	0.99875	0.99875	0
0.5405	0.99875	0.99875	0
0.541	0.99875	0.99875	0
0.5415	1.005	1.005	0
0.542	0.99875	0.99875	0
0.5425	1.005	0.99875	0
0.543	0.9925	1.005	0
0.5435	1.005	0.99875	0
0.544	0.9925	1.005	0
0.5445	0.9925	0.99875	0
0.545	1.005	0.99875	0
0.5455	1.005	0.99875	0
0.546	0.99875	1.005	0
0.5465	1.005	0.99875	0
0.547	0.9925	1.005	0
0.5475	0.99875	0.9925	0
0.548	1.005	0.99875	0
0.5485	1.005	0.99875	0
0.549	0.9925	0.99875	0
0.5495	0.9925	1.005	0
0.55	0.98625	1.005	0
0.5505	0.99875	0.99875	0
0.551	0.99875	0.9925	0
0.5515	0.99875	1.005	0
0.552	1.005	0.99875	0
0.5525	1.005	1.005	0
0.553	1.005	1.005	0
0.5535	1.005	0.99875	0
0.554	1.005	0.99875	0
0.5545	0.99875	0.99875	0
0.555	0.99875	1.005	0
0.5555	1.005	0.99875	0
0.556	0.9925	0.99875	0
0.5565	1.005	1.005	0
0.557	1.005	0.99875	0
0.5575	1.01125	0.99875	0
0.558	0.99875	0.99875	0
0.5585	1.005	1.005	0
0.559	0.99875	0.99875	0
0.5595	0.99875	1.005	0
0.56	0.99875	0.99875	0
0.5605	1.005	1.005	0
0.561	0.98625	0.9925	0
0.5615	0.99875	1.005	0
0.562	1.005	0.9925	0
0.5625	0.99875	1.005	0
0.563	0.99875	0.99875	0
0.5635	0.99875	1.005	0
0.564	0.9925	0.99875	0
0.5645	1.005	0.99875	0
0.565	0.99875	0.99875	0
0.5655	0.99875	0.99875	0
0.566	0.9925	0.99875	0
0.5665	0.99875	1.005	0
0.567	0.99875	0.99875	0
0.5675	0.9925	0.99875	0
0.568	0.99875	0.99875	0
0.5685	0.9925	1.005	0
0.569	0.99875	1.005	0
0.5695	0.99875	1.005	0
0.57	0.9925	0.9925	0
0.5705	0.99875	1.005	0
0.571	0.9925	0.99875	0
0.5715	1.005	0.99875	0
0.572	0.99875	0.99875	0
0.5725	0.99875	0.99875	0
0.573	0.99875	0.99875	0
0.5735	0.99875	0.99875	0
0.574	1.005	0.9925	0
0.5745	0.9925	1.005	0
0.575	0.99875	0.99875	0
0.5755	1.005	0.99875	0
0.576	0.99875	0.99875	0
0.5765	0.99875	0.99875	0
0.577	1.005	0.99875	0
0.5775	0.99875	1.005	0
0.578	0.99875	0.99875	0
0.5785	0.99875	0.99875	0
0.579	1.005	1.005	0
0.5795	0.9925	1.005	0
0.58	0.9925	0.99875	0
0.5805	0.99875	1.005	0
0.581	0.99875	0.99875	0
0.5815	0.9925	0.99875	0
0.582	0.9925	0.99875	0
0.5825	0.99875	0.99875	0
0.583	0.9925	1.005	0
0.5835	0.99875	0.9925	0
0.584	0.99875	1.005	0
0.5845	0.99875	0.99875	0
0.585	0.99875	0.99875	0
0.5855	1.005	0.99875	0
0.586	1.005	1.005	0
0.5865	0.98625	0.9925	0
0.587	0.99875	1.005	0
0.5875	1.005	0.99875	0
0.588	0.99875	0.99875	0
0.5885	0.9925	0.99875	0
0.589	0.99875	0.99875	0
0.5895	0.9925	0.99875	0
0.59	0.99875	0.9925	0
0.5905	1.005	0.99875	0
0.591	0.99875	1.005	0
0.5915	0.99875	0.99875	0
0.592	0.99875	1.005	0
0.5925	0.99875	1.005	0
0.593	1.005	1.005	0
0.5935	0.99875	1.005	0
0.594	1.005	0.99875	0
0.5945	0.9925	0.99875	0
0.595	0.99875	0.99875	0
0.5955	0.99875	0.99875	0
0.596	0.99875	1.005	0
0.5965	0.99875	0.99875	0
0.597	0.99875	1.005	0
0.5975	0.99875	0.99875	0
0.598	0.99875	0.99875	0
0.5985	0.9925	0.99875	0
0.599	0.9925	0.99875	0
0.5995	0.99875	0.9925	0
0.6	0.99875	1.005	0
0.6005	0.99875	1.005	0
0.601	1.005	0.99875	0
0.6015	0.99875	0.9925	0
0.602	0.99875	1.005	0
0.6025	0.99875	1.005	0
0.603	1.005	1.005	0
0.6035	0.99875	0.9925	0
0.604	0.99875	0.99875	0
0.6045	0.9925	1.005	0
0.605	0.9925	0.99875	0
0.6055	0.9925	0.99875	0
0.606	0.99875	1.005	0
0.6065	0.98625	0.99875	0
0.607	0.9925	0.99875	0
0.6075	0.9925	0.99875	0
0.608	1.005	1.005	0
0.6085	0.99875	1.005	0
0.609	0.9925	1.005	0
0.6095	0.9925	0.99875	0
0.61	0.9925	1.005	0
0.6105	1.005	0.99875	0
0.611	1.005	0.99875	0
0.6115	1.005	1.005	0
0.612	0.99875	1.005	0
0.6125	1.005	0.99875	0
0.613	0.99875	0.9925	0
0.6135	0.99875	0.99875	0
0.614	1.01125	0.9925	0
0.6145	0.9925	0.9925	0
0.615	0.99875	1.005	0
0.6155	0.99875	1.005	0
0.616	0.9925	0.99875	0
0.6165	0.9925	0.99875	0
0.617	0.9925	1.005	0
0.6175	0.98625	0.99875	0
0.618	0.9925	0.99875	0
0.6185	1.005	1.005	0
0.619	0.99875	1.005	0
0.6195	0.99875	0.99875	0
0.62	1.005	0.9925	0
0.6205	1.005	0.99875	0
0.621	0.9925	0.99875	0
0.6215	0.9925	0.99875	0
0.622	1.005	0.99875	0
0.6225	0.98625	0.98625	0
0.623	0.98	0.98	0
0.6235	0.96125	0.9675	0
0.624	0.955	0.955	0
0.6245	0.9425	0.955	0
0.625	0.93625	0.9425	0
0.6255	0.92375	0.93	0
0.626	0.9175	0.92375	0
0.6265	0.905	0.91125	0
0.627	0.89875	0.905	0
0.6275	0.8925	0.8925	0
0.628	0.88	0.88625	0
0.6285	0.87375	0.88	0
0.629	0.86125	0.86125	0
0.6295	0.84875	0.855	0
0.63	0.84875	0.84875	0
0.6305	0.83625	0.83625	0
0.631	0.83	0.83	0
0.6315	0.8175	0.8175	0
0.632	0.81125	0.81125	0
0.6325	0.79875	0.805	0
0.633	0.79875	0.79875	0
0.6335	0.78625	0.78625	0
0.634	0.78	0.78	0
0.6345	0.77375	0.7675	0
0.635	0.76125	0.7675	0
0.6355	0.755	0.755	0
0.636	0.74875	0.74875	0
0.6365	0.73625	0.73625	0
0.637	0.73	0.73	0
0.6375	0.73	0.73	0
0.638	0.71125	0.7175	0
0.6385	0.705	0.705	0
0.639	0.69875	0.69875	0
0.6395	0.69875	0.705	0
0.64	0.68625	0.68625	0
0.6405	0.68625	0.68	0
0.641	0.67375	0.67375	0
0.6415	0.66125	0.6675	0
0.642	0.655	0.66125	0
0.6425	0.655	0.655	0
0.643	0.6425	0.6425	0
0.6435	0.63625	0.63625	0
0.644	0.63	0.63	0
0.6445	0.62375	0.63	0
0.645	0.62375	0.6175	0
0.6455	0.605	0.61125	0
0.646	0.605	0.61125	0
0.6465	0.59875	0.605	0
0.647	0.5925	0.5925	0
0.6475	0.58625	0.58625	0
0.648	0.58	0.58	0
0.6485	0.57375	0.57375	0
0.649	0.5675	0.5675	0
0.6495	0.56125	0.56125	0
0.65	0.555	0.56125	0
0.6505	0.54875	0.555	0
0.651	0.54875	0.5425	0
0.6515	0.5425	0.5425	0
0.652	0.53	0.53625	0
0.6525	0.53	0.52375	0
0.653	0.5175	0.52375	0
0.6535	0.5175	0.5175	0
0.654	0.51125	0.51125	0
0.6545	0.505	0.505	0
0.655	0.49875	0.505	0
0.6555	0.49875	0.49875	0
0.656	0.4925	0.4925	0
0.6565	0.48	0.48625	0
0.657	0.48	0.48	0
0.6575	0.47375	0.48	0
0.658	0.4675	0.47375	0
0.6585	0.4675	0.47375	0
0.659	0.46125	0.455	0
0.6595	0.455	0.44875	0
0.66	0.44875	0.44875	0
0.6605	0.44875	0.4425	0
0.661	0.4425	0.4425	0
0.6615	0.43625	0.43625	0
0.662	0.43625	0.43	0
0.6625	0.42375	0.43	0
0.663	0.43	0.42375	0
0.6635	0.4175	0.4175	0
0.664	0.41125	0.4175	0
0.6645	0.405	0.41125	0
0.665	0.41125	0.405	0
0.6655	0.405	0.405	0
0.666	0.3925	0.39875	0
0.6665	0.39875	0.39875	0
0.667	0.3925	0.3925	0
0.6675	0.3925	0.38625	0
0.668	0.38	0.38	0
0.6685	0.37375	0.38625	0
0.669	0.37375	0.37375	0
0.6695	0.37375	0.3675	0
0.67	0.3675	0.3675	0
0.6705	0.36125	0.3675	0
0.671	0.36125	0.36125	0
0.6715	0.355	0.36125	0
0.672	0.355	0.355	0
0.6725	0.34875	0.34875	0
0.673	0.34875	0.3425	0
0.6735	0.3425	0.33625	0
0.674	0.3425	0.33625	0
0.6745	0.33625	0.33625	0
0.675	0.33	0.33	0
0.6755	0.32375	0.32375	0
0.676	0.32375	0.32375	0
0.6765	0.3175	0.32375	0
0.677	0.31125	0.3175	0
0.6775	0.31125	0.3175	0
0.678	0.305	0.31125	0
0.6785	0.31125	0.305	0
0.679	0.305	0.29875	0
0.6795	0.305	0.29875	0
0.68	0.29875	0.29875	0
0.6805	0.29875	0.2925	0
0.681	0.2925	0.28625	0
0.6815	0.28625	0.28625	0
0.682	0.28625	0.28625	0
0.6825	0.28	0.28625	0
0.683	0.28	0.28	0
0.6835	0.27375	0.28	0
0.684	0.27375	0.27375	0
0.6845	0.2675	0.2675	0
0.685	0.2675	0.2675	0
0.6855	0.2675	0.27375	0
0.686	0.26125	0.26125	0
0.6865	0.26125	0.26125	0
0.687	0.26125	0.255	0
0.6875	0.255	0.255	0
0.688	0.255	0.24875	0
0.6885	0.24875	0.24875	0
0.689	0.24875	0.24875	0
0.6895	0.23625	0.2425	0
0.69	0.23625	0.2425	0
0.6905	0.23625	0.2425	0
0.691	0.23625	0.2425	0
0.6915	0.23	0.23	0
0.692	0.23	0.22375	0
0.6925	0.22375	0.22375	0
0.693	0.22375	0.22375	0
0.6935	0.22375	0.22375	0
0.694	0.2175	0.2175	0
0.6945	0.2175	0.2175	0
0.695	0.2175	0.21125	0
0.6955	0.2175	0.21125	0
0.696	0.21125	0.21125	0
0.6965	0.205	0.205	0
0.697	0.205	0.205	0
0.6975	0.205	0.19875	0
0.698	0.19875	0.205	0
0.6985	0.205	0.19875	0
0.699	0.1925	0.19875	0
0.6995	0.19875	0.19875	0
0.7	0.1925	0.1925	0
0.7005	0.1925	0.1925	0
0.701	0.18625	0.1925	0
0.7015	0.18625	0.18625	0
0.702	0.18625	0.18625	0
0.7025	0.18	0.18625	0
0.703	0.18	0.18	0
0.7035	0.18	0.18	0
0.704	0.17375	0.18	0
0.7045	0.18	0.18	0
0.705	0.1675	0.17375	0
0.7055	0.17375	0.17375	0
0.706	0.1675	0.1675	0
0.7065	0.1675	0.17375	0
0.707	0.1675	0.1675	0
0.7075	0.1675	0.1675	0
0.708	0.155	0.16125	0
0.7085	0.16125	0.16125	0
0.709	0.16125	0.16125	0
0.7095	0.16125	0.155	0
0.71	0.155	0.155	0
0.7105	0.14875	0.155	0
0.711	0.155	0.14875	0
0.7115	0.155	0.14875	0
0.712	0.14875	0.1425	0
0.7125	0.14875	0.14875	0
0.713	0.14875	0.14875	0
0.7135	0.14875	0.1425	0
0.714	0.1425	0.1425	0
0.7145	0.1425	0.1425	0
0.715	0.13625	0.14875	0
0.7155	0.1425	0.13625	0
0.716	0.1425	0.13625	0
0.7165	0.13625	0.13625	0
0.717	0.13625	0.13625	0
0.7175	0.13625	0.13625	0
0.718	0.13	0.13	0
0.7185	0.13	0.13	0
0.719	0.12375	0.13	0
0.7195	0.12375	0.13	0
0.72	0.1175	0.13	0
0.7205	0.12375	0.13	0
0.721	0.12375	0.12375	0
0.7215	0.1175	0.12375	0
0.722	0.1175	0.1175	0
0.7225	0.1175	0.12375	0
0.723	0.1175	0.1175	0
0.7235	0.1175	0.1175	0
0.724	0.1175	0.1175	0
0.7245	0.1175	0.1175	0
0.725	0.1175	0.1175	0
0.7255	0.11125	0.11125	0
0.726	0.11125	0.11125	0
0.7265	0.11125	0.11125	0
0.727	0.09875	0.105	0
0.7275	0.105	0.11125	0
0.728	0.105	0.105	0
0.7285	0.105	0.105	0
0.729	0.105	0.105	0
0.7295	0.105	0.105	0
0.73	0.09875	0.105	0
0.7305	0.09875	0.105	0
0.731	0.105	0.09875	0
0.7315	0.09875	0.105	0
0.732	0.105	0.09875	0
0.7325	0.09875	0.0925	0
0.733	0.0925	0.09875	0
0.7335	0.0925	0.0925	0
0.734	0.09875	0.0925	0
0.7345	0.0925	0.0925	0
0.735	0.0925	0.0925	0
0.7355	0.0925	0.0925	0
0.736	0.0925	0.0925	0
0.7365	0.08625	0.0925	0
0.737	0.08625	0.08625	0
0.7375	0.08625	0.08625	0
0.738	0.08625	0.08625	0
0.7385	0.08625	0.08	0
0.739	0.08625	0.08	0
0.7395	0.08	0.08	0
0.74	0.08	0.08	0
0.7405	0.08625	0.07375	0
0.741	0.08625	0.08	0
0.7415	0.08625	0.08	0
0.742	0.08	0.08	0
0.7425	0.07375	0.08	0
0.743	0.07375	0.08	0
0.7435	0.08	0.07375	0
0.744	0.07375	0.07375	0
0.7445	0.08	0.07375	0
0.745	0.08	0.07375	0
0.7455	0.08	0.08	0
0.746	0.0675	0.0675	0
0.7465	0.07375	0.07375	0
0.747	0.07375	0.0675	0
0.7475	0.07375	0.07375	0
0.748	0.0675	0.0675	0
0.7485	0.0675	0.0675	0
0.749	0.0675	0.06125	0
0.7495	0.0675	0.0675	0
0.75	0.06125	0.0675	0
0.7505	0.06125	0.0675	0
0.751	0.0675	0.06125	0
0.7515	0.06125	0.06125	0
0.752	0.06125	0.06125	0
0.7525	0.06125	0.0675	0
0.753	0.06125	0.06125	0
0.7535	0.06125	0.06125	0
0.754	0.06125	0.06125	0
0.7545	0.06125	0.0675	0
0.755	0.0675	0.0675	0
0.7555	0.055	0.06125	0
0.756	0.06125	0.055	0
0.7565	0.06125	0.06125	0
0.757	0.055	0.06125	0
0.7575	0.055	0.055	0
0.758	0.06125	0.055	0
0.7585	0.055	0.04875	0
0.759	0.055	0.055	0
0.7595	0.055	0.055	0
0.76	0.055	0.055	0
0.7605	0.055	0.055	0
0.761	0.04875	0.06125	0
0.7615	0.055	0.055	0
0.762	0.04875	0.055	0
0.7625	0.04875	0.04875	0
0.763	0.04875	0.055	0
0.7635	0.04875	0.055	0
0.764	0.04875	0.04875	0
0.7645	0.04875	0.055	0
0.765	0.04875	0.0425	0
0.7655	0.04875	0.04875	0
0.766	0.0425	0.04875	0
0.7665	0.04875	0.0425	0
0.767	0.04875	0.0425	0
0.7675	0.04875	0.04875	0
0.768	0.0425	0.04875	0
0.7685	0.04875	0.04875	0
0.769	0.0425	0.04875	0
0.7695	0.04875	0.0425	0
0.77	0.0425	0.0425	0
0.7705	0.0425	0.04875	0
0.771	0.03625	0.0425	0
0.7715	0.0425	0.0425	0
0.772	0.03625	0.04875	0
0.7725	0.03625	0.03625	0
0.773	0.03625	0.0425	0
0.7735	0.0425	0.03625	0
0.774	0.03625	0.03625	0
0.7745	0.03625	0.03625	0
0.775	0.03625	0.03625	0
0.7755	0.0425	0.03625	0
0.776	0.03625	0.03625	0
0.7765	0.03625	0.03625	0
0.777	0.03625	0.03625	0
0.7775	0.03625	0.03625	0
0.778	0.03	0.03625	0
0.7785	0.03625	0.03625	0
0.779	0.03625	0.03625	0
0.7795	0.03	0.0425	0
0.78	0.03	0.0425	0
0.7805	0.03625	0.03	0
0.781	0.03	0.03625	0
0.7815	0.03	0.03625	0
0.782	0.03	0.03	0
0.7825	0.03625	0.03625	0
0.783	0.03	0.03	0
0.7835	0.03	0.03	0
0.784	0.02375	0.03	0
0.7845	0.03	0.03	0
0.785	0.02375	0.03	0
0.7855	0.03	0.02375	0
0.786	0.03	0.03	0
0.7865	0.02375	0.03	0
0.787	0.03	0.03	0
0.7875	0.03	0.03	0
0.788	0.03625	0.03	0
0.7885	0.03	0.03	0
0.789	0.02375	0.03	0
0.7895	0.03	0.03	0
0.79	0.02375	0.03	0
0.7905	0.02375	0.03	0
0.791	0.03	0.03625	0
0.7915	0.02375	0.03	0
0.792	0.0175	0.02375	0
0.7925	0.03	0.02375	0
0.793	0.02375	0.02375	0
0.7935	0.0175	0.02375	0
0.794	0.02375	0.02375	0
0.7945	0.02375	0.03	0
0.795	0.02375	0.02375	0
0.7955	0.02375	0.02375	0
0.796	0.02375	0.02375	0
0.7965	0.02375	0.02375	0
0.797	0.0175	0.0175	0
0.7975	0.02375	0.02375	0
0.798	0.02375	0.02375	0
0.7985	0.0175	0.0175	0
0.799	0.0175	0.0175	0
0.7995	0.0175	0.02375	0
0.8	0.02375	0.0175	0
0.8005	0.0175	0.0175	0
0.801	0.02375	0.0175	0
0.8015	0.02375	0.02375	0
0.802	0.0175	0.02375	0
0.8025	0.0175	0.0175	0
0.803	0.0175	0.0175	0
0.8035	0.0175	0.0175	0
0.804	0.0175	0.0175	0
0.8045	0.0175	0.02375	0
0.805	0.0175	0.0175	0
0.8055	0.02375	0.0175	0
0.806	0.0175	0.0175	0
0.8065	0.02375	0.0175	0
0.807	0.0175	0.0175	0
0.8075	0.0175	0.02375	0
0.808	0.0175	0.02375	0
0.8085	0.0175	0.0175	0
0.809	0.01125	0.0175	0
0.8095	0.0175	0.02375	0
0.81	0.0175	0.0175	0
0.8105	0.0175	0.01125	0
0.811	0.0175	0.01125	0
0.8115	0.0175	0.0175	0
0.812	0.0175	0.0175	0
0.8125	0.0175	0.0175	0
0.813	0.0175	0.01125	0
0.8135	0.0175	0.0175	0
0.814	0.0175	0.0175	0
0.8145	0.0175	0.0175	0
0.815	0.0175	0.01125	0
0.8155	0.01125	0.01125	0
0.816	0.01125	0.01125	0
0.8165	0.01125	0.0175	0
0.817	0.01125	0.01125	0
0.8175	0.0175	0.0175	0
0.818	0.0175	0.0175	0
0.8185	0.0175	0.01125	0
0.819	0.0175	0.01125	0
0.8195	0.01125	0.01125	0
0.82	0.01125	0.0175	0
0.8205	0.01125	0.01125	0
0.821	0.01125	0.01125	0
0.8215	0.0175	0.0175	0
0.822	0.01125	0.01125	0
0.8225	0.0175	0.01125	0
0.823	0.01125	0.01125	0
0.8235	0.01125	0.01125	0
0.824	0.01125	0.0175	0
0.8245	0.01125	0.00500004	0
0.825	0.01125	0.01125	0
0.8255	0.01125	0.01125	0
0.826	0.01125	0.01125	0
0.8265	0.00500004	0.01125	0
0.827	0.01125	0.01125	0
0.8275	0.01125	0.00500004	0
0.828	0.01125	0.01125	0
0.8285	0.01125	0.00500004	0
0.829	0.01125	0.01125	0
0.8295	0.01125	0.01125	0
0.83	0.01125	0.01125	0
0.8305	0.01125	0.01125	0
0.831	0.01125	0.01125	0
0.8315	0.01125	0.01125	0
0.832	0.01125	0.0175	0
0.8325	0.01125	0.01125	0
0.833	0.00500004	0.0175	0
0.8335	0.01125	0.01125	0
0.834	0.01125	0.00500004	0
0.8345	0.00500004	0.01125	0
0.835	0.00500004	0.01125	0
0.8355	0.01125	0.00500004	0
0.836	0.01125	0.01125	0
0.8365	0.00500004	0.0175	0
0.837	0.01125	0.00500004	0
0.8375	0.01125	0.01125	0
0.838	0.01125	0.01125	0
0.8385	0.01125	0.00500004	0
0.839	0.00500004	-0.00124996	0
0.8395	0.01125	0.01125	0
0.84	0.00500004	0.00500004	0
0.8405	0.01125	0.00500004	0
0.841	0.01125	0.00500004	0
0.8415	0.00500004	0.01125	0
0.842	0.00500004	-0.00124996	0
0.8425	0.00500004	0.01125	0
0.843	0.01125	0.00500004	0
0.8435	0.01125	0.00500004	0
0.844	0.00500004	0.00500004	0
0.8445	0.00500004	0.00500004	0
0.845	0.00500004	0.00500004	0
0.8455	0.00500004	0.01125	0
0.846	0.00500004	0.01125	0
0.8465	0.00500004	0.00500004	0
0.847	0.00500004	0.00500004	0
0.8475	0.00500004	0.00500004	0
0.848	0.00500004	0.00500004	0
0.8485	0.01125	0.00500004	0
0.849	0.01125	0.00500004	0
0.8495	0.00500004	0.00500004	0
0.85	0.00500004	0.01125	0
0.8505	-0.00124996	0.00500004	0
0.851	0.00500004	0.00500004	0
0.8515	0.01125	-0.00124996	0
0.852	0.00500004	0.00500004	0
0.8525	0.00500004	0.00500004	0
0.853	0.01125	0.01125	0
0.8535	0.00500004	-0.00124996	0
0.854	0.00500004	0.00500004	0
0.8545	0.00500004	0.00500004	0
0.855	0.00500004	-0.00124996	0
0.8555	0.00500004	0.01125	0
0.856	0.00500004	0.00500004	0
0.8565	0.01125	0.00500004	0
0.857	-0.00124996	0.00500004	0
0.8575	0.00500004	0.00500004	0
0.858	-0.00124996	0.00500004	0
0.8585	0.01125	-0.00124996	0
0.859	0.00500004	0.00500004	0
0.8595	0.00500004	0.00500004	0
0.86	0.00500004	0.00500004	0
0.8605	0.00500004	0.00500004	0
0.861	0.00500004	0.00500004	0
0.8615	-0.00124996	0.00500004	0
0.862	0.00500004	0.00500004	0
0.8625	0.00500004	0.00500004	0
0.863	0.00500004	-0.00124996	0
0.8635	-0.00124996	0.00500004	0
0.864	0.00500004	-0.00124996	0
0.8645	0.00500004	0.00500004	0
0.865	-0.00124996	0.00500004	0
0.8655	-0.00124996	-0.00124996	0
0.866	-0.00124996	0.00500004	0
0.8665	-0.00124996	-0.00124996	0
0.867	-0.00124996	-0.00124996	0
0.8675	0.01125	0.01125	0
0.868	0.01125	0.00500004	0
0.8685	0.00500004	-0.00124996	0
0.869	0.00500004	0.00500004	0
0.8695	-0.00124996	-0.00124996	0
0.87	0.00500004	0.00500004	0
0.8705	-0.00124996	-0.00124996	0
0.871	-0.00124996	-0.00124996	0
0.8715	0.00500004	-0.00124996	0
0.872	0.00500004	0.00500004	0
0.8725	0.00500004	0.00500004	0
0.873	0.00500004	0.00500004	0
0.8735	0.00500004	0.00500004	0
0.874	0.00500004	-0.00124996	0
0.8745	-0.00124996	-0.00124996	0
0.875	0.00500004	0.00500004	0
0.8755	0.00500004	-0.00124996	0
0.876	0.00500004	-0.00124996	0
0.8765	0.00500004	0.00500004	0
0.877	0.00500004	0.00500004	0
0.8775	0.00500004	-0.00124996	0
0.878	0.00500004	0.00500004	0
0.8785	-0.00124996	-0.00124996	0
0.879	-0.00124996	0.00500004	0
0.8795	-0.00124996	-0.00124996	0
0.88	0.00500004	-0.00124996	0
0.8805	0.00500004	-0.00124996	0
0.881	-0.00124996	0.00500004	0
0.8815	0.00500004	-0.00124996	0
0.882	-0.00124996	0.00500004	0
0.8825	-0.00124996	0.00500004	0
0.883	-0.00124996	-0.00124996	0
0.8835	-0.00124996	-0.00124996	0
0.884	0.00500004	0.00500004	0
0.8845	-0.00124996	-0.00124996	0
0.885	-0.00124996	-0.00124996	0
0.8855	0.00500004	-0.00124996	0
0.886	0.00500004	-0.00124996	0
0.8865	0.00500004	-0.00124996	0
0.887	-0.00124996	0.00500004	0
0.8875	-0.00124996	-0.00124996	0
0.888	-0.00124996	-0.00124996	0
0.8885	0.00500004	-0.00124996	0
0.889	-0.00124996	-0.00124996	0
0.8895	-0.00124996	-0.00124996	0
0.89	-0.00124996	0.00500004	0
0.8905	-0.00124996	0.00500004	0
0.891	-0.00124996	-0.00124996	0
0.8915	0.00500004	-0.00124996	0
0.892	-0.00124996	-0.00124996	0
0.8925	-0.00124996	-0.00124996	0
0.893	-0.00124996	-0.00124996	0
0.8935	0.00500004	-0.00124996	0
0.894	-0.00124996	-0.00124996	0
0.8945	0.00500004	0.00500004	0
0.895	0.00500004	-0.00124996	0
0.8955	-0.00124996	0.00500004	0
0.896	0.00500004	-0.00124996	0
0.8965	-0.00124996	0.00500004	0
0.897	-0.00124996	-0.00124996	0
0.8975	-0.00124996	-0.00124996	0
0.898	-0.00124996	-0.00124996	0
0.8985	0.00500004	-0.00124996	0
0.899	0.00500004	0.00500004	0
0.8995	-0.00124996	-0.00124996	0
0.9	0.00500004	-0.00124996	0
0.9005	0.00500004	-0.00749996	0
0.901	0.00500004	-0.00124996	0
0.9015	-0.00124996	0.00500004	0
0.902	-0.00749996	0.00500004	0
0.9025	-0.00124996	-0.00749996	0
0.903	-0.00124996	-0.00124996	0
0.9035	0.00500004	-0.00124996	0
0.904	-0.00124996	-0.00124996	0
0.9045	0.00500004	-0.00124996	0
0.905	-0.00124996	-0.00124996	0
0.9055	-0.00124996	0.00500004	0
0.906	-0.00124996	-0.00749996	0
0.9065	-0.00749996	0.00500004	0
0.907	-0.00124996	-0.00124996	0
0.9075	-0.00124996	0.01125	0
0.908	-0.00124996	-0.00124996	0
0.9085	-0.00124996	-0.00749996	0
0.909	-0.00124996	-0.00749996	0
0.9095	-0.00124996	-0.00124996	0
0.91	-0.00124996	-0.00124996	0
0.9105	-0.00749996	-0.00124996	0
0.911	-0.00124996	0.00500004	0
0.9115	-0.00124996	-0.00124996	0
0.912	0.00500004	-0.00749996	0
0.9125	-0.00124996	-0.00749996	0
0.913	-0.00124996	-0.00124996	0
0.9135	-0.00124996	0.00500004	0
0.914	-0.00124996	-0.00749996	0
0.9145	-0.00124996	-0.00124996	0
0.915	0.00500004	-0.00124996	0
0.9155	-0.00124996	-0.00124996	0
0.916	-0.00124996	-0.00749996	0
0.9165	-0.00124996	-0.00749996	0
0.917	0.00500004	-0.00124996	0
0.9175	-0.00124996	-0.00124996	0
0.918	0.00500004	-0.00124996	0
0.9185	-0.00124996	-0.00124996	0
0.919	-0.00124996	-0.00124996	0
0.9195	-0.00124996	-0.00124996	0
0.92	-0.00124996	-0.00124996	0
0.9205	0.00500004	-0.00124996	0
0.921	-0.00124996	-0.00749996	0
0.9215	-0.00124996	-0.00749996	0
0.922	-0.00124996	-0.00124996	0
0.9225	-0.00124996	-0.00124996	0
0.923	-0.00124996	-0.00124996	0
0.9235	-0.00124996	-0.00124996	0
0.924	-0.00124996	-0.00124996	0
0.9245	-0.00124996	-0.00124996	0
0.925	-0.00124996	-0.00124996	0
0.9255	-0.00124996	-0.00124996	0
0.926	-0.00124996	-0.00124996	0
0.9265	-0.00124996	-0.00124996	0
0.927	-0.00124996	-0.00749996	0
0.9275	-0.00124996	-0.00124996	0
0.928	-0.00124996	-0.00124996	0
0.9285	-0.00124996	-0.00124996	0
0.929	-0.00124996	-0.00749996	0
0.9295	-0.00124996	-0.00749996	0
0.93	-0.00124996	-0.00124996	0
0.9305	-0.00124996	-0.00749996	0
0.931	-0.00749996	-0.00124996	0
0.9315	-0.00124996	-0.00124996	0
0.932	-0.00124996	-0.00749996	0
0.9325	-0.00124996	0.00500004	0
0.933	-0.00749996	-0.00124996	0
0.9335	-0.00124996	-0.00124996	0
0.934	-0.00124996	-0.00124996	0
0.9345	-0.00124996	-0.00124996	0
0.935	-0.00124996	-0.00749996	0
0.9355	-0.00124996	-0.00124996	0
0.936	-0.00124996	-0.00749996	0
0.9365	-0.00124996	-0.00124996	0
0.937	0.00500004	-0.00124996	0
0.9375	-0.00124996	0.00500004	0
