# Zeit (s)	# Kanal 1 (V)	# D0-D7	
-10	-0.56875	0
-9.98	-0.56875	0
-9.96	-0.584375	0
-9.94	-0.56875	0
-9.92	-0.6	0
-9.9	-0.584375	0
-9.88	-0.56875	0
-9.86	-0.584375	0
-9.84	-0.56875	0
-9.82	-0.584375	0
-9.8	-0.56875	0
-9.78	-0.584375	0
-9.76	-0.584375	0
-9.74	-0.56875	0
-9.72	-0.584375	0
-9.7	-0.584375	0
-9.68	-0.56875	0
-9.66	-0.56875	0
-9.64	-0.5375	0
-9.62	-0.553125	0
-9.6	-0.553125	0
-9.58	-0.553125	0
-9.56	-0.5375	0
-9.54	-0.5375	0
-9.52	-0.521875	0
-9.5	-0.50625	0
-9.48	-0.5375	0
-9.46	-0.521875	0
-9.44	-0.521875	0
-9.42	-0.5375	0
-9.4	-0.553125	0
-9.38	-0.56875	0
-9.36	-0.5375	0
-9.34	-0.56875	0
-9.32	-0.6	0
-9.3	-0.63125	0
-9.28	-0.646875	0
-9.26	-0.63125	0
-9.24	-0.63125	0
-9.22	-0.63125	0
-9.2	-0.615625	0
-9.18	-0.63125	0
-9.16	-0.615625	0
-9.14	-0.615625	0
-9.12	-0.63125	0
-9.1	-0.646875	0
-9.08	-0.6625	0
-9.06	-0.646875	0
-9.04	-0.646875	0
-9.02	-0.63125	0
-9	-0.63125	0
-8.98	-0.63125	0
-8.96	-0.615625	0
-8.94	-0.63125	0
-8.92	-0.63125	0
-8.9	-0.63125	0
-8.88	-0.63125	0
-8.86	-0.63125	0
-8.84	-0.646875	0
-8.82	-0.646875	0
-8.8	-0.646875	0
-8.78	-0.63125	0
-8.76	-0.63125	0
-8.74	-0.646875	0
-8.72	-0.646875	0
-8.7	-0.615625	0
-8.68	-0.63125	0
-8.66	-0.615625	0
-8.64	-0.584375	0
-8.62	-0.584375	0
-8.6	-0.584375	0
-8.58	-0.63125	0
-8.56	-0.615625	0
-8.54	-0.615625	0
-8.52	-0.6	0
-8.5	-0.584375	0
-8.48	-0.56875	0
-8.46	-0.553125	0
-8.44	-0.56875	0
-8.42	-0.56875	0
-8.4	-0.584375	0
-8.38	-0.56875	0
-8.36	-0.56875	0
-8.34	-0.56875	0
-8.32	-0.553125	0
-8.3	-0.521875	0
-8.28	-0.490625	0
-8.26	-0.490625	0
-8.24	-0.475	0
-8.22	-0.459375	0
-8.2	-0.459375	0
-8.18	-0.459375	0
-8.16	-0.490625	0
-8.14	-0.490625	0
-8.12	-0.475	0
-8.1	-0.490625	0
-8.08	-0.44375	0
-8.06	-0.209375	0
-8.04	-0.1625	0
-8.02	-0.1625	0
-8	-0.1625	0
-7.98	-0.146875	0
-7.96	-0.13125	0
-7.94	-0.146875	0
-7.92	-0.13125	0
-7.9	-0.115625	0
-7.88	-0.13125	0
-7.86	-0.146875	0
-7.84	-0.13125	0
-7.82	-0.13125	0
-7.8	-0.13125	0
-7.78	-0.146875	0
-7.76	-0.146875	0
-7.74	-0.146875	0
-7.72	-0.1625	0
-7.7	-0.475	0
-7.68	-0.459375	0
-7.66	-0.490625	0
-7.64	-0.50625	0
-7.62	-0.521875	0
-7.6	-0.50625	0
-7.58	-0.50625	0
-7.56	-0.521875	0
-7.54	-0.5375	0
-7.52	-0.521875	0
-7.5	-0.5375	0
-7.48	-0.50625	0
-7.46	-0.50625	0
-7.44	-0.50625	0
-7.42	-0.50625	0
-7.4	-0.50625	0
-7.38	-0.50625	0
-7.36	-0.50625	0
-7.34	-0.490625	0
-7.32	-0.475	0
-7.3	-0.490625	0
-7.28	-0.475	0
-7.26	-0.475	0
-7.24	-0.490625	0
-7.22	-0.459375	0
-7.2	-0.44375	0
-7.18	-0.475	0
-7.16	-0.225	0
-7.14	-0.146875	0
-7.12	-0.13125	0
-7.1	-0.146875	0
-7.08	-0.146875	0
-7.06	-0.13125	0
-7.04	-0.13125	0
-7.02	-0.13125	0
-7	-0.13125	0
-6.98	-0.13125	0
-6.96	-0.115625	0
-6.94	-0.146875	0
-6.92	-0.1625	0
-6.9	-0.146875	0
-6.88	-0.25625	0
-6.86	-0.475	0
-6.84	-0.44375	0
-6.82	-0.459375	0
-6.8	-0.459375	0
-6.78	-0.475	0
-6.76	-0.475	0
-6.74	-0.490625	0
-6.72	-0.490625	0
-6.7	-0.490625	0
-6.68	-0.50625	0
-6.66	-0.490625	0
-6.64	-0.490625	0
-6.62	-0.475	0
-6.6	-0.490625	0
-6.58	-0.475	0
-6.56	-0.475	0
-6.54	-0.475	0
-6.52	-0.475	0
-6.5	-0.459375	0
-6.48	-0.459375	0
-6.46	-0.459375	0
-6.44	-0.459375	0
-6.42	-0.146875	0
-6.4	-0.13125	0
-6.38	-0.146875	0
-6.36	-0.13125	0
-6.34	-0.115625	0
-6.32	-0.115625	0
-6.3	-0.13125	0
-6.28	-0.115625	0
-6.26	-0.13125	0
-6.24	-0.146875	0
-6.22	-0.146875	0
-6.2	-0.209375	0
-6.18	-0.44375	0
-6.16	-0.44375	0
-6.14	-0.459375	0
-6.12	-0.475	0
-6.1	-0.490625	0
-6.08	-0.490625	0
-6.06	-0.490625	0
-6.04	-0.490625	0
-6.02	-0.490625	0
-6	-0.490625	0
-5.98	-0.50625	0
-5.96	-0.490625	0
-5.94	-0.490625	0
-5.92	-0.490625	0
-5.9	-0.490625	0
-5.88	-0.475	0
-5.86	-0.490625	0
-5.84	-0.490625	0
-5.82	-0.490625	0
-5.8	-0.490625	0
-5.78	-0.490625	0
-5.76	-0.475	0
-5.74	-0.490625	0
-5.72	-0.459375	0
-5.7	-0.475	0
-5.68	-0.475	0
-5.66	-0.428125	0
-5.64	-0.146875	0
-5.62	-0.146875	0
-5.6	-0.146875	0
-5.58	-0.13125	0
-5.56	-0.13125	0
-5.54	-0.146875	0
-5.52	-0.146875	0
-5.5	-0.146875	0
-5.48	-0.13125	0
-5.46	-0.1625	0
-5.44	-0.2875	0
-5.42	-0.44375	0
-5.4	-0.459375	0
-5.38	-0.475	0
-5.36	-0.490625	0
-5.34	-0.490625	0
-5.32	-0.50625	0
-5.3	-0.50625	0
-5.28	-0.521875	0
-5.26	-0.490625	0
-5.24	-0.50625	0
-5.22	-0.490625	0
-5.2	-0.50625	0
-5.18	-0.490625	0
-5.16	-0.50625	0
-5.14	-0.490625	0
-5.12	-0.490625	0
-5.1	-0.50625	0
-5.08	-0.490625	0
-5.06	-0.475	0
-5.04	-0.50625	0
-5.02	-0.490625	0
-5	-0.475	0
-4.98	-0.490625	0
-4.96	-0.490625	0
-4.94	-0.459375	0
-4.92	-0.475	0
-4.9	-0.459375	0
-4.88	-0.240625	0
-4.86	-0.1625	0
-4.84	-0.13125	0
-4.82	-0.146875	0
-4.8	-0.146875	0
-4.78	-0.13125	0
-4.76	-0.115625	0
-4.74	-0.146875	0
-4.72	-0.146875	0
-4.7	-0.1625	0
-4.68	-0.146875	0
-4.66	-0.225	0
-4.64	-0.459375	0
-4.62	-0.475	0
-4.6	-0.459375	0
-4.58	-0.490625	0
-4.56	-0.475	0
-4.54	-0.490625	0
-4.52	-0.475	0
-4.5	-0.490625	0
-4.48	-0.50625	0
-4.46	-0.50625	0
-4.44	-0.50625	0
-4.42	-0.50625	0
-4.4	-0.490625	0
-4.38	-0.490625	0
-4.36	-0.490625	0
-4.34	-0.50625	0
-4.32	-0.475	0
-4.3	-0.490625	0
-4.28	-0.475	0
-4.26	-0.475	0
-4.24	-0.459375	0
-4.22	-0.44375	0
-4.2	-0.475	0
-4.18	-0.178125	0
-4.16	-0.1625	0
-4.14	-0.146875	0
-4.12	-0.13125	0
-4.1	-0.146875	0
-4.08	-0.146875	0
-4.06	-0.146875	0
-4.04	-0.13125	0
-4.02	-0.13125	0
-4	-0.209375	0
-3.98	-0.459375	0
-3.96	-0.44375	0
-3.94	-0.459375	0
-3.92	-0.459375	0
-3.9	-0.490625	0
-3.88	-0.475	0
-3.86	-0.490625	0
-3.84	-0.490625	0
-3.82	-0.475	0
-3.8	-0.521875	0
-3.78	-0.50625	0
-3.76	-0.490625	0
-3.74	-0.50625	0
-3.72	-0.475	0
-3.7	-0.490625	0
-3.68	-0.490625	0
-3.66	-0.475	0
-3.64	-0.475	0
-3.62	-0.490625	0
-3.6	-0.475	0
-3.58	-0.44375	0
-3.56	-0.44375	0
-3.54	-0.459375	0
-3.52	-0.146875	0
-3.5	-0.1625	0
-3.48	-0.13125	0
-3.46	-0.13125	0
-3.44	-0.146875	0
-3.42	-0.146875	0
-3.4	-0.146875	0
-3.38	-0.146875	0
-3.36	-0.146875	0
-3.34	-0.25625	0
-3.32	-0.475	0
-3.3	-0.459375	0
-3.28	-0.475	0
-3.26	-0.475	0
-3.24	-0.490625	0
-3.22	-0.475	0
-3.2	-0.475	0
-3.18	-0.490625	0
-3.16	-0.490625	0
-3.14	-0.490625	0
-3.12	-0.475	0
-3.1	-0.490625	0
-3.08	-0.490625	0
-3.06	-0.475	0
-3.04	-0.459375	0
-3.02	-0.490625	0
-3	-0.475	0
-2.98	-0.475	0
-2.96	-0.459375	0
-2.94	-0.44375	0
-2.92	-0.44375	0
-2.9	-0.146875	0
-2.88	-0.1625	0
-2.86	-0.13125	0
-2.84	-0.13125	0
-2.82	-0.146875	0
-2.8	-0.146875	0
-2.78	-0.146875	0
-2.76	-0.303125	0
-2.74	-0.459375	0
-2.72	-0.459375	0
-2.7	-0.459375	0
-2.68	-0.475	0
-2.66	-0.50625	0
-2.64	-0.490625	0
-2.62	-0.50625	0
-2.6	-0.50625	0
-2.58	-0.50625	0
-2.56	-0.490625	0
-2.54	-0.490625	0
-2.52	-0.50625	0
-2.5	-0.50625	0
-2.48	-0.50625	0
-2.46	-0.490625	0
-2.44	-0.50625	0
-2.42	-0.50625	0
-2.4	-0.490625	0
-2.38	-0.50625	0
-2.36	-0.475	0
-2.34	-0.475	0
-2.32	-0.475	0
-2.3	-0.44375	0
-2.28	-0.428125	0
-2.26	-0.146875	0
-2.24	-0.146875	0
-2.22	-0.13125	0
-2.2	-0.13125	0
-2.18	-0.115625	0
-2.16	-0.115625	0
-2.14	-0.115625	0
-2.12	-0.13125	0
-2.1	-0.146875	0
-2.08	-0.475	0
-2.06	-0.475	0
-2.04	-0.490625	0
-2.02	-0.475	0
-2	-0.475	0
-1.98	-0.490625	0
-1.96	-0.490625	0
-1.94	-0.490625	0
-1.92	-0.475	0
-1.9	-0.490625	0
-1.88	-0.490625	0
-1.86	-0.50625	0
-1.84	-0.475	0
-1.82	-0.490625	0
-1.8	-0.50625	0
-1.78	-0.475	0
-1.76	-0.459375	0
-1.74	-0.459375	0
-1.72	-0.4125	0
-1.7	-0.13125	0
-1.68	-0.13125	0
-1.66	-0.13125	0
-1.64	-0.13125	0
-1.62	-0.146875	0
-1.6	-0.146875	0
-1.58	-0.146875	0
-1.56	-0.1625	0
-1.54	-0.44375	0
-1.52	-0.475	0
-1.5	-0.475	0
-1.48	-0.475	0
-1.46	-0.475	0
-1.44	-0.50625	0
-1.42	-0.50625	0
-1.4	-0.475	0
-1.38	-0.475	0
-1.36	-0.490625	0
-1.34	-0.50625	0
-1.32	-0.50625	0
-1.3	-0.490625	0
-1.28	-0.475	0
-1.26	-0.490625	0
-1.24	-0.475	0
-1.22	-0.459375	0
-1.2	-0.475	0
-1.18	-0.1625	0
-1.16	-0.146875	0
-1.14	-0.146875	0
-1.12	-0.13125	0
-1.1	-0.146875	0
-1.08	-0.146875	0
-1.06	-0.1625	0
-1.04	-0.475	0
-1.02	-0.475	0
-1	-0.475	0
-0.98	-0.475	0
-0.96	-0.490625	0
-0.94	-0.475	0
-0.92	-0.490625	0
-0.9	-0.490625	0
-0.88	-0.490625	0
-0.86	-0.50625	0
-0.84	-0.490625	0
-0.82	-0.50625	0
-0.8	-0.50625	0
-0.78	-0.50625	0
-0.76	-0.490625	0
-0.74	-0.50625	0
-0.72	-0.490625	0
-0.7	-0.50625	0
-0.68	-0.50625	0
-0.66	-0.50625	0
-0.64	-0.521875	0
-0.62	-0.521875	0
-0.6	-0.521875	0
-0.58	-0.5375	0
-0.56	-0.5375	0
-0.54	-0.5375	0
-0.52	-0.521875	0
-0.5	-0.5375	0
-0.48	-0.5375	0
-0.46	-0.5375	0
-0.44	-0.553125	0
-0.42	-0.615625	0
-0.4	-0.63125	0
-0.38	-0.6625	0
-0.36	-0.6625	0
-0.34	-0.6625	0
-0.32	-0.678125	0
-0.3	-0.678125	0
-0.28	-0.709375	0
-0.26	-0.678125	0
-0.24	-0.678125	0
-0.22	-0.678125	0
-0.2	-0.678125	0
-0.18	-0.678125	0
-0.16	-0.6625	0
-0.14	-0.678125	0
-0.12	-0.678125	0
-0.1	-0.678125	0
-0.08	-0.6625	0
-0.06	-0.6625	0
-0.04	-0.678125	0
-0.02	-0.69375	0
0.000000000000000208167	-0.69375	0
0.02	-0.69375	0
0.04	-0.678125	0
0.06	-0.69375	0
0.08	-0.678125	0
0.1	-0.678125	0
0.12	-0.69375	0
0.14	-0.69375	0
0.16	-0.678125	0
0.18	-0.678125	0
0.2	-0.69375	0
0.22	-0.69375	0
0.24	-0.678125	0
0.26	-0.69375	0
0.28	-0.69375	0
0.3	-0.678125	0
0.32	-0.678125	0
0.34	-0.69375	0
0.36	-0.678125	0
0.38	-0.69375	0
0.4	-0.69375	0
0.42	-0.678125	0
0.44	-0.678125	0
0.46	-0.678125	0
0.48	-0.678125	0
0.5	-0.678125	0
0.52	-0.678125	0
0.54	-0.678125	0
0.56	-0.678125	0
0.58	-0.678125	0
0.6	-0.6625	0
0.62	-0.678125	0
0.64	-0.678125	0
0.66	-0.6625	0
0.68	-0.678125	0
0.7	-0.678125	0
0.72	-0.6625	0
0.74	-0.678125	0
0.76	-0.678125	0
0.78	-0.678125	0
0.8	-0.678125	0
0.82	-0.6625	0
0.84	-0.69375	0
0.86	-0.678125	0
0.88	-0.678125	0
0.9	-0.678125	0
0.92	-0.6625	0
0.94	-0.646875	0
0.96	-0.63125	0
0.98	-0.615625	0
1	-0.615625	0
1.02	-0.553125	0
1.04	-0.553125	0
1.06	-0.5375	0
1.08	-0.5375	0
1.1	-0.5375	0
1.12	-0.521875	0
1.14	-0.521875	0
1.16	-0.521875	0
1.18	-0.50625	0
1.2	-0.521875	0
1.22	-0.553125	0
1.24	-0.5375	0
1.26	-0.50625	0
1.28	-0.490625	0
1.3	-0.490625	0
1.32	-0.475	0
1.34	-0.475	0
1.36	-0.475	0
1.38	-0.475	0
1.4	-0.475	0
1.42	-0.50625	0
1.44	-0.50625	0
1.46	-0.50625	0
1.48	-0.50625	0
1.5	-0.50625	0
1.52	-0.50625	0
1.54	-0.50625	0
1.56	-0.50625	0
1.58	-0.50625	0
1.6	-0.50625	0
1.62	-0.50625	0
1.64	-0.490625	0
1.66	-0.475	0
1.68	-0.475	0
1.7	-0.475	0
1.72	-0.475	0
1.74	-0.475	0
1.76	-0.475	0
1.78	-0.475	0
1.8	-0.44375	0
1.82	-0.1625	0
1.84	-0.178125	0
1.86	-0.1625	0
1.88	-0.13125	0
1.9	-0.1625	0
1.92	-0.13125	0
1.94	-0.146875	0
1.96	-0.146875	0
1.98	-0.13125	0
2	-0.146875	0
2.02	-0.1625	0
2.04	-0.1625	0
2.06	-0.25625	0
2.08	-0.475	0
2.1	-0.44375	0
2.12	-0.475	0
2.14	-0.50625	0
2.16	-0.50625	0
2.18	-0.490625	0
2.2	-0.50625	0
2.22	-0.521875	0
2.24	-0.521875	0
2.26	-0.50625	0
2.28	-0.50625	0
2.3	-0.521875	0
2.32	-0.521875	0
2.34	-0.490625	0
2.36	-0.490625	0
2.38	-0.50625	0
2.4	-0.490625	0
2.42	-0.490625	0
2.44	-0.475	0
2.46	-0.459375	0
2.48	-0.44375	0
2.5	-0.475	0
2.52	-0.334375	0
2.54	-0.146875	0
2.56	-0.146875	0
2.58	-0.146875	0
2.6	-0.13125	0
2.62	-0.115625	0
2.64	-0.13125	0
2.66	-0.146875	0
2.68	-0.13125	0
2.7	-0.13125	0
2.72	-0.146875	0
2.74	-0.146875	0
2.76	-0.459375	0
2.78	-0.459375	0
2.8	-0.459375	0
2.82	-0.50625	0
2.84	-0.490625	0
2.86	-0.475	0
2.88	-0.50625	0
2.9	-0.50625	0
2.92	-0.50625	0
2.94	-0.50625	0
2.96	-0.50625	0
2.98	-0.490625	0
3	-0.50625	0
3.02	-0.521875	0
3.04	-0.50625	0
3.06	-0.50625	0
3.08	-0.50625	0
3.1	-0.490625	0
3.12	-0.490625	0
3.14	-0.475	0
3.16	-0.428125	0
3.18	-0.459375	0
3.2	-0.44375	0
3.22	-0.396875	0
3.24	-0.13125	0
3.26	-0.13125	0
3.28	-0.13125	0
3.3	-0.13125	0
3.32	-0.13125	0
3.34	-0.115625	0
3.36	-0.13125	0
3.38	-0.115625	0
3.4	-0.146875	0
3.42	-0.115625	0
3.44	-0.271875	0
3.46	-0.475	0
3.48	-0.44375	0
3.5	-0.459375	0
3.52	-0.490625	0
3.54	-0.50625	0
3.56	-0.50625	0
3.58	-0.521875	0
3.6	-0.521875	0
3.62	-0.5375	0
3.64	-0.521875	0
3.66	-0.553125	0
3.68	-0.5375	0
3.7	-0.5375	0
3.72	-0.5375	0
3.74	-0.521875	0
3.76	-0.521875	0
3.78	-0.5375	0
3.8	-0.50625	0
3.82	-0.50625	0
3.84	-0.50625	0
3.86	-0.490625	0
3.88	-0.475	0
3.9	-0.459375	0
3.92	-0.459375	0
3.94	-0.459375	0
3.96	-0.459375	0
3.98	-0.19375	0
4	-0.146875	0
4.02	-0.13125	0
4.04	-0.13125	0
4.06	-0.13125	0
4.08	-0.146875	0
4.1	-0.146875	0
4.12	-0.146875	0
4.14	-0.209375	0
4.16	-0.490625	0
4.18	-0.44375	0
4.2	-0.475	0
4.22	-0.459375	0
4.24	-0.475	0
4.26	-0.490625	0
4.28	-0.490625	0
4.3	-0.490625	0
4.32	-0.50625	0
4.34	-0.521875	0
4.36	-0.521875	0
4.38	-0.521875	0
4.4	-0.50625	0
4.42	-0.521875	0
4.44	-0.5375	0
4.46	-0.521875	0
4.48	-0.50625	0
4.5	-0.50625	0
4.52	-0.50625	0
4.54	-0.490625	0
4.56	-0.50625	0
4.58	-0.490625	0
4.6	-0.490625	0
4.62	-0.475	0
4.64	-0.459375	0
4.66	-0.459375	0
4.68	-0.475	0
4.7	-0.19375	0
4.72	-0.146875	0
4.74	-0.146875	0
4.76	-0.146875	0
4.78	-0.146875	0
4.8	-0.1625	0
4.82	-0.1625	0
4.84	-0.475	0
4.86	-0.44375	0
4.88	-0.475	0
4.9	-0.490625	0
4.92	-0.521875	0
4.94	-0.521875	0
4.96	-0.5375	0
4.98	-0.553125	0
5	-0.553125	0
5.02	-0.5375	0
5.04	-0.5375	0
5.06	-0.521875	0
5.08	-0.521875	0
5.1	-0.50625	0
5.12	-0.50625	0
5.14	-0.521875	0
5.16	-0.50625	0
5.18	-0.50625	0
5.2	-0.5375	0
5.22	-0.5375	0
5.24	-0.5375	0
5.26	-0.5375	0
5.28	-0.553125	0
5.3	-0.56875	0
5.32	-0.584375	0
5.34	-0.584375	0
5.36	-0.584375	0
5.38	-0.56875	0
5.4	-0.56875	0
5.42	-0.584375	0
5.44	-0.584375	0
5.46	-0.584375	0
5.48	-0.6	0
5.5	-0.615625	0
5.52	-0.6	0
5.54	-0.615625	0
5.56	-0.6	0
5.58	-0.63125	0
5.6	-0.615625	0
5.62	-0.615625	0
5.64	-0.63125	0
5.66	-0.646875	0
5.68	-0.6625	0
5.7	-0.678125	0
5.72	-0.646875	0
5.74	-0.678125	0
5.76	-0.678125	0
5.78	-0.69375	0
5.8	-0.678125	0
5.82	-0.678125	0
5.84	-0.678125	0
5.86	-0.678125	0
5.88	-0.69375	0
5.9	-0.678125	0
5.92	-0.69375	0
5.94	-0.69375	0
5.96	-0.69375	0
5.98	-0.678125	0
6	-0.678125	0
6.02	-0.678125	0
6.04	-0.69375	0
6.06	-0.69375	0
6.08	-0.678125	0
6.1	-0.709375	0
6.12	-0.69375	0
6.14	-0.678125	0
6.16	-0.69375	0
6.18	-0.678125	0
6.2	-0.69375	0
6.22	-0.709375	0
6.24	-0.709375	0
6.26	-0.709375	0
6.28	-0.709375	0
6.3	-0.69375	0
6.32	-0.69375	0
6.34	-0.69375	0
6.36	-0.709375	0
6.38	-0.709375	0
6.4	-0.709375	0
6.42	-0.709375	0
6.44	-0.709375	0
6.46	-0.725	0
6.48	-0.709375	0
6.5	-0.709375	0
6.52	-0.709375	0
6.54	-0.709375	0
6.56	-0.69375	0
6.58	-0.725	0
6.6	-0.709375	0
6.62	-0.709375	0
6.64	-0.725	0
6.66	-0.69375	0
6.68	-0.725	0
6.7	-0.709375	0
6.72	-0.709375	0
6.74	-0.709375	0
6.76	-0.709375	0
6.78	-0.725	0
6.8	-0.709375	0
6.82	-0.709375	0
6.84	-0.709375	0
6.86	-0.709375	0
6.88	-0.709375	0
6.9	-0.709375	0
6.92	-0.709375	0
6.94	-0.709375	0
6.96	-0.709375	0
6.98	-0.709375	0
7	-0.725	0
7.02	-0.709375	0
7.04	-0.725	0
7.06	-0.709375	0
7.08	-0.709375	0
7.1	-0.709375	0
7.12	-0.709375	0
7.14	-0.69375	0
7.16	-0.709375	0
7.18	-0.69375	0
7.2	-0.6625	0
7.22	-0.6625	0
7.24	-0.63125	0
7.26	-0.6	0
7.28	-0.584375	0
7.3	-0.56875	0
7.32	-0.5375	0
7.34	-0.553125	0
7.36	-0.521875	0
7.38	-0.521875	0
7.4	-0.5375	0
7.42	-0.521875	0
7.44	-0.50625	0
7.46	-0.521875	0
7.48	-0.50625	0
7.5	-0.521875	0
7.52	-0.50625	0
7.54	-0.50625	0
7.56	-0.521875	0
7.58	-0.521875	0
7.6	-0.521875	0
7.62	-0.521875	0
7.64	-0.521875	0
7.66	-0.553125	0
7.68	-0.5375	0
7.7	-0.553125	0
7.72	-0.5375	0
7.74	-0.5375	0
7.76	-0.5375	0
7.78	-0.5375	0
7.8	-0.521875	0
7.82	-0.5375	0
7.84	-0.5375	0
7.86	-0.521875	0
7.88	-0.5375	0
7.9	-0.553125	0
7.92	-0.5375	0
7.94	-0.553125	0
7.96	-0.553125	0
7.98	-0.553125	0
8	-0.56875	0
8.02	-0.56875	0
8.04	-0.584375	0
8.06	-0.584375	0
8.08	-0.6	0
8.1	-0.6	0
8.12	-0.615625	0
8.14	-0.615625	0
8.16	-0.63125	0
8.18	-0.615625	0
8.2	-0.615625	0
8.22	-0.646875	0
8.24	-0.615625	0
8.26	-0.63125	0
8.28	-0.615625	0
8.3	-0.615625	0
8.32	-0.63125	0
8.34	-0.6	0
8.36	-0.615625	0
8.38	-0.6	0
8.4	-0.615625	0
8.42	-0.6	0
8.44	-0.6	0
8.46	-0.6	0
8.48	-0.6	0
8.5	-0.6	0
8.52	-0.584375	0
8.54	-0.584375	0
8.56	-0.584375	0
8.58	-0.56875	0
8.6	-0.553125	0
8.62	-0.553125	0
8.64	-0.56875	0
8.66	-0.56875	0
8.68	-0.56875	0
8.7	-0.56875	0
8.72	-0.56875	0
8.74	-0.56875	0
8.76	-0.56875	0
8.78	-0.56875	0
8.8	-0.56875	0
8.82	-0.56875	0
8.84	-0.584375	0
8.86	-0.56875	0
8.88	-0.56875	0
8.9	-0.553125	0
8.92	-0.553125	0
8.94	-0.553125	0
8.96	-0.553125	0
8.98	-0.5375	0
9	-0.56875	0
9.02	-0.56875	0
9.04	-0.553125	0
9.06	-0.56875	0
9.08	-0.553125	0
9.1	-0.56875	0
9.12	-0.553125	0
9.14	-0.553125	0
9.16	-0.5375	0
9.18	-0.553125	0
9.2	-0.5375	0
9.22	-0.553125	0
9.24	-0.521875	0
9.26	-0.553125	0
9.28	-0.553125	0
9.3	-0.553125	0
9.32	-0.553125	0
9.34	-0.5375	0
9.36	-0.553125	0
9.38	-0.553125	0
9.4	-0.5375	0
9.42	-0.553125	0
9.44	-0.5375	0
9.46	-0.553125	0
9.48	-0.553125	0
9.5	-0.553125	0
9.52	-0.5375	0
9.54	-0.5375	0
9.56	-0.5375	0
9.58	-0.553125	0
9.6	-0.5375	0
9.62	-0.553125	0
9.64	-0.5375	0
9.66	-0.553125	0
9.68	-0.553125	0
9.7	-0.553125	0
9.72	-0.553125	0
9.74	-0.5375	0
9.76	-0.5375	0
9.78	-0.5375	0
9.8	-0.5375	0
9.82	-0.5375	0
9.84	-0.553125	0
9.86	-0.553125	0
9.88	-0.56875	0
9.9	-0.5375	0
9.92	-0.553125	0
9.94	-0.553125	0
9.96	-0.553125	0
9.98	-0.553125	0
