# Zeit (s)	# Kanal 1 (V)	# Kanal 2 (V)	# Kanal 3 (V)	# Kanal 4 (V)	
-0.005	-0.4925	-0.5125	6.3125	0.140625
-0.00499	-0.49875	-0.5125	6.3125	0.140625
-0.00498	-0.49875	-0.5125	6.3125	0.15625
-0.00497	-0.49875	-0.54375	6.3125	0.140625
-0.00496	-0.4925	-0.54375	6.15625	0.140625
-0.00495	-0.4925	-0.5125	6.3125	0.140625
-0.00494	-0.4925	-0.5125	6.3125	0.140625
-0.00493	-0.49875	-0.54375	6.3125	0.140625
-0.00492	-0.49875	-0.5125	6.3125	0.125
-0.00491	-0.49875	-0.5125	6.3125	0.140625
-0.0049	-0.49875	-0.54375	6.3125	0.15625
-0.00489	-0.4925	-0.5125	6.3125	0.140625
-0.00488	-0.4925	-0.5125	6.15625	0.140625
-0.00487	-0.49875	-0.5125	6.15625	0.140625
-0.00486	-0.49875	-0.5125	6.46875	0.140625
-0.00485	-0.505	-0.5125	6.3125	0.15625
-0.00484	-0.49875	-0.54375	6.46875	0.15625
-0.00483	-0.49875	-0.5125	6.3125	0.140625
-0.00482	-0.49875	-0.5125	6.3125	0.140625
-0.00481	-0.49875	-0.5125	6.3125	0.140625
-0.0048	-0.49875	-0.54375	6.3125	0.15625
-0.00479	-0.49875	-0.54375	6.3125	0.15625
-0.00478	-0.49875	-0.5125	6.46875	0.15625
-0.00477	-0.49875	-0.5125	6.3125	0.15625
-0.00476	-0.49875	-0.5125	6.3125	0.15625
-0.00475	-0.49875	-0.5125	6.3125	0.15625
-0.00474	-0.4925	-0.5125	6.3125	0.140625
-0.00473	-0.4925	-0.54375	6.3125	0.15625
-0.00472	-0.49875	-0.5125	6.3125	0.140625
-0.00471	-0.505	-0.54375	6.3125	0.15625
-0.0047	-0.49875	-0.54375	6.15625	0.140625
-0.00469	-0.4925	-0.5125	6.15625	0.125
-0.00468	-0.49875	-0.5125	6.3125	0.140625
-0.00467	-0.49875	-0.5125	6.3125	0.140625
-0.00466	-0.49875	-0.5125	6.3125	0.140625
-0.00465	-0.49875	-0.54375	6.3125	0.140625
-0.00464	-0.49875	-0.5125	6.3125	0.140625
-0.00463	-0.49875	-0.54375	6.3125	0.15625
-0.00462	-0.49875	-0.54375	6.3125	0.140625
-0.00461	-0.4925	-0.54375	6.3125	0.140625
-0.0046	-0.4925	-0.5125	6.3125	0.140625
-0.00459	-0.49875	-0.54375	6.15625	0.140625
-0.00458	-0.49875	-0.54375	6.3125	0.140625
-0.00457	-0.4925	-0.54375	6.3125	0.140625
-0.00456	-0.49875	-0.5125	6.3125	0.140625
-0.00455	-0.49875	-0.54375	6.3125	0.140625
-0.00454	-0.49875	-0.5125	6.3125	0.140625
-0.00453	-0.49875	-0.5125	6.3125	0.140625
-0.00452	-0.4925	-0.54375	6.46875	0.140625
-0.00451	-0.52375	-0.5125	5.6875	0.140625
-0.0045	-0.655	0.6125	-5.09375	0.140625
-0.00449	-0.76125	0.7375	-5.5625	0.15625
-0.00448	-0.74875	0.70625	-5.5625	0.140625
-0.00447	-0.74875	0.70625	-5.5625	0.140625
-0.00446	-0.74875	0.70625	-5.5625	0.15625
-0.00445	-0.74875	0.70625	-5.5625	0.15625
-0.00444	-0.7425	0.70625	-5.5625	0.15625
-0.00443	-0.755	0.70625	-5.5625	0.140625
-0.00442	-0.74875	0.70625	-5.5625	0.15625
-0.00441	-0.74875	0.7375	-5.5625	0.140625
-0.0044	-0.74875	0.7375	-5.71875	0.15625
-0.00439	-0.74875	0.70625	-5.71875	0.140625
-0.00438	-0.755	0.7375	-5.5625	0.140625
-0.00437	-0.74875	0.70625	-5.5625	0.140625
-0.00436	-0.74875	0.70625	-5.5625	0.15625
-0.00435	-0.755	0.7375	-5.71875	0.140625
-0.00434	-0.74875	0.76875	-5.71875	0.140625
-0.00433	-0.7425	0.7375	-5.5625	0.140625
-0.00432	-0.74875	0.70625	-5.5625	0.140625
-0.00431	-0.755	0.70625	-5.5625	0.140625
-0.0043	-0.74875	0.70625	-5.5625	0.15625
-0.00429	-0.74875	0.70625	-5.71875	0.140625
-0.00428	-0.7425	0.70625	-5.71875	0.15625
-0.00427	-0.755	0.7375	-5.5625	0.15625
-0.00426	-0.74875	0.70625	-5.71875	0.15625
-0.00425	-0.74875	0.70625	-5.5625	0.15625
-0.00424	-0.74875	0.70625	-5.5625	0.140625
-0.00423	-0.755	0.70625	-5.5625	0.15625
-0.00422	-0.74875	0.70625	-5.5625	0.140625
-0.00421	-0.74875	0.70625	-5.71875	0.140625
-0.0042	-0.74875	0.675	-5.5625	0.140625
-0.00419	-0.74875	0.70625	-5.71875	0.140625
-0.00418	-0.74875	0.7375	-5.5625	0.15625
-0.00417	-0.755	0.70625	-5.71875	0.15625
-0.00416	-0.74875	0.70625	-5.40625	0.140625
-0.00415	-0.74875	0.70625	-5.71875	0.140625
-0.00414	-0.74875	0.70625	-5.5625	0.140625
-0.00413	-0.755	0.70625	-5.71875	0.140625
-0.00412	-0.74875	0.7375	-5.5625	0.140625
-0.00411	-0.74875	0.70625	-5.71875	0.15625
-0.0041	-0.755	0.70625	-5.71875	0.140625
-0.00409	-0.755	0.7375	-5.5625	0.125
-0.00408	-0.74875	0.7375	-5.5625	0.15625
-0.00407	-0.74875	0.70625	-5.71875	0.15625
-0.00406	-0.755	0.7375	-5.71875	0.140625
-0.00405	-0.74875	0.7375	-5.71875	0.140625
-0.00404	-0.755	0.7375	-5.71875	0.140625
-0.00403	-0.74875	0.7375	-5.5625	0.171875
-0.00402	-0.74875	0.7375	-5.5625	0.140625
-0.00401	-0.74875	0.70625	-5.71875	0.140625
-0.004	-0.74875	0.70625	-5.5625	0.15625
-0.00399	-0.755	0.7375	-5.71875	0.140625
-0.00398	-0.74875	0.70625	-5.71875	0.15625
-0.00397	-0.755	0.7375	-5.5625	0.140625
-0.00396	-0.74875	0.70625	-5.71875	0.15625
-0.00395	-0.755	0.7375	-5.5625	0.140625
-0.00394	-0.74875	0.7375	-5.71875	0.15625
-0.00393	-0.74875	0.70625	-5.5625	0.125
-0.00392	-0.7425	0.70625	-5.5625	0.15625
-0.00391	-0.7425	0.7375	-5.5625	0.125
-0.0039	-0.74875	0.7375	-5.5625	0.140625
-0.00389	-0.74875	0.7375	-5.5625	0.140625
-0.00388	-0.74875	0.70625	-5.5625	0.140625
-0.00387	-0.76125	0.70625	-4.78125	0.15625
-0.00386	-0.58	-1.48125	2.71875	0.140625
-0.00385	-0.4925	-0.5125	6.15625	0.140625
-0.00384	-0.49875	-0.54375	6.15625	0.140625
-0.00383	-0.505	-0.54375	6.3125	0.15625
-0.00382	-0.49875	-0.54375	6.3125	0.15625
-0.00381	-0.49875	-0.5125	6.3125	0.140625
-0.0038	-0.4925	-0.5125	6.3125	0.140625
-0.00379	-0.4925	-0.5125	6.3125	0.140625
-0.00378	-0.505	-0.54375	6.3125	0.140625
-0.00377	-0.49875	-0.5125	6.15625	0.15625
-0.00376	-0.49875	-0.54375	6.3125	0.15625
-0.00375	-0.49875	-0.54375	6.3125	0.140625
-0.00374	-0.49875	-0.54375	6.15625	0.15625
-0.00373	-0.49875	-0.48125	6.3125	0.140625
-0.00372	-0.4925	-0.54375	6.3125	0.140625
-0.00371	-0.49875	-0.54375	6.3125	0.140625
-0.0037	-0.49875	-0.5125	6.3125	0.125
-0.00369	-0.505	-0.54375	6.3125	0.140625
-0.00368	-0.49875	-0.54375	6.3125	0.140625
-0.00367	-0.4925	-0.54375	6.15625	0.15625
-0.00366	-0.49875	-0.5125	6.3125	0.140625
-0.00365	-0.4925	-0.54375	6.15625	0.140625
-0.00364	-0.49875	-0.5125	6.46875	0.15625
-0.00363	-0.49875	-0.5125	6.3125	0.15625
-0.00362	-0.4925	-0.54375	6.15625	0.140625
-0.00361	-0.49875	-0.5125	6.46875	0.15625
-0.0036	-0.49875	-0.48125	6.46875	0.140625
-0.00359	-0.49875	-0.5125	6.3125	0.140625
-0.00358	-0.4925	-0.5125	6.15625	0.15625
-0.00357	-0.49875	-0.5125	6.3125	0.140625
-0.00356	-0.4925	-0.5125	6.3125	0.140625
-0.00355	-0.49875	-0.5125	6.3125	0.140625
-0.00354	-0.49875	-0.54375	6.3125	0.15625
-0.00353	-0.4925	-0.54375	6.3125	0.15625
-0.00352	-0.49875	-0.5125	6.15625	0.140625
-0.00351	-0.49875	-0.54375	6.3125	0.140625
-0.0035	-0.49875	-0.54375	6.3125	0.140625
-0.00349	-0.505	-0.54375	6.46875	0.140625
-0.00348	-0.4925	-0.54375	6.3125	0.125
-0.00347	-0.49875	-0.5125	6.3125	0.140625
-0.00346	-0.49875	-0.54375	6.15625	0.15625
-0.00345	-0.49875	-0.5125	6.15625	0.140625
-0.00344	-0.4925	-0.5125	6.3125	0.15625
-0.00343	-0.49875	-0.5125	6.3125	0.15625
-0.00342	-0.49875	-0.5125	6.46875	0.140625
-0.00341	-0.49875	-0.54375	6.15625	0.140625
-0.0034	-0.49875	-0.54375	6.3125	0.15625
-0.00339	-0.49875	-0.54375	6.15625	0.140625
-0.00338	-0.49875	-0.54375	6.46875	0.140625
-0.00337	-0.49875	-0.5125	6.3125	0.140625
-0.00336	-0.4925	-0.5125	6.15625	0.140625
-0.00335	-0.49875	-0.54375	6.3125	0.15625
-0.00334	-0.49875	-0.5125	6.3125	0.140625
-0.00333	-0.49875	-0.5125	6.3125	0.125
-0.00332	-0.4925	-0.5125	6.3125	0.140625
-0.00331	-0.49875	-0.54375	6.3125	0.140625
-0.0033	-0.49875	-0.54375	6.3125	0.140625
-0.00329	-0.49875	-0.5125	6.3125	0.15625
-0.00328	-0.49875	-0.54375	6.3125	0.125
-0.00327	-0.49875	-0.48125	6.3125	0.140625
-0.00326	-0.49875	-0.5125	6.3125	0.15625
-0.00325	-0.49875	-0.5125	6.3125	0.140625
-0.00324	-0.49875	-0.5125	6.3125	0.140625
-0.00323	-0.4925	-0.5125	6.3125	0.140625
-0.00322	-0.4675	-0.5125	3.1875	0.15625
-0.00321	-0.79875	0.76875	-5.5625	0.140625
-0.0032	-0.7425	0.70625	-5.5625	0.15625
-0.00319	-0.74875	0.70625	-5.5625	0.140625
-0.00318	-0.74875	0.7375	-5.5625	0.140625
-0.00317	-0.74875	0.70625	-5.5625	0.125
-0.00316	-0.74875	0.70625	-5.5625	0.140625
-0.00315	-0.74875	0.70625	-5.5625	0.15625
-0.00314	-0.755	0.70625	-5.40625	0.125
-0.00313	-0.755	0.7375	-5.5625	0.15625
-0.00312	-0.74875	0.70625	-5.40625	0.140625
-0.00311	-0.74875	0.70625	-5.5625	0.140625
-0.0031	-0.7425	0.70625	-5.5625	0.140625
-0.00309	-0.7425	0.70625	-5.5625	0.140625
-0.00308	-0.74875	0.70625	-5.71875	0.140625
-0.00307	-0.76125	0.7375	-5.5625	0.140625
-0.00306	-0.74875	0.675	-5.71875	0.15625
-0.00305	-0.74875	0.7375	-5.71875	0.140625
-0.00304	-0.7425	0.7375	-5.5625	0.140625
-0.00303	-0.755	0.70625	-5.5625	0.15625
-0.00302	-0.755	0.7375	-5.5625	0.140625
-0.00301	-0.74875	0.7375	-5.5625	0.140625
-0.003	-0.74875	0.7375	-5.5625	0.140625
-0.00299	-0.755	0.70625	-5.5625	0.140625
-0.00298	-0.755	0.70625	-5.71875	0.140625
-0.00297	-0.74875	0.70625	-5.71875	0.140625
-0.00296	-0.74875	0.7375	-5.71875	0.140625
-0.00295	-0.74875	0.7375	-5.71875	0.140625
-0.00294	-0.755	0.70625	-5.71875	0.15625
-0.00293	-0.755	0.7375	-5.71875	0.125
-0.00292	-0.74875	0.70625	-5.5625	0.140625
-0.00291	-0.755	0.76875	-5.5625	0.140625
-0.0029	-0.755	0.7375	-5.71875	0.15625
-0.00289	-0.755	0.70625	-5.71875	0.15625
-0.00288	-0.74875	0.7375	-5.5625	0.125
-0.00287	-0.74875	0.70625	-5.5625	0.15625
-0.00286	-0.74875	0.70625	-5.71875	0.140625
-0.00285	-0.755	0.70625	-5.5625	0.140625
-0.00284	-0.74875	0.7375	-5.71875	0.140625
-0.00283	-0.755	0.70625	-5.71875	0.140625
-0.00282	-0.74875	0.70625	-5.5625	0.140625
-0.00281	-0.755	0.70625	-5.5625	0.15625
-0.0028	-0.755	0.70625	-5.5625	0.15625
-0.00279	-0.74875	0.70625	-5.5625	0.140625
-0.00278	-0.74875	0.7375	-5.71875	0.15625
-0.00277	-0.755	0.7375	-5.5625	0.15625
-0.00276	-0.755	0.70625	-5.5625	0.15625
-0.00275	-0.74875	0.76875	-5.5625	0.140625
-0.00274	-0.74875	0.7375	-5.5625	0.140625
-0.00273	-0.74875	0.70625	-5.5625	0.15625
-0.00272	-0.755	0.70625	-5.71875	0.140625
-0.00271	-0.755	0.7375	-5.5625	0.15625
-0.0027	-0.755	0.7375	-5.5625	0.15625
-0.00269	-0.74875	0.70625	-5.5625	0.15625
-0.00268	-0.74875	0.70625	-5.71875	0.15625
-0.00267	-0.755	0.70625	-5.5625	0.140625
-0.00266	-0.74875	0.7375	-5.71875	0.15625
-0.00265	-0.74875	0.70625	-5.5625	0.140625
-0.00264	-0.74875	0.70625	-5.5625	0.15625
-0.00263	-0.74875	0.70625	-5.5625	0.140625
-0.00262	-0.7425	0.70625	-5.5625	0.15625
-0.00261	-0.755	0.76875	-5.5625	0.140625
-0.0026	-0.74875	0.7375	-5.5625	0.15625
-0.00259	-0.7425	0.70625	-5.5625	0.140625
-0.00258	-0.74875	0.70625	-3.53125	0.15625
-0.00257	-0.505	-0.5125	6.15625	0.15625
-0.00256	-0.49875	-0.54375	6.3125	0.140625
-0.00255	-0.505	-0.5125	6.3125	0.15625
-0.00254	-0.49875	-0.5125	6.3125	0.15625
-0.00253	-0.505	-0.54375	6.3125	0.15625
-0.00252	-0.505	-0.54375	6.3125	0.140625
-0.00251	-0.505	-0.5125	6.3125	0.140625
-0.0025	-0.49875	-0.5125	6.3125	0.140625
-0.00249	-0.49875	-0.5125	6.3125	0.15625
-0.00248	-0.505	-0.5125	6.3125	0.140625
-0.00247	-0.49875	-0.5125	6.15625	0.15625
-0.00246	-0.49875	-0.54375	6.46875	0.140625
-0.00245	-0.49875	-0.5125	6.15625	0.140625
-0.00244	-0.49875	-0.54375	6.3125	0.140625
-0.00243	-0.49875	-0.5125	6.3125	0.140625
-0.00242	-0.4925	-0.54375	6.3125	0.140625
-0.00241	-0.49875	-0.54375	6.3125	0.140625
-0.0024	-0.49875	-0.5125	6.15625	0.140625
-0.00239	-0.49875	-0.5125	6.3125	0.15625
-0.00238	-0.505	-0.54375	6.3125	0.140625
-0.00237	-0.4925	-0.5125	6.3125	0.140625
-0.00236	-0.49875	-0.5125	6.3125	0.140625
-0.00235	-0.4925	-0.54375	6.3125	0.140625
-0.00234	-0.4925	-0.54375	6.15625	0.140625
-0.00233	-0.49875	-0.5125	6.15625	0.140625
-0.00232	-0.4925	-0.54375	6.3125	0.140625
-0.00231	-0.505	-0.5125	6.15625	0.140625
-0.0023	-0.49875	-0.54375	6.3125	0.140625
-0.00229	-0.49875	-0.54375	6.15625	0.140625
-0.00228	-0.4925	-0.5125	6.46875	0.15625
-0.00227	-0.49875	-0.5125	6.3125	0.140625
-0.00226	-0.49875	-0.54375	6.3125	0.140625
-0.00225	-0.505	-0.5125	6.3125	0.140625
-0.00224	-0.49875	-0.5125	6.3125	0.140625
-0.00223	-0.4925	-0.5125	6.15625	0.15625
-0.00222	-0.49875	-0.54375	6.15625	0.125
-0.00221	-0.49875	-0.5125	6.3125	0.15625
-0.0022	-0.49875	-0.54375	6.3125	0.125
-0.00219	-0.49875	-0.5125	6.3125	0.15625
-0.00218	-0.4925	-0.54375	6.3125	0.140625
-0.00217	-0.505	-0.54375	6.3125	0.140625
-0.00216	-0.49875	-0.54375	6.15625	0.15625
-0.00215	-0.49875	-0.54375	6.3125	0.15625
-0.00214	-0.49875	-0.54375	6.3125	0.15625
-0.00213	-0.505	-0.54375	6.3125	0.15625
-0.00212	-0.49875	-0.54375	6.15625	0.140625
-0.00211	-0.49875	-0.54375	6.3125	0.140625
-0.0021	-0.49875	-0.5125	6.3125	0.140625
-0.00209	-0.505	-0.5125	6.15625	0.140625
-0.00208	-0.49875	-0.54375	6.3125	0.15625
-0.00207	-0.49875	-0.54375	6.3125	0.140625
-0.00206	-0.49875	-0.5125	6.3125	0.15625
-0.00205	-0.49875	-0.5125	6.3125	0.125
-0.00204	-0.505	-0.54375	6.3125	0.140625
-0.00203	-0.505	-0.5125	6.3125	0.140625
-0.00202	-0.4925	-0.5125	6.3125	0.140625
-0.00201	-0.49875	-0.5125	6.3125	0.15625
-0.002	-0.4925	-0.5125	6.3125	0.140625
-0.00199	-0.49875	-0.5125	6.3125	0.140625
-0.00198	-0.4925	-0.54375	6.3125	0.125
-0.00197	-0.49875	-0.54375	6.3125	0.15625
-0.00196	-0.4925	-0.54375	6.3125	0.140625
-0.00195	-0.49875	-0.5125	6.3125	0.140625
-0.00194	-0.51125	-0.575	6.46875	0.15625
-0.00193	-0.57375	0.675	0.0624993	0.15625
-0.00192	-0.72375	0.675	-5.40625	0.140625
-0.00191	-0.755	0.7375	-5.5625	0.140625
-0.0019	-0.755	0.7375	-5.71875	0.125
-0.00189	-0.74875	0.70625	-5.5625	0.140625
-0.00188	-0.74875	0.70625	-5.5625	0.15625
-0.00187	-0.74875	0.70625	-5.40625	0.140625
-0.00186	-0.74875	0.70625	-5.5625	0.15625
-0.00185	-0.74875	0.70625	-5.5625	0.15625
-0.00184	-0.7425	0.70625	-5.71875	0.140625
-0.00183	-0.755	0.70625	-5.5625	0.140625
-0.00182	-0.755	0.70625	-5.71875	0.15625
-0.00181	-0.74875	0.70625	-5.5625	0.140625
-0.0018	-0.74875	0.70625	-5.5625	0.140625
-0.00179	-0.74875	0.7375	-5.5625	0.15625
-0.00178	-0.755	0.7375	-5.5625	0.125
-0.00177	-0.755	0.7375	-5.71875	0.140625
-0.00176	-0.755	0.7375	-5.5625	0.140625
-0.00175	-0.755	0.70625	-5.71875	0.140625
-0.00174	-0.74875	0.70625	-5.5625	0.15625
-0.00173	-0.74875	0.70625	-5.5625	0.140625
-0.00172	-0.74875	0.70625	-5.71875	0.140625
-0.00171	-0.74875	0.70625	-5.71875	0.140625
-0.0017	-0.76125	0.70625	-5.71875	0.15625
-0.00169	-0.74875	0.7375	-5.71875	0.140625
-0.00168	-0.74875	0.70625	-5.71875	0.140625
-0.00167	-0.74875	0.70625	-5.71875	0.140625
-0.00166	-0.74875	0.7375	-5.5625	0.140625
-0.00165	-0.755	0.7375	-5.71875	0.140625
-0.00164	-0.755	0.70625	-5.71875	0.140625
-0.00163	-0.74875	0.70625	-5.5625	0.140625
-0.00162	-0.74875	0.7375	-5.5625	0.15625
-0.00161	-0.74875	0.70625	-5.5625	0.140625
-0.0016	-0.74875	0.70625	-5.71875	0.140625
-0.00159	-0.74875	0.7375	-5.71875	0.140625
-0.00158	-0.74875	0.70625	-5.5625	0.140625
-0.00157	-0.74875	0.70625	-5.71875	0.140625
-0.00156	-0.755	0.7375	-5.71875	0.140625
-0.00155	-0.755	0.70625	-5.5625	0.15625
-0.00154	-0.755	0.7375	-5.5625	0.140625
-0.00153	-0.74875	0.70625	-5.5625	0.140625
-0.00152	-0.74875	0.7375	-5.5625	0.140625
-0.00151	-0.74875	0.7375	-5.71875	0.15625
-0.0015	-0.755	0.7375	-5.5625	0.15625
-0.00149	-0.755	0.7375	-5.5625	0.140625
-0.00148	-0.74875	0.70625	-5.71875	0.125
-0.00147	-0.74875	0.70625	-5.71875	0.140625
-0.00146	-0.74875	0.70625	-5.5625	0.15625
-0.00145	-0.74875	0.7375	-5.5625	0.140625
-0.00144	-0.74875	0.70625	-5.5625	0.15625
-0.00143	-0.755	0.7375	-5.5625	0.15625
-0.00142	-0.755	0.70625	-5.5625	0.15625
-0.00141	-0.74875	0.7375	-5.5625	0.140625
-0.0014	-0.755	0.70625	-5.5625	0.140625
-0.00139	-0.755	0.7375	-5.5625	0.125
-0.00138	-0.74875	0.7375	-5.71875	0.15625
-0.00137	-0.755	0.70625	-5.5625	0.15625
-0.00136	-0.74875	0.70625	-5.5625	0.15625
-0.00135	-0.755	0.70625	-5.5625	0.140625
-0.00134	-0.7425	0.7375	-5.5625	0.15625
-0.00133	-0.74875	0.70625	-5.40625	0.15625
-0.00132	-0.755	0.7375	-5.5625	0.15625
-0.00131	-0.74875	0.70625	-5.71875	0.15625
-0.0013	-0.74875	0.70625	-5.40625	0.140625
-0.00129	-0.67375	0.64375	-1.34375	0.15625
-0.00128	-0.47375	-0.5125	6.15625	0.140625
-0.00127	-0.49875	-0.5125	6.3125	0.140625
-0.00126	-0.49875	-0.5125	6.15625	0.140625
-0.00125	-0.49875	-0.5125	6.3125	0.140625
-0.00124	-0.49875	-0.54375	6.3125	0.15625
-0.00123	-0.49875	-0.5125	6.3125	0.15625
-0.00122	-0.49875	-0.54375	6.46875	0.140625
-0.00121	-0.505	-0.54375	6.15625	0.140625
-0.0012	-0.49875	-0.5125	6.15625	0.140625
-0.00119	-0.49875	-0.54375	6.3125	0.140625
-0.00118	-0.49875	-0.54375	6.15625	0.140625
-0.00117	-0.4925	-0.5125	6.3125	0.15625
-0.00116	-0.505	-0.5125	6.3125	0.15625
-0.00115	-0.49875	-0.5125	6.3125	0.15625
-0.00114	-0.49875	-0.5125	6.3125	0.15625
-0.00113	-0.49875	-0.54375	6.3125	0.140625
-0.00112	-0.49875	-0.5125	6.3125	0.15625
-0.00111	-0.49875	-0.5125	6.15625	0.140625
-0.0011	-0.49875	-0.54375	6.15625	0.15625
-0.00109	-0.49875	-0.54375	6.3125	0.125
-0.00108	-0.49875	-0.54375	6.15625	0.140625
-0.00107	-0.49875	-0.5125	6.15625	0.140625
-0.00106	-0.49875	-0.54375	6.3125	0.15625
-0.00105	-0.49875	-0.5125	6.3125	0.15625
-0.00104	-0.4925	-0.5125	6.46875	0.15625
-0.00103	-0.49875	-0.5125	6.3125	0.15625
-0.00102	-0.49875	-0.5125	6.15625	0.140625
-0.00101	-0.49875	-0.54375	6.3125	0.140625
-0.001	-0.4925	-0.54375	6.3125	0.140625
-0.00099	-0.49875	-0.54375	6.3125	0.15625
-0.00098	-0.505	-0.54375	6.3125	0.140625
-0.00097	-0.49875	-0.5125	6.15625	0.140625
-0.00096	-0.49875	-0.5125	6.3125	0.15625
-0.00095	-0.505	-0.54375	6.3125	0.15625
-0.00094	-0.49875	-0.54375	6.3125	0.140625
-0.00093	-0.49875	-0.5125	6.15625	0.140625
-0.00092	-0.505	-0.54375	6.3125	0.140625
-0.00091	-0.49875	-0.54375	6.3125	0.140625
-0.0009	-0.49875	-0.5125	6.3125	0.140625
-0.00089	-0.49875	-0.48125	6.3125	0.140625
-0.00088	-0.49875	-0.54375	6.3125	0.15625
-0.00087	-0.49875	-0.54375	6.3125	0.140625
-0.00086	-0.49875	-0.5125	6.3125	0.140625
-0.00085	-0.49875	-0.54375	6.15625	0.140625
-0.00084	-0.48625	-0.54375	6.3125	0.140625
-0.00083	-0.49875	-0.5125	6.3125	0.140625
-0.00082	-0.49875	-0.5125	6.3125	0.140625
-0.00081	-0.4925	-0.5125	6.3125	0.140625
-0.0008	-0.49875	-0.575	6.3125	0.140625
-0.00079	-0.49875	-0.54375	6.3125	0.125
-0.00078	-0.49875	-0.54375	6.15625	0.140625
-0.00077	-0.49875	-0.54375	6.3125	0.140625
-0.00076	-0.49875	-0.5125	6.3125	0.125
-0.00075	-0.4925	-0.5125	6.3125	0.140625
-0.00074	-0.49875	-0.54375	6.15625	0.15625
-0.00073	-0.49875	-0.5125	6.3125	0.140625
-0.00072	-0.49875	-0.54375	6.3125	0.125
-0.00071	-0.49875	-0.575	6.15625	0.140625
-0.0007	-0.49875	-0.54375	6.3125	0.140625
-0.00069	-0.49875	-0.54375	6.3125	0.125
-0.00068	-0.4925	-0.5125	6.3125	0.125
-0.00067	-0.4925	-0.5125	6.3125	0.140625
-0.00066	-0.49875	-0.5125	6.3125	0.125
-0.00065	-0.5175	-0.54375	6.15625	0.140625
-0.00064	-0.6175	0.6125	-3.84375	0.140625
-0.00063	-0.76125	0.7375	-5.5625	0.140625
-0.00062	-0.74875	0.70625	-5.5625	0.140625
-0.00061	-0.755	0.70625	-5.71875	0.140625
-0.0006	-0.74875	0.70625	-5.5625	0.140625
-0.00059	-0.74875	0.7375	-5.5625	0.125
-0.00058	-0.74875	0.70625	-5.5625	0.140625
-0.00057	-0.74875	0.7375	-5.71875	0.140625
-0.00056	-0.755	0.70625	-5.5625	0.15625
-0.00055	-0.74875	0.70625	-5.5625	0.140625
-0.00054	-0.755	0.7375	-5.5625	0.140625
-0.00053	-0.755	0.7375	-5.5625	0.125
-0.00052	-0.74875	0.70625	-5.71875	0.140625
-0.00051	-0.755	0.7375	-5.71875	0.140625
-0.0005	-0.74875	0.70625	-5.71875	0.140625
-0.00049	-0.74875	0.70625	-5.5625	0.140625
-0.00048	-0.74875	0.70625	-5.5625	0.15625
-0.00047	-0.74875	0.7375	-5.5625	0.15625
-0.00046	-0.755	0.70625	-5.71875	0.140625
-0.00045	-0.755	0.70625	-5.5625	0.140625
-0.00044	-0.74875	0.70625	-5.5625	0.140625
-0.00043	-0.74875	0.70625	-5.71875	0.140625
-0.00042	-0.755	0.70625	-5.71875	0.140625
-0.00041	-0.74875	0.7375	-5.71875	0.140625
-0.0004	-0.74875	0.7375	-5.71875	0.140625
-0.00039	-0.7425	0.70625	-5.5625	0.140625
-0.00038	-0.755	0.7375	-5.5625	0.15625
-0.00037	-0.755	0.7375	-5.71875	0.140625
-0.00036	-0.74875	0.70625	-5.5625	0.140625
-0.00035	-0.74875	0.675	-5.40625	0.140625
-0.00034	-0.755	0.7375	-5.5625	0.140625
-0.00033	-0.755	0.70625	-5.71875	0.140625
-0.00032	-0.76125	0.7375	-5.5625	0.140625
-0.00031	-0.74875	0.70625	-5.5625	0.140625
-0.0003	-0.74875	0.7375	-5.71875	0.140625
-0.00029	-0.755	0.76875	-5.71875	0.15625
-0.00028	-0.74875	0.7375	-5.71875	0.140625
-0.00027	-0.755	0.7375	-5.71875	0.140625
-0.00026	-0.74875	0.70625	-5.5625	0.140625
-0.00025	-0.755	0.7375	-5.5625	0.140625
-0.00024	-0.755	0.7375	-5.71875	0.140625
-0.00023	-0.755	0.7375	-5.5625	0.140625
-0.00022	-0.755	0.70625	-5.71875	0.140625
-0.00021	-0.755	0.70625	-5.5625	0.140625
-0.0002	-0.74875	0.7375	-5.71875	0.15625
-0.00019	-0.755	0.7375	-5.5625	0.140625
-0.00018	-0.755	0.7375	-5.40625	0.140625
-0.00017	-0.74875	0.7375	-5.40625	0.15625
-0.00016	-0.755	0.70625	-5.71875	0.140625
-0.00015	-0.755	0.7375	-5.71875	0.140625
-0.00014	-0.74875	0.7375	-5.5625	0.140625
-0.00013	-0.74875	0.70625	-5.5625	0.140625
-0.00012	-0.755	0.70625	-5.71875	0.140625
-0.00011	-0.755	0.7375	-5.71875	0.140625
-0.0001	-0.74875	0.76875	-5.5625	0.140625
-0.00009	-0.74875	0.7375	-5.5625	0.15625
-0.00008	-0.74875	0.70625	-5.5625	0.140625
-0.00007	-0.74875	0.7375	-5.5625	0.15625
-0.00006	-0.74875	0.70625	-5.71875	0.15625
-0.00005	-0.755	0.7375	-5.40625	0.140625
-0.00004	-0.74875	0.70625	-5.71875	0.140625
-0.00003	-0.755	0.7375	-5.5625	0.140625
-0.00002	-0.755	0.70625	-5.40625	0.125
-0.00001	-0.755	0.7375	-5.09375	0.15625
-0.0000000000000000140946	-0.655	-0.0125	1.46875	0.140625
0.00001	-0.51125	-0.54375	6.3125	0.15625
0.00002	-0.49875	-0.5125	6.3125	0.140625
0.00003	-0.49875	-0.54375	6.3125	0.15625
0.00004	-0.505	-0.54375	6.3125	0.15625
0.00005	-0.49875	-0.5125	6.15625	0.15625
0.00006	-0.505	-0.48125	6.3125	0.140625
0.00007	-0.49875	-0.5125	6.3125	0.140625
0.00008	-0.49875	-0.54375	6.3125	0.125
0.00009	-0.505	-0.54375	6.3125	0.15625
0.0001	-0.49875	-0.54375	6.3125	0.125
0.00011	-0.49875	-0.54375	6.3125	0.15625
0.00012	-0.49875	-0.54375	6.3125	0.140625
0.00013	-0.49875	-0.54375	6.3125	0.140625
0.00014	-0.49875	-0.54375	6.3125	0.140625
0.00015	-0.505	-0.54375	6.15625	0.140625
0.00016	-0.49875	-0.54375	6.15625	0.15625
0.00017	-0.49875	-0.5125	6.3125	0.140625
0.00018	-0.49875	-0.5125	6.3125	0.15625
0.00019	-0.4925	-0.54375	6.3125	0.140625
0.0002	-0.4925	-0.54375	6.3125	0.140625
0.00021	-0.4925	-0.54375	6.3125	0.15625
0.00022	-0.505	-0.54375	6.3125	0.15625
0.00023	-0.49875	-0.54375	6.3125	0.140625
0.00024	-0.49875	-0.5125	6.3125	0.15625
0.00025	-0.505	-0.5125	6.46875	0.125
0.00026	-0.505	-0.5125	6.3125	0.15625
0.00027	-0.505	-0.5125	6.3125	0.140625
0.00028	-0.49875	-0.5125	6.3125	0.125
0.00029	-0.49875	-0.5125	6.3125	0.15625
0.0003	-0.4925	-0.54375	6.3125	0.125
0.00031	-0.4925	-0.5125	6.3125	0.140625
0.00032	-0.49875	-0.5125	6.3125	0.171875
0.00033	-0.49875	-0.5125	6.15625	0.125
0.00034	-0.49875	-0.54375	6.3125	0.140625
0.00035	-0.49875	-0.5125	6.15625	0.140625
0.00036	-0.49875	-0.5125	6.15625	0.15625
0.00037	-0.49875	-0.5125	6.3125	0.125
0.00038	-0.4925	-0.5125	6.3125	0.140625
0.00039	-0.49875	-0.54375	6.46875	0.15625
0.0004	-0.49875	-0.5125	6.3125	0.140625
0.00041	-0.49875	-0.48125	6.3125	0.125
0.00042	-0.49875	-0.5125	6.3125	0.15625
0.00043	-0.49875	-0.54375	6.3125	0.140625
0.00044	-0.49875	-0.5125	6.3125	0.140625
0.00045	-0.49875	-0.54375	6.15625	0.140625
0.00046	-0.49875	-0.5125	6.3125	0.140625
0.00047	-0.49875	-0.5125	6.3125	0.125
0.00048	-0.49875	-0.54375	6.15625	0.140625
0.00049	-0.49875	-0.5125	6.3125	0.140625
0.0005	-0.49875	-0.54375	6.15625	0.140625
0.00051	-0.49875	-0.5125	6.3125	0.140625
0.00052	-0.49875	-0.54375	6.3125	0.140625
0.00053	-0.49875	-0.54375	6.15625	0.15625
0.00054	-0.49875	-0.5125	6.3125	0.140625
0.00055	-0.4925	-0.5125	6.3125	0.140625
0.00056	-0.49875	-0.54375	6.3125	0.140625
0.00057	-0.49875	-0.5125	6.3125	0.140625
0.00058	-0.49875	-0.5125	6.15625	0.15625
0.00059	-0.49875	-0.54375	6.15625	0.15625
0.0006	-0.49875	-0.5125	6.3125	0.15625
0.00061	-0.505	-0.575	6.15625	0.125
0.00062	-0.4925	-0.54375	6.3125	0.140625
0.00063	-0.49875	-0.54375	6.3125	0.125
0.00064	-0.4675	-0.48125	4.28125	0.140625
0.00065	-0.78	0.7375	-5.40625	0.140625
0.00066	-0.74875	0.70625	-5.5625	0.15625
0.00067	-0.755	0.70625	-5.5625	0.140625
0.00068	-0.7425	0.70625	-5.5625	0.140625
0.00069	-0.74875	0.70625	-5.71875	0.140625
0.0007	-0.755	0.70625	-5.5625	0.15625
0.00071	-0.755	0.76875	-5.5625	0.15625
0.00072	-0.755	0.7375	-5.5625	0.140625
0.00073	-0.755	0.7375	-5.5625	0.140625
0.00074	-0.7425	0.70625	-5.5625	0.15625
0.00075	-0.755	0.70625	-5.5625	0.140625
0.00076	-0.755	0.70625	-5.5625	0.15625
0.00077	-0.74875	0.675	-5.875	0.140625
0.00078	-0.755	0.70625	-5.5625	0.140625
0.00079	-0.755	0.7375	-5.40625	0.15625
0.0008	-0.755	0.76875	-5.5625	0.15625
0.00081	-0.74875	0.70625	-5.5625	0.15625
0.00082	-0.74875	0.70625	-5.71875	0.140625
0.00083	-0.74875	0.70625	-5.5625	0.140625
0.00084	-0.74875	0.7375	-5.5625	0.140625
0.00085	-0.755	0.70625	-5.71875	0.125
0.00086	-0.755	0.70625	-5.71875	0.140625
0.00087	-0.755	0.70625	-5.5625	0.15625
0.00088	-0.74875	0.70625	-5.71875	0.140625
0.00089	-0.74875	0.7375	-5.71875	0.140625
0.0009	-0.74875	0.7375	-5.71875	0.15625
0.00091	-0.755	0.70625	-5.71875	0.140625
0.00092	-0.76125	0.7375	-5.5625	0.140625
0.00093	-0.755	0.70625	-5.71875	0.140625
0.00094	-0.74875	0.7375	-5.71875	0.15625
0.00095	-0.74875	0.70625	-5.5625	0.140625
0.00096	-0.74875	0.7375	-5.71875	0.140625
0.00097	-0.755	0.70625	-5.71875	0.140625
0.00098	-0.74875	0.70625	-5.5625	0.140625
0.00099	-0.755	0.7375	-5.5625	0.140625
0.001	-0.74875	0.70625	-5.5625	0.140625
0.00101	-0.755	0.7375	-5.5625	0.125
0.00102	-0.74875	0.70625	-5.5625	0.15625
0.00103	-0.74875	0.7375	-5.71875	0.140625
0.00104	-0.74875	0.70625	-5.71875	0.15625
0.00105	-0.74875	0.70625	-5.71875	0.140625
0.00106	-0.74875	0.76875	-5.71875	0.140625
0.00107	-0.7425	0.70625	-5.71875	0.125
0.00108	-0.755	0.70625	-5.71875	0.15625
0.00109	-0.7425	0.70625	-5.5625	0.140625
0.0011	-0.74875	0.7375	-5.5625	0.140625
0.00111	-0.74875	0.7375	-5.71875	0.140625
0.00112	-0.74875	0.7375	-5.5625	0.140625
0.00113	-0.74875	0.7375	-5.71875	0.140625
0.00114	-0.755	0.7375	-5.71875	0.15625
0.00115	-0.74875	0.7375	-5.71875	0.125
0.00116	-0.74875	0.70625	-5.71875	0.140625
0.00117	-0.74875	0.70625	-5.40625	0.140625
0.00118	-0.755	0.7375	-5.5625	0.15625
0.00119	-0.755	0.7375	-5.71875	0.140625
0.0012	-0.755	0.7375	-5.5625	0.140625
0.00121	-0.74875	0.7375	-5.71875	0.15625
0.00122	-0.755	0.7375	-5.71875	0.140625
0.00123	-0.74875	0.70625	-5.5625	0.140625
0.00124	-0.74875	0.7375	-5.5625	0.15625
0.00125	-0.74875	0.70625	-5.5625	0.15625
0.00126	-0.74875	0.7375	-5.5625	0.140625
0.00127	-0.755	0.7375	-5.40625	0.140625
0.00128	-0.7675	0.70625	-4	0.15625
0.00129	-0.53	-0.54375	5.375	0.140625
0.0013	-0.4925	-0.5125	6.15625	0.140625
0.00131	-0.49875	-0.48125	6.3125	0.140625
0.00132	-0.49875	-0.54375	6.46875	0.15625
0.00133	-0.49875	-0.5125	6.3125	0.140625
0.00134	-0.4925	-0.5125	6.3125	0.15625
0.00135	-0.49875	-0.54375	6.3125	0.140625
0.00136	-0.4925	-0.5125	6.3125	0.140625
0.00137	-0.49875	-0.54375	6.3125	0.140625
0.00138	-0.49875	-0.5125	6.3125	0.15625
0.00139	-0.49875	-0.5125	6.3125	0.140625
0.0014	-0.49875	-0.5125	6.3125	0.140625
0.00141	-0.4925	-0.54375	6.3125	0.140625
0.00142	-0.49875	-0.5125	6.15625	0.140625
0.00143	-0.4925	-0.5125	6.3125	0.15625
0.00144	-0.49875	-0.5125	6.3125	0.140625
0.00145	-0.49875	-0.5125	6.15625	0.140625
0.00146	-0.49875	-0.54375	6.3125	0.140625
0.00147	-0.49875	-0.5125	6.3125	0.15625
0.00148	-0.4925	-0.5125	6.3125	0.15625
0.00149	-0.4925	-0.54375	6.15625	0.140625
0.0015	-0.49875	-0.5125	6.15625	0.140625
0.00151	-0.49875	-0.54375	6.15625	0.15625
0.00152	-0.4925	-0.5125	6.3125	0.15625
0.00153	-0.49875	-0.54375	6.46875	0.140625
0.00154	-0.505	-0.5125	6.3125	0.125
0.00155	-0.49875	-0.54375	6.15625	0.140625
0.00156	-0.49875	-0.5125	6.3125	0.140625
0.00157	-0.49875	-0.5125	6.3125	0.140625
0.00158	-0.4925	-0.54375	6.3125	0.15625
0.00159	-0.49875	-0.54375	6.3125	0.140625
0.0016	-0.49875	-0.54375	6.15625	0.15625
0.00161	-0.49875	-0.5125	6.15625	0.15625
0.00162	-0.4925	-0.54375	6.3125	0.140625
0.00163	-0.48625	-0.54375	6.46875	0.140625
0.00164	-0.4925	-0.54375	6.3125	0.15625
0.00165	-0.49875	-0.54375	6.3125	0.140625
0.00166	-0.4925	-0.5125	6.46875	0.125
0.00167	-0.49875	-0.5125	6.3125	0.15625
0.00168	-0.4925	-0.5125	6.3125	0.15625
0.00169	-0.49875	-0.54375	6.3125	0.15625
0.0017	-0.49875	-0.5125	6.3125	0.125
0.00171	-0.49875	-0.54375	6.15625	0.140625
0.00172	-0.505	-0.54375	6.3125	0.140625
0.00173	-0.4925	-0.54375	6.3125	0.15625
0.00174	-0.4925	-0.5125	6.3125	0.140625
0.00175	-0.505	-0.54375	6.3125	0.140625
0.00176	-0.49875	-0.5125	6.3125	0.15625
0.00177	-0.49875	-0.54375	6.3125	0.125
0.00178	-0.4925	-0.5125	6.3125	0.140625
0.00179	-0.4925	-0.5125	6.3125	0.140625
0.0018	-0.49875	-0.54375	6.3125	0.15625
0.00181	-0.49875	-0.54375	6.3125	0.140625
0.00182	-0.49875	-0.54375	6.3125	0.140625
0.00183	-0.4925	-0.5125	6.3125	0.140625
0.00184	-0.49875	-0.5125	6.3125	0.140625
0.00185	-0.49875	-0.5125	6.3125	0.140625
0.00186	-0.4925	-0.5125	6.15625	0.140625
0.00187	-0.49875	-0.5125	6.3125	0.140625
0.00188	-0.49875	-0.54375	6.3125	0.140625
0.00189	-0.49875	-0.5125	6.3125	0.125
0.0019	-0.505	-0.5125	6.3125	0.125
0.00191	-0.49875	-0.54375	6.3125	0.140625
0.00192	-0.505	-0.54375	6.3125	0.140625
0.00193	-0.53625	-0.04375	1.46875	0.15625
0.00194	-0.7425	0.675	-5.5625	0.140625
0.00195	-0.755	0.7375	-5.40625	0.140625
0.00196	-0.74875	0.7375	-5.5625	0.15625
0.00197	-0.74875	0.70625	-5.40625	0.109375
0.00198	-0.74875	0.7375	-5.40625	0.140625
0.00199	-0.74875	0.70625	-5.5625	0.125
0.002	-0.755	0.7375	-5.5625	0.140625
0.00201	-0.755	0.7375	-5.5625	0.140625
0.00202	-0.74875	0.70625	-5.5625	0.140625
0.00203	-0.74875	0.70625	-5.5625	0.125
0.00204	-0.74875	0.7375	-5.71875	0.15625
0.00205	-0.755	0.70625	-5.5625	0.140625
0.00206	-0.74875	0.7375	-5.71875	0.125
0.00207	-0.74875	0.675	-5.5625	0.140625
0.00208	-0.755	0.7375	-5.5625	0.140625
0.00209	-0.74875	0.70625	-5.71875	0.140625
0.0021	-0.74875	0.70625	-5.71875	0.140625
0.00211	-0.74875	0.7375	-5.71875	0.140625
0.00212	-0.74875	0.70625	-5.71875	0.15625
0.00213	-0.7425	0.70625	-5.5625	0.140625
0.00214	-0.74875	0.70625	-5.71875	0.15625
0.00215	-0.74875	0.7375	-5.5625	0.140625
0.00216	-0.755	0.7375	-5.5625	0.15625
0.00217	-0.76125	0.7375	-5.5625	0.140625
0.00218	-0.755	0.7375	-5.71875	0.15625
0.00219	-0.755	0.70625	-5.71875	0.140625
0.0022	-0.74875	0.7375	-5.71875	0.140625
0.00221	-0.755	0.7375	-5.5625	0.140625
0.00222	-0.755	0.76875	-5.71875	0.15625
0.00223	-0.74875	0.675	-5.71875	0.140625
0.00224	-0.74875	0.7375	-5.71875	0.140625
0.00225	-0.755	0.70625	-5.71875	0.15625
0.00226	-0.755	0.7375	-5.5625	0.140625
0.00227	-0.74875	0.7375	-5.5625	0.140625
0.00228	-0.74875	0.70625	-5.71875	0.140625
0.00229	-0.755	0.7375	-5.5625	0.140625
0.0023	-0.74875	0.7375	-5.5625	0.15625
0.00231	-0.755	0.70625	-5.5625	0.140625
0.00232	-0.755	0.70625	-5.5625	0.140625
0.00233	-0.74875	0.70625	-5.71875	0.140625
0.00234	-0.755	0.7375	-5.71875	0.15625
0.00235	-0.74875	0.70625	-5.5625	0.140625
0.00236	-0.755	0.7375	-5.5625	0.15625
0.00237	-0.755	0.7375	-5.71875	0.140625
0.00238	-0.755	0.7375	-5.71875	0.140625
0.00239	-0.755	0.70625	-5.71875	0.15625
0.0024	-0.755	0.7375	-5.71875	0.15625
0.00241	-0.74875	0.7375	-5.5625	0.140625
0.00242	-0.74875	0.70625	-5.71875	0.15625
0.00243	-0.755	0.70625	-5.71875	0.140625
0.00244	-0.74875	0.7375	-5.5625	0.140625
0.00245	-0.74875	0.70625	-5.5625	0.140625
0.00246	-0.74875	0.70625	-5.5625	0.140625
0.00247	-0.74875	0.70625	-5.5625	0.140625
0.00248	-0.755	0.7375	-5.71875	0.15625
0.00249	-0.755	0.7375	-5.5625	0.15625
0.0025	-0.74875	0.70625	-5.71875	0.15625
0.00251	-0.74875	0.7375	-5.5625	0.125
0.00252	-0.74875	0.7375	-5.71875	0.15625
0.00253	-0.74875	0.70625	-5.5625	0.140625
0.00254	-0.74875	0.70625	-5.5625	0.140625
0.00255	-0.74875	0.70625	-5.5625	0.15625
0.00256	-0.74875	0.70625	-5.5625	0.15625
0.00257	-0.71125	0.70625	-2.28125	0.15625
0.00258	-0.44875	-0.48125	6.3125	0.15625
0.00259	-0.505	-0.54375	6.15625	0.15625
0.0026	-0.49875	-0.54375	6.3125	0.140625
0.00261	-0.49875	-0.54375	6.15625	0.140625
0.00262	-0.49875	-0.54375	6.15625	0.140625
0.00263	-0.49875	-0.5125	6.3125	0.140625
0.00264	-0.49875	-0.5125	6.15625	0.140625
0.00265	-0.49875	-0.5125	6.3125	0.15625
0.00266	-0.4925	-0.5125	6.15625	0.140625
0.00267	-0.49875	-0.5125	6.3125	0.140625
0.00268	-0.49875	-0.5125	6.46875	0.140625
0.00269	-0.49875	-0.5125	6.15625	0.15625
0.0027	-0.49875	-0.5125	6.3125	0.140625
0.00271	-0.49875	-0.54375	6.3125	0.15625
0.00272	-0.4925	-0.54375	6.15625	0.125
0.00273	-0.49875	-0.54375	6.3125	0.125
0.00274	-0.4925	-0.5125	6.3125	0.140625
0.00275	-0.49875	-0.5125	6.15625	0.140625
0.00276	-0.49875	-0.54375	6.15625	0.15625
0.00277	-0.49875	-0.54375	6.3125	0.140625
0.00278	-0.505	-0.5125	6.3125	0.140625
0.00279	-0.505	-0.48125	6.3125	0.15625
0.0028	-0.49875	-0.54375	6.3125	0.140625
0.00281	-0.4925	-0.5125	6.3125	0.15625
0.00282	-0.4925	-0.5125	6.15625	0.140625
0.00283	-0.4925	-0.5125	6.3125	0.140625
0.00284	-0.49875	-0.5125	6.3125	0.125
0.00285	-0.49875	-0.5125	6.15625	0.140625
0.00286	-0.49875	-0.54375	6.3125	0.140625
0.00287	-0.4925	-0.5125	6.46875	0.140625
0.00288	-0.49875	-0.54375	6.3125	0.140625
0.00289	-0.49875	-0.5125	6.3125	0.140625
0.0029	-0.49875	-0.54375	6.3125	0.140625
0.00291	-0.4925	-0.54375	6.15625	0.140625
0.00292	-0.49875	-0.5125	6.3125	0.140625
0.00293	-0.505	-0.54375	6.3125	0.125
0.00294	-0.49875	-0.54375	6.3125	0.140625
0.00295	-0.49875	-0.5125	6.3125	0.140625
0.00296	-0.4925	-0.5125	6.15625	0.125
0.00297	-0.505	-0.5125	6.3125	0.140625
0.00298	-0.505	-0.5125	6.46875	0.125
0.00299	-0.49875	-0.5125	6.3125	0.140625
0.003	-0.49875	-0.5125	6.15625	0.140625
0.00301	-0.49875	-0.54375	6.3125	0.140625
0.00302	-0.49875	-0.5125	6.3125	0.15625
0.00303	-0.505	-0.5125	6.3125	0.140625
0.00304	-0.49875	-0.54375	6.3125	0.140625
0.00305	-0.49875	-0.54375	6.3125	0.140625
0.00306	-0.49875	-0.54375	6.15625	0.140625
0.00307	-0.505	-0.54375	6.3125	0.140625
0.00308	-0.4925	-0.5125	6.3125	0.140625
0.00309	-0.49875	-0.5125	6.3125	0.140625
0.0031	-0.4925	-0.5125	6.46875	0.140625
0.00311	-0.49875	-0.5125	6.3125	0.125
0.00312	-0.4925	-0.5125	6.46875	0.125
0.00313	-0.49875	-0.54375	6.15625	0.140625
0.00314	-0.49875	-0.54375	6.3125	0.125
0.00315	-0.4925	-0.5125	6.3125	0.15625
0.00316	-0.49875	-0.54375	6.3125	0.15625
0.00317	-0.4925	-0.54375	6.3125	0.140625
0.00318	-0.4925	-0.54375	6.3125	0.140625
0.00319	-0.4925	-0.54375	6.3125	0.140625
0.0032	-0.49875	-0.5125	6.3125	0.140625
0.00321	-0.52375	-0.54375	6.15625	0.140625
0.00322	-0.655	0.6125	-2.59375	0.140625
0.00323	-0.7425	0.70625	-5.5625	0.140625
0.00324	-0.74875	0.70625	-5.40625	0.140625
0.00325	-0.755	0.70625	-5.71875	0.140625
0.00326	-0.74875	0.7375	-5.5625	0.15625
0.00327	-0.74875	0.70625	-5.71875	0.140625
0.00328	-0.74875	0.70625	-5.5625	0.140625
0.00329	-0.74875	0.70625	-5.5625	0.140625
0.0033	-0.755	0.70625	-5.71875	0.140625
0.00331	-0.74875	0.70625	-5.71875	0.140625
0.00332	-0.74875	0.7375	-5.5625	0.140625
0.00333	-0.74875	0.70625	-5.5625	0.140625
0.00334	-0.755	0.70625	-5.5625	0.15625
0.00335	-0.755	0.70625	-5.5625	0.140625
0.00336	-0.74875	0.70625	-5.5625	0.140625
0.00337	-0.7425	0.70625	-5.5625	0.140625
0.00338	-0.74875	0.70625	-5.5625	0.140625
0.00339	-0.755	0.70625	-5.5625	0.140625
0.0034	-0.74875	0.7375	-5.5625	0.15625
0.00341	-0.74875	0.7375	-5.5625	0.140625
0.00342	-0.74875	0.7375	-5.71875	0.140625
0.00343	-0.74875	0.70625	-5.71875	0.140625
0.00344	-0.74875	0.70625	-5.5625	0.15625
0.00345	-0.74875	0.70625	-5.5625	0.140625
0.00346	-0.755	0.70625	-5.5625	0.140625
0.00347	-0.755	0.70625	-5.71875	0.140625
0.00348	-0.755	0.70625	-5.5625	0.140625
0.00349	-0.755	0.7375	-5.71875	0.140625
0.0035	-0.74875	0.7375	-5.5625	0.140625
0.00351	-0.755	0.7375	-5.5625	0.140625
0.00352	-0.755	0.675	-5.5625	0.125
0.00353	-0.74875	0.70625	-5.71875	0.140625
0.00354	-0.74875	0.70625	-5.71875	0.140625
0.00355	-0.755	0.70625	-5.71875	0.140625
0.00356	-0.755	0.70625	-5.71875	0.140625
0.00357	-0.74875	0.70625	-5.5625	0.140625
0.00358	-0.74875	0.70625	-5.71875	0.15625
0.00359	-0.755	0.70625	-5.71875	0.15625
0.0036	-0.755	0.7375	-5.71875	0.140625
0.00361	-0.74875	0.7375	-5.5625	0.140625
0.00362	-0.755	0.70625	-5.71875	0.140625
0.00363	-0.74875	0.7375	-5.5625	0.125
0.00364	-0.74875	0.70625	-5.71875	0.125
0.00365	-0.74875	0.7375	-5.5625	0.140625
0.00366	-0.74875	0.7375	-5.5625	0.140625
0.00367	-0.755	0.70625	-5.5625	0.140625
0.00368	-0.755	0.70625	-5.71875	0.140625
0.00369	-0.74875	0.70625	-5.5625	0.140625
0.0037	-0.74875	0.70625	-5.5625	0.140625
0.00371	-0.755	0.7375	-5.5625	0.140625
0.00372	-0.74875	0.70625	-5.5625	0.15625
0.00373	-0.74875	0.7375	-5.5625	0.140625
0.00374	-0.74875	0.7375	-5.5625	0.140625
0.00375	-0.74875	0.70625	-5.5625	0.140625
0.00376	-0.74875	0.70625	-5.71875	0.125
0.00377	-0.74875	0.70625	-5.71875	0.140625
0.00378	-0.755	0.7375	-5.71875	0.140625
0.00379	-0.755	0.7375	-5.71875	0.140625
0.0038	-0.74875	0.7375	-5.5625	0.140625
0.00381	-0.74875	0.70625	-5.71875	0.15625
0.00382	-0.74875	0.7375	-5.5625	0.140625
0.00383	-0.7425	0.70625	-5.5625	0.15625
0.00384	-0.74875	0.70625	-5.5625	0.140625
0.00385	-0.74875	0.7375	-5.40625	0.15625
0.00386	-0.64875	0.14375	0.531249	0.140625
0.00387	-0.53	-0.54375	6.3125	0.125
0.00388	-0.49875	-0.54375	6.3125	0.171875
0.00389	-0.505	-0.54375	6.15625	0.15625
0.0039	-0.49875	-0.54375	6.15625	0.140625
0.00391	-0.4925	-0.5125	6.15625	0.140625
0.00392	-0.4925	-0.5125	6.15625	0.140625
0.00393	-0.49875	-0.5125	6.3125	0.140625
0.00394	-0.505	-0.54375	6.15625	0.15625
0.00395	-0.4925	-0.5125	6.15625	0.125
0.00396	-0.49875	-0.54375	6.15625	0.140625
0.00397	-0.4925	-0.5125	6.15625	0.140625
0.00398	-0.49875	-0.5125	6.3125	0.140625
0.00399	-0.505	-0.5125	6.3125	0.15625
0.004	-0.49875	-0.5125	6.3125	0.140625
0.00401	-0.4925	-0.5125	6.3125	0.140625
0.00402	-0.49875	-0.5125	6.3125	0.140625
0.00403	-0.49875	-0.5125	6.3125	0.140625
0.00404	-0.49875	-0.54375	6.15625	0.15625
0.00405	-0.4925	-0.48125	6.3125	0.140625
0.00406	-0.49875	-0.54375	6.3125	0.15625
0.00407	-0.49875	-0.54375	6.3125	0.140625
0.00408	-0.49875	-0.54375	6.3125	0.140625
0.00409	-0.49875	-0.5125	6.3125	0.15625
0.0041	-0.49875	-0.5125	6.15625	0.140625
0.00411	-0.49875	-0.54375	6.3125	0.140625
0.00412	-0.49875	-0.54375	6.3125	0.140625
0.00413	-0.49875	-0.5125	6.3125	0.140625
0.00414	-0.48625	-0.5125	6.3125	0.140625
0.00415	-0.49875	-0.5125	6.3125	0.15625
0.00416	-0.49875	-0.5125	6.46875	0.140625
0.00417	-0.4925	-0.54375	6.15625	0.15625
0.00418	-0.49875	-0.54375	6.3125	0.125
0.00419	-0.4925	-0.5125	6.3125	0.140625
0.0042	-0.49875	-0.5125	6.3125	0.15625
0.00421	-0.49875	-0.5125	6.3125	0.125
0.00422	-0.49875	-0.5125	6.3125	0.15625
0.00423	-0.505	-0.5125	6.3125	0.140625
0.00424	-0.49875	-0.54375	6.3125	0.140625
0.00425	-0.49875	-0.5125	6.3125	0.140625
0.00426	-0.49875	-0.5125	6.3125	0.140625
0.00427	-0.4925	-0.5125	6.15625	0.140625
0.00428	-0.49875	-0.5125	6.3125	0.140625
0.00429	-0.49875	-0.5125	6.3125	0.125
0.0043	-0.49875	-0.54375	6.3125	0.125
0.00431	-0.4925	-0.5125	6.46875	0.15625
0.00432	-0.4925	-0.54375	6.3125	0.140625
0.00433	-0.48625	-0.5125	6.3125	0.140625
0.00434	-0.49875	-0.48125	6.3125	0.140625
0.00435	-0.49875	-0.5125	6.3125	0.125
0.00436	-0.4925	-0.5125	6.3125	0.140625
0.00437	-0.49875	-0.5125	6.3125	0.125
0.00438	-0.4925	-0.54375	6.3125	0.140625
0.00439	-0.49875	-0.54375	6.3125	0.140625
0.0044	-0.49875	-0.5125	6.3125	0.140625
0.00441	-0.49875	-0.5125	6.3125	0.140625
0.00442	-0.4925	-0.5125	6.15625	0.140625
0.00443	-0.49875	-0.5125	6.15625	0.15625
0.00444	-0.49875	-0.5125	6.3125	0.140625
0.00445	-0.505	-0.5125	6.15625	0.140625
0.00446	-0.505	-0.54375	6.15625	0.125
0.00447	-0.49875	-0.5125	6.3125	0.140625
0.00448	-0.4925	-0.5125	6.3125	0.140625
0.00449	-0.4925	-0.5125	6.15625	0.140625
0.0045	-0.4925	-0.54375	5.21875	0.15625
0.00451	-0.6925	0.64375	-5.5625	0.125
0.00452	-0.74875	0.70625	-5.5625	0.140625
0.00453	-0.7425	0.70625	-5.5625	0.15625
0.00454	-0.74875	0.7375	-5.40625	0.15625
0.00455	-0.74875	0.70625	-5.71875	0.140625
0.00456	-0.74875	0.70625	-5.5625	0.15625
0.00457	-0.755	0.70625	-5.40625	0.140625
0.00458	-0.7425	0.70625	-5.71875	0.125
0.00459	-0.74875	0.7375	-5.71875	0.140625
0.0046	-0.74875	0.70625	-5.40625	0.140625
0.00461	-0.74875	0.7375	-5.5625	0.140625
0.00462	-0.74875	0.70625	-5.5625	0.15625
0.00463	-0.755	0.70625	-5.71875	0.15625
0.00464	-0.74875	0.70625	-5.71875	0.140625
0.00465	-0.74875	0.7375	-5.5625	0.125
0.00466	-0.74875	0.675	-5.5625	0.140625
0.00467	-0.755	0.7375	-5.71875	0.140625
0.00468	-0.74875	0.70625	-5.5625	0.140625
0.00469	-0.755	0.7375	-5.71875	0.140625
0.0047	-0.74875	0.70625	-5.71875	0.140625
0.00471	-0.755	0.7375	-5.71875	0.140625
0.00472	-0.74875	0.70625	-5.5625	0.140625
0.00473	-0.74875	0.70625	-5.5625	0.140625
0.00474	-0.74875	0.70625	-5.71875	0.15625
0.00475	-0.755	0.7375	-5.40625	0.140625
0.00476	-0.755	0.70625	-5.71875	0.140625
0.00477	-0.74875	0.70625	-5.5625	0.15625
0.00478	-0.755	0.7375	-5.5625	0.140625
0.00479	-0.755	0.70625	-5.5625	0.15625
0.0048	-0.755	0.70625	-5.71875	0.140625
0.00481	-0.74875	0.70625	-5.71875	0.15625
0.00482	-0.74875	0.70625	-5.71875	0.125
0.00483	-0.74875	0.7375	-5.71875	0.140625
0.00484	-0.74875	0.70625	-5.5625	0.125
0.00485	-0.74875	0.70625	-5.71875	0.125
0.00486	-0.74875	0.70625	-5.5625	0.140625
0.00487	-0.74875	0.7375	-5.71875	0.140625
0.00488	-0.755	0.7375	-5.71875	0.125
0.00489	-0.7425	0.70625	-5.5625	0.15625
0.0049	-0.74875	0.70625	-5.5625	0.15625
0.00491	-0.74875	0.70625	-5.71875	0.140625
0.00492	-0.74875	0.7375	-5.71875	0.140625
0.00493	-0.755	0.70625	-5.5625	0.15625
0.00494	-0.7425	0.70625	-5.5625	0.15625
0.00495	-0.7425	0.70625	-5.5625	0.140625
0.00496	-0.74875	0.7375	-5.71875	0.15625
0.00497	-0.755	0.70625	-5.5625	0.15625
0.00498	-0.755	0.70625	-5.71875	0.140625
0.00499	-0.755	0.70625	-5.71875	0.140625
