# Zeit (s)	# Kanal 1 (V)	# Kanal 2 (V)	# Kanal 3 (V)	# Kanal 4 (V)	# D0-D7	
-2.335	7.59375	0.3125	-4.78125	0.65625	0
-2.33	7.4375	0.46875	-4.46875	0.65625	0
-2.325	7.4375	0.3125	-4.46875	0.5	0
-2.32	7.4375	0.3125	-4.3125	0.65625	0
-2.315	7.59375	0.3125	-4.3125	0.65625	0
-2.31	7.4375	0.46875	-4.3125	0.65625	0
-2.305	7.4375	0.46875	-4.46875	0.65625	0
-2.3	7.4375	0.3125	-4.46875	0.65625	0
-2.295	7.4375	0.46875	-4.3125	0.65625	0
-2.29	7.4375	0.46875	-4.15625	0.65625	0
-2.285	7.4375	0.46875	-4.15625	0.65625	0
-2.28	7.59375	0.46875	-4.3125	0.65625	0
-2.275	7.4375	0.3125	-4.15625	0.65625	0
-2.27	7.4375	0.3125	-4.15625	0.65625	0
-2.265	7.4375	0.46875	-4	0.5	0
-2.26	7.28125	0.46875	-4	0.65625	0
-2.255	7.4375	0.46875	-4.15625	0.65625	0
-2.25	7.28125	0.46875	-3.84375	0.65625	0
-2.245	7.59375	0.46875	-4	0.8125	0
-2.24	7.4375	0.46875	-4	0.65625	0
-2.235	7.4375	0.15625	-4	0.65625	0
-2.23	7.28125	0.3125	-3.84375	0.65625	0
-2.225	7.59375	0.46875	-3.84375	0.65625	0
-2.22	7.28125	0.46875	-3.84375	0.65625	0
-2.215	7.28125	0.625	-3.84375	0.65625	0
-2.21	7.4375	0.46875	-3.84375	0.5	0
-2.205	7.4375	0.3125	-3.6875	0.65625	0
-2.2	7.4375	0.46875	-3.6875	0.65625	0
-2.195	7.28125	0.3125	-3.84375	0.65625	0
-2.19	7.59375	0.46875	-3.53125	0.65625	0
-2.185	7.59375	0.625	-3.6875	0.65625	0
-2.18	7.28125	0.46875	-3.6875	0.5	0
-2.175	7.4375	0.3125	-3.6875	0.5	0
-2.17	7.4375	0.46875	-3.53125	0.65625	0
-2.165	7.4375	0.3125	-3.6875	0.5	0
-2.16	7.4375	0.3125	-3.53125	0.65625	0
-2.155	7.4375	0.46875	-3.53125	0.65625	0
-2.15	7.4375	0.3125	-3.375	0.65625	0
-2.145	7.4375	0.3125	-3.375	0.65625	0
-2.14	7.4375	0.46875	-3.375	0.65625	0
-2.135	7.28125	0.46875	-3.375	0.65625	0
-2.13	7.4375	0.3125	-3.21875	0.65625	0
-2.125	7.4375	0.46875	-3.21875	0.65625	0
-2.12	7.4375	0.46875	-3.21875	0.65625	0
-2.115	7.4375	0.46875	-3.0625	0.65625	0
-2.11	7.4375	0.3125	-3.21875	0.65625	0
-2.105	7.59375	0.46875	-3.21875	0.65625	0
-2.1	7.4375	0.3125	-3.375	0.65625	0
-2.095	7.4375	0.46875	-3.0625	0.65625	0
-2.09	7.4375	0.46875	-3.21875	0.65625	0
-2.085	7.28125	0.3125	-3.0625	0.5	0
-2.08	7.4375	0.3125	-3.0625	0.8125	0
-2.075	7.4375	0.46875	-3.0625	0.65625	0
-2.07	7.4375	0.46875	-3.0625	0.65625	0
-2.065	7.59375	0.3125	-3.0625	0.65625	0
-2.06	7.4375	0.3125	-3.0625	0.65625	0
-2.055	7.4375	0.3125	-3.0625	0.65625	0
-2.05	7.4375	0.46875	-2.75	0.5	0
-2.045	7.4375	0.15625	-2.90625	0.5	0
-2.04	7.4375	0.15625	-3.0625	0.65625	0
-2.035	7.28125	0.46875	-2.90625	0.65625	0
-2.03	7.4375	0.46875	-2.75	0.65625	0
-2.025	7.4375	0.3125	-2.90625	0.65625	0
-2.02	7.4375	0.46875	-2.90625	0.65625	0
-2.015	7.4375	0.46875	-2.90625	0.65625	0
-2.01	7.4375	0.46875	-2.75	0.65625	0
-2.005	7.4375	0.46875	-2.75	0.5	0
-2	7.4375	0.46875	-2.59375	0.5	0
-1.995	7.4375	0.46875	-2.59375	0.65625	0
-1.99	7.28125	0.46875	-2.59375	0.65625	0
-1.985	7.4375	0.46875	-2.59375	0.65625	0
-1.98	7.4375	0.3125	-2.4375	0.65625	0
-1.975	7.4375	0.3125	-2.4375	0.65625	0
-1.97	7.28125	0.3125	-2.59375	0.5	0
-1.965	7.4375	0.46875	-2.59375	0.5	0
-1.96	7.4375	0.46875	-2.59375	0.65625	0
-1.955	7.4375	0.625	-2.4375	0.65625	0
-1.95	7.28125	0.46875	-2.4375	0.65625	0
-1.945	7.4375	0.46875	-2.4375	0.65625	0
-1.94	7.4375	0.46875	-2.59375	0.65625	0
-1.935	7.4375	0.46875	-2.28125	0.5	0
-1.93	7.4375	0.625	-2.28125	0.65625	0
-1.925	7.4375	0.3125	-2.28125	0.65625	0
-1.92	7.4375	0.3125	-2.28125	0.65625	0
-1.915	7.4375	0.3125	-2.28125	0.5	0
-1.91	7.4375	0.46875	-2.125	0.5	0
-1.905	7.4375	0.15625	-2.28125	0.65625	0
-1.9	7.4375	0.46875	-2.28125	0.65625	0
-1.895	7.4375	0.3125	-2.125	0.5	0
-1.89	7.28125	0.3125	-1.96875	0.65625	0
-1.885	7.4375	0.46875	-2.125	0.65625	0
-1.88	7.28125	0.46875	-2.125	0.5	0
-1.875	7.28125	0.46875	-2.125	0.5	0
-1.87	7.4375	0.3125	-2.125	0.65625	0
-1.865	7.4375	0.46875	-1.96875	0.65625	0
-1.86	7.4375	0.46875	-1.96875	0.65625	0
-1.855	7.4375	0.3125	-1.96875	0.65625	0
-1.85	7.4375	0.625	-1.96875	0.65625	0
-1.845	7.28125	0.46875	-1.8125	0.65625	0
-1.84	7.4375	0.3125	-1.96875	0.65625	0
-1.835	7.4375	0.3125	-1.8125	0.65625	0
-1.83	7.4375	0.46875	-1.8125	0.65625	0
-1.825	7.4375	0.3125	-1.96875	0.65625	0
-1.82	7.28125	0.3125	-1.8125	0.65625	0
-1.815	7.28125	0.3125	-1.8125	0.65625	0
-1.81	7.59375	0.46875	-1.96875	0.65625	0
-1.805	7.4375	0.46875	-1.8125	0.65625	0
-1.8	7.59375	0.46875	-1.65625	0.65625	0
-1.795	7.4375	0.3125	-1.8125	0.65625	0
-1.79	7.4375	0.3125	-1.65625	0.65625	0
-1.785	7.28125	0.46875	-1.65625	0.65625	0
-1.78	7.59375	0.46875	-1.5	0.65625	0
-1.775	7.4375	0.3125	-1.65625	0.65625	0
-1.77	7.4375	0.3125	-1.65625	0.65625	0
-1.765	7.4375	0.15625	-1.65625	0.65625	0
-1.76	7.28125	0.46875	-1.5	0.65625	0
-1.755	7.28125	0.3125	-1.5	0.65625	0
-1.75	7.4375	0.3125	-1.5	0.65625	0
-1.745	7.28125	0.46875	-1.5	0.65625	0
-1.74	7.4375	0.46875	-1.5	0.5	0
-1.735	7.4375	0.3125	-1.34375	0.65625	0
-1.73	7.4375	0.3125	-1.34375	0.65625	0
-1.725	7.4375	0.46875	-1.34375	0.65625	0
-1.72	7.4375	0.46875	-1.34375	0.65625	0
-1.715	7.4375	0.46875	-1.34375	0.65625	0
-1.71	7.4375	0.3125	-1.34375	0.65625	0
-1.705	7.59375	0.46875	-1.1875	0.65625	0
-1.7	7.59375	0.46875	-1.1875	0.65625	0
-1.695	7.4375	0.46875	-1.1875	0.65625	0
-1.69	7.4375	0.46875	-1.1875	0.65625	0
-1.685	7.4375	0.3125	-1.1875	0.65625	0
-1.68	7.4375	0.3125	-1.1875	0.65625	0
-1.675	7.28125	0.3125	-1.1875	0.5	0
-1.67	7.4375	0.46875	-1.03125	0.5	0
-1.665	7.4375	0.46875	-1.1875	0.65625	0
-1.66	7.4375	0.3125	-1.03125	0.65625	0
-1.655	7.4375	0.46875	-1.03125	0.5	0
-1.65	7.4375	0.46875	-1.03125	0.65625	0
-1.645	7.4375	0.46875	-1.03125	0.5	0
-1.64	7.4375	0.3125	-1.03125	0.65625	0
-1.635	7.4375	0.46875	-0.875	0.5	0
-1.63	7.4375	0.46875	-1.03125	0.65625	0
-1.625	7.59375	0.46875	-0.875	0.65625	0
-1.62	7.28125	0.46875	-1.03125	0.65625	0
-1.615	7.4375	0.3125	-0.875	0.65625	0
-1.61	7.59375	0.46875	-1.03125	0.5	0
-1.605	7.4375	0.3125	-0.875	0.65625	0
-1.6	7.4375	0.3125	-0.71875	0.65625	0
-1.595	7.4375	0.625	-0.71875	0.5	0
-1.59	7.4375	0.46875	-0.875	0.65625	0
-1.585	7.4375	0.46875	-0.71875	0.65625	0
-1.58	7.28125	0.3125	-0.71875	0.5	0
-1.575	7.4375	0.46875	-0.71875	0.65625	0
-1.57	7.4375	0.46875	-0.71875	0.65625	0
-1.565	7.4375	0.46875	-0.71875	0.65625	0
-1.56	7.4375	0.3125	-0.5625	0.65625	0
-1.555	7.4375	0.3125	-0.5625	0.5	0
-1.55	7.4375	0.46875	-0.5625	0.65625	0
-1.545	7.4375	0.3125	-0.5625	0.65625	0
-1.54	7.4375	0.46875	-0.5625	0.5	0
-1.535	7.4375	0.625	-0.5625	0.65625	0
-1.53	7.28125	0.15625	-0.5625	0.65625	0
-1.525	7.4375	0.46875	-0.5625	0.65625	0
-1.52	7.4375	0.3125	-0.5625	0.65625	0
-1.515	7.4375	0.3125	-0.40625	0.65625	0
-1.51	7.4375	0.46875	-0.40625	0.5	0
-1.505	7.4375	0.46875	-0.40625	0.65625	0
-1.5	7.59375	0.46875	-0.40625	0.65625	0
-1.495	7.4375	0.3125	-0.5625	0.5	0
-1.49	7.4375	0.46875	-0.40625	0.65625	0
-1.485	7.59375	0.3125	-0.40625	0.8125	0
-1.48	7.4375	0.46875	-0.25	0.65625	0
-1.475	7.4375	0.3125	-0.40625	0.65625	0
-1.47	7.59375	0.46875	-0.25	0.5	0
-1.465	7.4375	0.46875	-0.25	0.65625	0
-1.46	7.4375	0.3125	-0.25	0.65625	0
-1.455	7.4375	0.3125	-0.25	0.65625	0
-1.45	7.4375	0.46875	-0.25	0.5	0
-1.445	7.4375	0.46875	-0.0937503	0.65625	0
-1.44	7.4375	0.46875	-0.0937503	0.65625	0
-1.435	7.4375	0.3125	-0.0937503	0.5	0
-1.43	7.4375	0.3125	-0.0937503	0.5	0
-1.425	7.4375	0.46875	-0.0937503	0.5	0
-1.42	7.4375	0.46875	-0.0937503	0.65625	0
-1.415	7.4375	0.3125	-0.0937503	0.65625	0
-1.41	7.4375	0.46875	0.0624997	0.65625	0
-1.405	7.4375	0.3125	0.0624997	0.65625	0
-1.4	7.28125	0.3125	0.0624997	0.65625	0
-1.395	7.4375	0.3125	0.0624997	0.5	0
-1.39	7.4375	0.46875	-0.0937503	0.65625	0
-1.385	7.59375	0.46875	0.21875	0.65625	0
-1.38	7.4375	0.3125	0.0624997	0.65625	0
-1.375	7.4375	0.3125	0.21875	0.5	0
-1.37	7.28125	0.3125	0.21875	0.5	0
-1.365	7.4375	0.3125	0.21875	0.65625	0
-1.36	7.4375	0.46875	0.21875	0.5	0
-1.355	7.28125	0.46875	0.21875	0.65625	0
-1.35	7.4375	0.46875	0.21875	0.65625	0
-1.345	7.28125	0.46875	0.0624997	0.5	0
-1.34	7.4375	0.3125	0.21875	0.65625	0
-1.335	7.4375	0.46875	0.21875	0.65625	0
-1.33	7.28125	0.46875	0.21875	0.5	0
-1.325	7.4375	0.3125	0.375	0.65625	0
-1.32	7.4375	0.46875	0.375	0.5	0
-1.315	7.28125	0.46875	0.375	0.65625	0
-1.31	7.59375	0.3125	0.21875	0.65625	0
-1.305	7.28125	0.46875	0.21875	0.8125	0
-1.3	7.28125	0.46875	0.375	0.65625	0
-1.295	7.28125	0.46875	0.53125	0.65625	0
-1.29	7.59375	0.3125	0.375	0.65625	0
-1.285	7.4375	0.3125	0.375	0.65625	0
-1.28	0.09375	2.03125	0.84375	-6.84375	0
-1.275	0.25	5	0.84375	-6.6875	0
-1.27	0.09375	6.25	0.6875	-6.6875	0
-1.265	0.25	6.71875	0.6875	-6.53125	0
-1.26	0.09375	6.875	0.84375	-6.53125	0
-1.255	0.09375	7.03125	0.6875	-6.375	0
-1.25	0.09375	7.03125	0.84375	-6.21875	0
-1.245	0.25	7.03125	0.84375	-6.375	0
-1.24	0.25	7.03125	0.84375	-6.375	0
-1.235	0.25	7.1875	0.6875	-6.21875	0
-1.23	0.40625	7.1875	0.6875	-6.0625	0
-1.225	0.40625	7.34375	0.6875	-6.0625	0
-1.22	0.40625	7.34375	0.84375	-5.90625	0
-1.215	0.40625	7.03125	0.84375	-5.90625	0
-1.21	0.5625	7.1875	0.6875	-5.90625	0
-1.205	0.5625	7.1875	0.6875	-5.75	0
-1.2	0.40625	7.1875	0.84375	-5.75	0
-1.195	0.71875	7.1875	0.84375	-5.75	0
-1.19	0.40625	7.1875	0.84375	-5.75	0
-1.185	0.5625	7.03125	0.6875	-5.4375	0
-1.18	0.5625	7.34375	0.6875	-5.59375	0
-1.175	0.40625	7.03125	0.6875	-5.4375	0
-1.17	0.5625	7.1875	0.6875	-5.4375	0
-1.165	0.40625	7.1875	0.84375	-5.4375	0
-1.16	0.5625	7.1875	0.6875	-5.4375	0
-1.155	0.40625	7.1875	0.84375	-5.28125	0
-1.15	0.5625	7.1875	0.53125	-5.28125	0
-1.145	0.71875	7.1875	0.6875	-5.28125	0
-1.14	0.40625	7.1875	0.6875	-5.125	0
-1.135	0.5625	7.1875	0.6875	-5.125	0
-1.13	0.5625	7.03125	0.84375	-5.125	0
-1.125	0.40625	7.1875	0.6875	-5.125	0
-1.12	0.5625	7.1875	0.84375	-5.125	0
-1.115	0.5625	7.03125	0.6875	-5.125	0
-1.11	0.71875	7.1875	0.84375	-5.125	0
-1.105	0.5625	7.1875	0.6875	-4.96875	0
-1.1	0.5625	7.03125	0.6875	-4.96875	0
-1.095	0.5625	7.1875	0.6875	-4.8125	0
-1.09	0.5625	7.1875	0.53125	-4.96875	0
-1.085	0.5625	7.1875	0.6875	-4.8125	0
-1.08	0.5625	7.1875	0.6875	-4.8125	0
-1.075	0.5625	7.1875	0.84375	-4.65625	0
-1.07	0.5625	7.1875	0.84375	-4.8125	0
-1.065	0.5625	7.34375	0.84375	-4.65625	0
-1.06	0.5625	7.03125	0.6875	-4.65625	0
-1.055	0.5625	7.1875	0.6875	-4.65625	0
-1.05	0.5625	7.1875	0.84375	-4.65625	0
-1.045	0.71875	7.03125	0.84375	-4.5	0
-1.04	0.71875	7.1875	0.53125	-4.65625	0
-1.035	0.5625	7.1875	0.6875	-4.65625	0
-1.03	0.875	7.34375	0.6875	-4.65625	0
-1.025	0.5625	7.1875	0.6875	-4.5	0
-1.02	0.5625	7.1875	0.6875	-4.34375	0
-1.015	0.71875	7.1875	0.6875	-4.34375	0
-1.01	0.5625	7.34375	0.84375	-4.34375	0
-1.005	0.71875	7.03125	0.6875	-4.34375	0
-1	0.71875	7.1875	0.6875	-4.34375	0
-0.995	0.5625	7.1875	0.6875	-4.34375	0
-0.99	0.5625	7.1875	0.6875	-4.1875	0
-0.985	0.71875	7.1875	0.6875	-4.1875	0
-0.98	0.71875	7.03125	0.6875	-4.1875	0
-0.975	0.5625	7.03125	0.6875	-4.1875	0
-0.97	0.71875	7.1875	0.6875	-4.1875	0
-0.965	0.71875	6.875	0.6875	-4.03125	0
-0.96	0.71875	7.1875	0.6875	-4.03125	0
-0.955	0.71875	7.1875	0.6875	-4.03125	0
-0.95	0.71875	7.1875	0.53125	-3.875	0
-0.945	0.71875	7.1875	0.84375	-3.875	0
-0.94	0.71875	7.1875	0.84375	-3.875	0
-0.935	0.71875	7.1875	0.6875	-3.875	0
-0.93	0.71875	7.1875	0.84375	-3.875	0
-0.925	0.71875	7.1875	0.84375	-3.875	0
-0.92	0.5625	7.1875	0.84375	-3.875	0
-0.915	0.71875	7.1875	0.84375	-3.71875	0
-0.91	0.5625	7.1875	1	-3.71875	0
-0.905	0.875	7.34375	0.84375	-3.875	0
-0.9	0.5625	7.1875	0.53125	-3.71875	0
-0.895	0.5625	7.1875	0.53125	-3.5625	0
-0.89	0.5625	7.03125	0.84375	-3.5625	0
-0.885	0.71875	7.1875	0.84375	-3.5625	0
-0.88	0.71875	7.1875	0.6875	-3.5625	0
-0.875	0.71875	7.1875	0.6875	-3.71875	0
-0.87	0.71875	7.1875	0.6875	-3.5625	0
-0.865	0.71875	7.1875	0.6875	-3.5625	0
-0.86	0.71875	7.1875	0.6875	-3.5625	0
-0.855	0.71875	7.34375	0.84375	-3.5625	0
-0.85	0.5625	7.1875	0.6875	-3.40625	0
-0.845	0.5625	7.34375	0.84375	-3.40625	0
-0.84	0.71875	7.1875	0.6875	-3.40625	0
-0.835	0.5625	7.1875	0.6875	-3.40625	0
-0.83	0.5625	7.03125	0.6875	-3.40625	0
-0.825	0.71875	7.1875	0.6875	-3.25	0
-0.82	0.71875	7.1875	0.6875	-3.40625	0
-0.815	0.5625	7.1875	0.84375	-3.25	0
-0.81	0.71875	7.1875	0.6875	-3.25	0
-0.805	0.5625	7.1875	0.6875	-3.25	0
-0.8	0.71875	7.1875	0.6875	-3.25	0
-0.795	0.5625	7.1875	0.84375	-3.09375	0
-0.79	0.5625	7.03125	0.6875	-3.09375	0
-0.785	0.71875	7.1875	0.6875	-3.09375	0
-0.78	0.5625	7.1875	0.6875	-3.09375	0
-0.775	0.71875	7.1875	0.6875	-3.09375	0
-0.77	0.5625	7.1875	0.6875	-2.9375	0
-0.765	0.71875	7.34375	0.6875	-3.09375	0
-0.76	0.71875	7.34375	0.6875	-3.09375	0
-0.755	0.71875	7.1875	0.6875	-2.9375	0
-0.75	0.5625	7.34375	0.6875	-2.9375	0
-0.745	0.71875	7.1875	0.6875	-2.78125	0
-0.74	0.5625	7.1875	0.6875	-2.78125	0
-0.735	0.5625	7.1875	0.84375	-2.9375	0
-0.73	0.5625	7.1875	0.6875	-2.78125	0
-0.725	0.875	7.1875	0.53125	-2.625	0
-0.72	0.71875	7.1875	0.6875	-2.625	0
-0.715	0.5625	7.1875	0.6875	-2.78125	0
-0.71	0.5625	7.1875	0.84375	-2.625	0
-0.705	0.71875	7.1875	0.6875	-2.625	0
-0.7	0.5625	7.1875	0.84375	-2.625	0
-0.695	0.71875	7.1875	0.6875	-2.625	0
-0.69	0.71875	7.1875	0.6875	-2.625	0
-0.685	0.71875	7.1875	0.6875	-2.46875	0
-0.68	0.5625	7.1875	0.53125	-2.625	0
-0.675	0.5625	7.03125	0.6875	-2.625	0
-0.67	0.5625	7.1875	0.6875	-2.46875	0
-0.665	0.71875	7.1875	0.53125	-2.46875	0
-0.66	0.5625	7.1875	0.84375	-2.46875	0
-0.655	0.5625	7.1875	0.6875	-2.46875	0
-0.65	0.875	7.1875	0.6875	-2.3125	0
-0.645	0.71875	7.1875	0.6875	-2.46875	0
-0.64	0.71875	7.1875	0.6875	-2.15625	0
-0.635	0.71875	7.1875	0.6875	-2.3125	0
-0.63	0.71875	7.1875	0.6875	-2.15625	0
-0.625	0.5625	7.1875	0.6875	-2.15625	0
-0.62	0.71875	7.03125	0.6875	-2.15625	0
-0.615	0.71875	7.1875	0.84375	-2.3125	0
-0.61	0.5625	7.1875	0.6875	-2.3125	0
-0.605	0.71875	7.1875	0.84375	-2.15625	0
-0.6	0.5625	7.1875	0.84375	-2.15625	0
-0.595	0.71875	7.1875	0.6875	-2.15625	0
-0.59	0.5625	7.03125	0.6875	-2.15625	0
-0.585	0.875	7.1875	0.84375	-2.3125	0
-0.58	0.5625	7.1875	0.6875	-2	0
-0.575	0.71875	7.1875	0.84375	-2	0
-0.57	0.71875	7.03125	0.6875	-2.15625	0
-0.565	0.71875	7.1875	0.6875	-2	0
-0.56	0.5625	7.1875	0.6875	-1.84375	0
-0.555	0.5625	7.1875	0.6875	-1.84375	0
-0.55	0.71875	7.03125	0.6875	-1.84375	0
-0.545	0.71875	7.1875	0.6875	-2	0
-0.54	0.71875	7.1875	0.84375	-2	0
-0.535	0.875	7.1875	0.84375	-1.84375	0
-0.53	0.71875	7.1875	0.6875	-1.84375	0
-0.525	0.71875	7.1875	0.6875	-1.84375	0
-0.52	0.71875	7.1875	0.6875	-1.6875	0
-0.515	0.71875	7.1875	0.6875	-1.6875	0
-0.51	0.5625	7.1875	0.6875	-1.84375	0
-0.505	0.875	7.34375	0.6875	-1.6875	0
-0.5	0.71875	7.1875	0.6875	-1.6875	0
-0.495	0.5625	7.1875	0.6875	-1.6875	0
-0.49	0.5625	7.1875	0.6875	-1.6875	0
-0.485	0.5625	7.1875	0.6875	-1.6875	0
-0.48	0.71875	7.1875	0.84375	-1.375	0
-0.475	0.5625	7.1875	0.6875	-1.53125	0
-0.47	0.875	7.1875	0.6875	-1.53125	0
-0.465	0.71875	7.03125	0.6875	-1.375	0
-0.46	0.5625	7.03125	0.6875	-1.53125	0
-0.455	0.5625	7.1875	0.6875	-1.375	0
-0.45	0.71875	7.1875	0.6875	-1.375	0
-0.445	0.5625	7.1875	0.6875	-1.375	0
-0.44	0.5625	7.03125	0.6875	-1.375	0
-0.435	0.71875	7.03125	0.6875	-1.375	0
-0.43	0.71875	7.1875	0.6875	-1.375	0
-0.425	0.71875	7.1875	0.6875	-1.375	0
-0.42	0.71875	7.1875	0.6875	-1.21875	0
-0.415	0.5625	7.1875	0.6875	-1.21875	0
-0.41	0.71875	7.34375	0.84375	-1.375	0
-0.405	0.5625	7.1875	0.84375	-1.21875	0
-0.4	0.71875	7.1875	0.6875	-1.375	0
-0.395	0.5625	7.1875	0.84375	-1.21875	0
-0.39	0.71875	7.1875	0.6875	-1.0625	0
-0.385	0.71875	7.1875	0.6875	-1.21875	0
-0.38	0.5625	7.1875	0.84375	-1.0625	0
-0.375	0.71875	7.1875	0.84375	-1.21875	0
-0.37	0.71875	7.1875	0.6875	-1.21875	0
-0.365	0.5625	7.1875	0.6875	-1.0625	0
-0.36	0.71875	7.1875	0.84375	-1.0625	0
-0.355	0.71875	7.34375	0.6875	-0.90625	0
-0.35	0.71875	7.34375	0.84375	-1.0625	0
-0.345	0.875	7.1875	0.6875	-0.90625	0
-0.34	0.5625	7.03125	0.6875	-1.0625	0
-0.335	0.5625	7.1875	0.84375	-0.90625	0
-0.33	0.71875	7.1875	0.6875	-0.90625	0
-0.325	0.5625	7.1875	0.6875	-0.75	0
-0.32	0.71875	7.1875	0.84375	-0.75	0
-0.315	0.71875	7.1875	0.6875	-0.90625	0
-0.31	0.71875	7.1875	0.6875	-0.90625	0
-0.305	0.71875	7.1875	0.6875	-0.75	0
-0.3	0.875	7.1875	0.6875	-0.75	0
-0.295	0.71875	7.1875	0.6875	-0.75	0
-0.29	0.875	7.34375	0.53125	-0.75	0
-0.285	0.40625	7.34375	0.6875	-0.59375	0
-0.28	0.5625	7.03125	0.6875	-0.59375	0
-0.275	0.5625	7.34375	0.84375	-0.59375	0
-0.27	0.5625	7.1875	0.6875	-0.75	0
-0.265	0.71875	7.1875	0.84375	-0.59375	0
-0.26	0.5625	7.1875	0.6875	-0.59375	0
-0.255	0.5625	7.34375	0.84375	-0.59375	0
-0.25	0.71875	7.1875	0.84375	-0.75	0
-0.245	0.5625	7.1875	0.6875	-0.59375	0
-0.24	0.71875	7.1875	0.53125	-0.59375	0
-0.235	0.5625	7.03125	0.84375	-0.59375	0
-0.23	0.5625	7.1875	0.6875	-0.59375	0
-0.225	0.71875	7.34375	0.6875	-0.4375	0
-0.22	0.71875	7.1875	0.84375	-0.59375	0
-0.215	0.71875	7.1875	0.6875	-0.4375	0
-0.21	0.5625	7.1875	0.6875	-0.4375	0
-0.205	0.71875	7.1875	0.6875	-0.4375	0
-0.2	0.5625	7.1875	0.6875	-0.28125	0
-0.195	0.71875	7.03125	0.53125	-0.4375	0
-0.19	0.71875	7.1875	0.53125	-0.28125	0
-0.185	0.5625	7.1875	0.6875	-0.28125	0
-0.18	0.71875	7.1875	0.84375	-0.125	0
-0.175	0.71875	7.1875	0.84375	-0.4375	0
-0.17	0.71875	7.03125	0.6875	-0.28125	0
-0.165	0.71875	7.1875	0.6875	-0.28125	0
-0.16	0.5625	7.1875	0.84375	-0.125	0
-0.155	0.71875	7.34375	0.84375	-0.125	0
-0.15	0.5625	7.1875	0.6875	-0.125	0
-0.145	0.875	7.03125	0.6875	-0.125	0
-0.14	0.71875	7.03125	0.53125	-0.28125	0
-0.135	0.71875	7.1875	0.53125	-0.125	0
-0.13	0.71875	7.34375	0.6875	-0.125	0
-0.125	0.71875	7.1875	0.6875	-0.125	0
-0.12	0.71875	7.1875	0.6875	-0.125	0
-0.115	0.71875	7.03125	0.53125	-0.125	0
-0.11	0.71875	7.1875	0.6875	0.0312497	0
-0.105	0.71875	7.03125	0.6875	0.0312497	0
-0.1	0.875	7.03125	0.84375	-0.125	0
-0.095	0.71875	7.1875	0.6875	0.0312497	0
-0.09	0.71875	7.1875	0.6875	0.1875	0
-0.085	0.71875	7.1875	0.6875	0.0312497	0
-0.08	0.5625	7.1875	0.6875	0.1875	0
-0.075	0.71875	7.1875	0.84375	0.1875	0
-0.07	0.71875	7.1875	0.6875	0.1875	0
-0.065	0.71875	7.1875	0.6875	0.1875	0
-0.06	0.71875	7.1875	0.84375	0.1875	0
-0.055	0.71875	7.1875	0.6875	0.1875	0
-0.05	0.71875	7.1875	0.84375	0.1875	0
-0.045	0.5625	7.1875	0.6875	0.1875	0
-0.04	0.71875	7.03125	0.6875	0.1875	0
-0.035	0.875	7.1875	0.84375	0.1875	0
-0.03	0.71875	7.1875	0.6875	0.1875	0
-0.025	0.71875	7.1875	0.6875	0.1875	0
-0.02	0.71875	7.03125	0.84375	0.34375	0
-0.015	0.5625	7.1875	0.84375	0.5	0
-0.01	1.96875	-0.15625	-6.65625	0.65625	0
-0.005	5.40625	-0.15625	-6.5	0.8125	0
0.0000000000000000841341	6.5	0	-6.65625	0.65625	0
0.005	6.8125	0	-6.5	0.65625	0
0.01	7.125	0	-6.34375	0.65625	0
0.015	7.28125	0	-6.5	0.8125	0
0.02	7.4375	-0.15625	-6.1875	0.8125	0
0.025	7.28125	-0.15625	-6.34375	0.5	0
0.03	7.28125	0.15625	-6.1875	0.5	0
0.035	7.4375	-0.15625	-6.03125	0.65625	0
0.04	7.28125	0.15625	-5.875	0.65625	0
0.045	7.4375	0.15625	-5.875	0.65625	0
0.05	7.4375	0.15625	-5.71875	0.65625	0
0.055	7.28125	0.15625	-5.875	0.5	0
0.06	7.28125	0.15625	-5.71875	0.65625	0
0.065	7.4375	0.15625	-5.5625	0.65625	0
0.07	7.28125	0.15625	-5.5625	0.65625	0
0.075	7.4375	0.3125	-5.5625	0.65625	0
0.08	7.4375	0.3125	-5.5625	0.65625	0
0.085	7.4375	0.46875	-5.5625	0.5	0
0.09	7.4375	0.3125	-5.40625	0.65625	0
0.095	7.4375	0.3125	-5.40625	0.65625	0
0.1	7.4375	0.3125	-5.40625	0.65625	0
0.105	7.28125	0.46875	-5.25	0.65625	0
0.11	7.28125	0.3125	-5.5625	0.65625	0
0.115	7.4375	0.3125	-5.40625	0.5	0
0.12	7.4375	0.46875	-5.25	0.65625	0
0.125	7.28125	0.3125	-5.25	0.65625	0
0.13	7.28125	0.3125	-5.25	0.8125	0
0.135	7.4375	0.15625	-5.25	0.65625	0
0.14	7.4375	0.3125	-5.09375	0.65625	0
0.145	7.59375	0.46875	-4.9375	0.65625	0
0.15	7.4375	0.3125	-4.9375	0.65625	0
0.155	7.4375	0.46875	-4.9375	0.5	0
0.16	7.4375	0.15625	-4.9375	0.65625	0
0.165	7.4375	0.3125	-4.78125	0.65625	0
0.17	7.4375	0.15625	-4.78125	0.65625	0
0.175	7.4375	0.3125	-4.78125	0.65625	0
0.18	7.28125	0.3125	-4.9375	0.5	0
0.185	7.4375	0.46875	-4.625	0.65625	0
0.19	7.28125	0.3125	-4.625	0.65625	0
0.195	7.28125	0.3125	-4.625	0.65625	0
0.2	7.4375	0.46875	-4.625	0.65625	0
0.205	7.4375	0.3125	-4.78125	0.5	0
0.21	7.4375	0.46875	-4.46875	0.65625	0
0.215	7.28125	0.3125	-4.625	0.5	0
0.22	7.4375	0.46875	-4.625	0.65625	0
0.225	7.4375	0.46875	-4.625	0.65625	0
0.23	7.59375	0.46875	-4.46875	0.65625	0
0.235	7.4375	0.46875	-4.3125	0.65625	0
0.24	7.4375	0.46875	-4.46875	0.65625	0
0.245	7.4375	0.625	-4.46875	0.65625	0
0.25	7.4375	0.46875	-4.46875	0.65625	0
0.255	7.28125	0.3125	-4.3125	0.65625	0
0.26	7.4375	0.3125	-4.15625	0.65625	0
0.265	7.4375	0.46875	-4.3125	0.65625	0
0.27	7.4375	0.3125	-4.15625	0.65625	0
0.275	7.4375	0.3125	-4.15625	0.65625	0
0.28	7.59375	0.46875	-4.15625	0.65625	0
0.285	7.59375	0.46875	-4.3125	0.65625	0
0.29	7.4375	0.46875	-4.15625	0.65625	0
0.295	7.28125	0.46875	-4.15625	0.65625	0
0.3	7.4375	0.46875	-4	0.65625	0
0.305	7.28125	0.46875	-4	0.65625	0
0.31	7.28125	0.46875	-4	0.5	0
0.315	7.28125	0.3125	-4.15625	0.65625	0
0.32	7.4375	0.3125	-3.84375	0.65625	0
0.325	7.4375	0.46875	-3.84375	0.65625	0
0.33	7.4375	0.46875	-3.84375	0.65625	0
0.335	7.4375	0.3125	-4	0.65625	0
0.34	7.125	0.46875	-3.84375	0.65625	0
0.345	7.125	0.46875	-3.6875	0.5	0
0.35	7.4375	0.46875	-3.6875	0.65625	0
0.355	7.4375	0.3125	-3.84375	0.5	0
0.36	7.28125	0.3125	-3.6875	0.65625	0
0.365	7.4375	0.3125	-3.84375	0.5	0
0.37	7.4375	0.46875	-3.6875	0.5	0
0.375	7.4375	0.46875	-3.6875	0.5	0
0.38	7.4375	0.3125	-3.6875	0.65625	0
0.385	7.4375	0.46875	-3.375	0.5	0
0.39	7.28125	0.3125	-3.375	0.65625	0
0.395	7.4375	0.3125	-3.53125	0.65625	0
0.4	7.4375	0.3125	-3.6875	0.65625	0
0.405	7.28125	0.46875	-3.53125	0.8125	0
0.41	7.28125	0.46875	-3.375	0.65625	0
0.415	7.4375	0.3125	-3.375	0.65625	0
0.42	7.4375	0.3125	-3.21875	0.5	0
0.425	7.4375	0.46875	-3.375	0.65625	0
0.43	7.4375	0.3125	-3.21875	0.5	0
0.435	7.59375	0.46875	-3.21875	0.65625	0
0.44	7.28125	0.46875	-3.375	0.65625	0
0.445	7.28125	0.3125	-3.21875	0.5	0
0.45	7.4375	0.46875	-3.21875	0.5	0
0.455	7.59375	0.46875	-3.0625	0.5	0
0.46	7.4375	0.46875	-3.0625	0.5	0
0.465	7.4375	0.625	-2.90625	0.65625	0
0.47	7.4375	0.3125	-3.21875	0.5	0
0.475	7.4375	0.3125	-3.0625	0.65625	0
0.48	7.4375	0.46875	-3.0625	0.65625	0
0.485	7.4375	0.625	-2.90625	0.65625	0
0.49	7.4375	0.46875	-2.90625	0.65625	0
0.495	7.59375	0.46875	-3.0625	0.65625	0
0.5	7.59375	0.46875	-2.90625	0.5	0
0.505	7.4375	0.15625	-3.21875	0.5	0
0.51	7.4375	0.3125	-2.90625	0.65625	0
0.515	7.4375	0.46875	-2.75	0.65625	0
0.52	7.4375	0.46875	-2.75	0.65625	0
0.525	7.4375	0.46875	-2.75	0.65625	0
0.53	7.28125	0.46875	-2.90625	0.65625	0
0.535	7.4375	0.3125	-2.75	0.65625	0
0.54	7.4375	0.46875	-2.75	0.65625	0
0.545	7.59375	0.46875	-2.75	0.65625	0
0.55	7.4375	0.3125	-2.59375	0.5	0
0.555	7.4375	0.46875	-2.75	0.65625	0
0.56	7.4375	0.3125	-2.75	0.5	0
0.565	7.59375	0.3125	-2.4375	0.5	0
0.57	7.28125	0.46875	-2.75	0.65625	0
0.575	7.4375	0.3125	-2.59375	0.5	0
0.58	7.4375	0.46875	-2.59375	0.65625	0
0.585	7.28125	0.46875	-2.59375	0.65625	0
0.59	7.4375	0.3125	-2.4375	0.65625	0
0.595	7.28125	0.3125	-2.59375	0.65625	0
0.6	7.4375	0.3125	-2.4375	0.5	0
0.605	7.4375	0.3125	-2.4375	0.65625	0
0.61	7.59375	0.46875	-2.4375	0.65625	0
0.615	7.28125	0.46875	-2.28125	0.5	0
0.62	7.4375	0.3125	-2.28125	0.65625	0
0.625	7.28125	0.46875	-2.28125	0.5	0
0.63	7.4375	0.3125	-2.28125	0.65625	0
0.635	7.4375	0.3125	-2.28125	0.5	0
0.64	7.4375	0.46875	-2.28125	0.65625	0
0.645	7.4375	0.3125	-2.125	0.65625	0
0.65	7.28125	0.46875	-2.28125	0.5	0
0.655	7.4375	0.625	-2.28125	0.65625	0
0.66	7.59375	0.46875	-2.125	0.65625	0
0.665	7.4375	0.3125	-2.125	0.65625	0
0.67	7.59375	0.3125	-1.96875	0.65625	0
0.675	7.4375	0.46875	-1.96875	0.65625	0
0.68	7.4375	0.46875	-2.125	0.65625	0
0.685	7.4375	0.46875	-1.96875	0.65625	0
0.69	7.4375	0.46875	-2.125	0.65625	0
0.695	7.4375	0.3125	-1.96875	0.5	0
0.7	7.28125	0.3125	-1.96875	0.5	0
0.705	7.4375	0.46875	-1.8125	0.65625	0
0.71	7.4375	0.46875	-1.96875	0.65625	0
0.715	7.4375	0.625	-1.96875	0.65625	0
0.72	7.4375	0.3125	-1.8125	0.65625	0
0.725	7.59375	0.3125	-1.8125	0.65625	0
0.73	7.4375	0.3125	-1.8125	0.5	0
0.735	7.28125	0.46875	-1.8125	0.65625	0
0.74	7.4375	0.3125	-1.65625	0.65625	0
0.745	7.59375	0.3125	-1.8125	0.65625	0
0.75	7.4375	0.3125	-1.65625	0.65625	0
0.755	7.4375	0.46875	-1.65625	0.65625	0
0.76	7.28125	0.46875	-1.65625	0.65625	0
0.765	7.4375	0.3125	-1.65625	0.65625	0
0.77	7.4375	0.46875	-1.65625	0.65625	0
0.775	7.28125	0.46875	-1.65625	0.5	0
0.78	7.28125	0.46875	-1.65625	0.8125	0
0.785	7.59375	0.46875	-1.65625	0.5	0
0.79	7.28125	0.46875	-1.5	0.65625	0
0.795	7.4375	0.3125	-1.34375	0.5	0
0.8	7.4375	0.46875	-1.65625	0.65625	0
0.805	7.4375	0.3125	-1.5	0.65625	0
0.81	7.4375	0.3125	-1.5	0.65625	0
0.815	7.28125	0.3125	-1.5	0.65625	0
0.82	7.4375	0.46875	-1.5	0.65625	0
0.825	7.28125	0.46875	-1.34375	0.65625	0
0.83	7.4375	0.46875	-1.34375	0.65625	0
0.835	7.4375	0.46875	-1.34375	0.65625	0
0.84	7.4375	0.46875	-1.1875	0.65625	0
0.845	7.4375	0.3125	-1.1875	0.65625	0
0.85	7.4375	0.46875	-1.1875	0.65625	0
0.855	7.4375	0.46875	-1.34375	0.65625	0
0.86	7.4375	0.3125	-1.1875	0.65625	0
0.865	7.4375	0.46875	-1.1875	0.8125	0
0.87	7.4375	0.46875	-1.03125	0.65625	0
0.875	7.28125	0.46875	-1.03125	0.65625	0
0.88	7.4375	0.46875	-1.03125	0.65625	0
0.885	7.28125	0.3125	-1.1875	0.5	0
0.89	7.4375	0.46875	-1.03125	0.5	0
0.895	7.4375	0.3125	-1.03125	0.65625	0
0.9	7.4375	0.3125	-1.1875	0.5	0
0.905	7.4375	0.46875	-1.03125	0.65625	0
0.91	7.4375	0.46875	-1.03125	0.5	0
0.915	7.4375	0.46875	-0.875	0.65625	0
0.92	7.4375	0.3125	-0.875	0.65625	0
0.925	7.28125	0.3125	-1.03125	0.5	0
0.93	7.4375	0.46875	-1.03125	0.5	0
0.935	7.4375	0.46875	-0.875	0.5	0
0.94	7.4375	0.46875	-0.875	0.65625	0
0.945	7.4375	0.46875	-0.71875	0.65625	0
0.95	7.4375	0.46875	-0.875	0.5	0
0.955	7.4375	0.46875	-0.875	0.65625	0
0.96	7.4375	0.3125	-0.71875	0.65625	0
0.965	7.28125	0.46875	-0.71875	0.65625	0
0.97	7.4375	0.3125	-0.71875	0.65625	0
0.975	7.4375	0.3125	-0.5625	0.65625	0
0.98	7.4375	0.3125	-0.875	0.65625	0
0.985	7.28125	0.46875	-0.71875	0.65625	0
0.99	7.4375	0.3125	-0.71875	0.65625	0
0.995	7.4375	0.3125	-0.71875	0.65625	0
1	7.28125	0.46875	-0.5625	0.65625	0
1.005	7.4375	0.46875	-0.5625	0.65625	0
1.01	7.28125	0.46875	-0.5625	0.5	0
1.015	7.59375	0.3125	-0.5625	0.5	0
1.02	7.4375	0.3125	-0.5625	0.65625	0
1.025	7.28125	0.46875	-0.5625	0.65625	0
1.03	7.4375	0.3125	-0.5625	0.65625	0
1.035	7.28125	0.46875	-0.40625	0.65625	0
1.04	7.4375	0.3125	-0.40625	0.65625	0
1.045	7.4375	0.46875	-0.40625	0.65625	0
1.05	7.28125	0.3125	-0.40625	0.65625	0
1.055	7.4375	0.3125	-0.25	0.65625	0
1.06	7.28125	0.3125	-0.40625	0.5	0
1.065	7.28125	0.3125	-0.40625	0.65625	0
1.07	7.4375	0.46875	-0.25	0.65625	0
1.075	7.4375	0.46875	-0.25	0.65625	0
1.08	7.4375	0.46875	-0.0937503	0.65625	0
1.085	7.4375	0.625	-0.25	0.8125	0
1.09	7.4375	0.3125	-0.25	0.5	0
1.095	7.4375	0.3125	-0.25	0.65625	0
1.1	7.28125	0.3125	-0.25	0.5	0
1.105	7.4375	0.46875	-0.0937503	0.65625	0
1.11	7.4375	0.46875	-0.25	0.65625	0
1.115	7.4375	0.3125	-0.0937503	0.65625	0
1.12	7.4375	0.3125	-0.0937503	0.65625	0
1.125	7.4375	0.3125	-0.0937503	0.5	0
1.13	7.4375	0.46875	-0.0937503	0.65625	0
1.135	7.4375	0.3125	-0.0937503	0.5	0
1.14	7.4375	0.3125	0.0624997	0.65625	0
1.145	7.4375	0.46875	-0.0937503	0.65625	0
1.15	7.4375	0.46875	0.0624997	0.65625	0
1.155	7.28125	0.46875	0.0624997	0.65625	0
1.16	7.4375	0.3125	-0.0937503	0.5	0
1.165	7.4375	0.3125	0.0624997	0.65625	0
1.17	7.4375	0.3125	0.0624997	0.65625	0
1.175	7.4375	0.3125	0.21875	0.65625	0
1.18	7.4375	0.46875	0.21875	0.65625	0
1.185	7.28125	0.3125	0.0624997	0.65625	0
1.19	7.4375	0.46875	0.21875	0.5	0
1.195	7.59375	0.46875	0.0624997	0.65625	0
1.2	7.4375	0.3125	0.375	0.5	0
1.205	7.4375	0.46875	0.21875	0.5	0
1.21	7.4375	0.3125	0.21875	0.65625	0
1.215	7.4375	0.46875	0.375	0.65625	0
1.22	7.4375	0.3125	0.21875	0.65625	0
1.225	7.4375	0.3125	0.21875	0.65625	0
1.23	7.4375	0.3125	0.375	0.5	0
1.235	7.4375	0.46875	0.21875	0.65625	0
1.24	7.4375	0.46875	0.21875	0.65625	0
1.245	7.4375	0.3125	0.375	0.65625	0
1.25	7.4375	0.46875	0.375	0.65625	0
1.255	7.4375	0.46875	0.375	0.65625	0
1.26	7.28125	0.3125	0.21875	0.5	0
1.265	7.4375	0.3125	0.375	0.5	0
1.27	7.4375	0.3125	0.375	0.65625	0
1.275	0.25	4.21875	0.84375	-6.84375	0
1.28	0.09375	5.9375	0.84375	-6.6875	0
1.285	0.25	6.5625	0.84375	-6.53125	0
1.29	0.25	6.875	0.6875	-6.53125	0
1.295	0.25	7.03125	0.84375	-6.53125	0
1.3	0.40625	7.03125	0.84375	-6.53125	0
1.305	0.09375	7.03125	0.84375	-6.375	0
1.31	0.25	7.03125	0.6875	-6.21875	0
1.315	0.40625	7.1875	0.84375	-6.0625	0
1.32	0.09375	7.1875	0.6875	-6.0625	0
1.325	0.5625	7.03125	0.6875	-6.0625	0
1.33	0.5625	7.34375	0.84375	-5.90625	0
1.335	0.5625	7.03125	0.6875	-6.0625	0
1.34	0.5625	7.34375	0.6875	-5.90625	0
1.345	0.5625	7.03125	0.6875	-5.75	0
1.35	0.40625	7.03125	0.6875	-5.75	0
1.355	0.5625	7.1875	0.84375	-5.75	0
1.36	0.5625	7.1875	0.53125	-5.75	0
1.365	0.71875	7.03125	0.6875	-5.59375	0
1.37	0.40625	7.1875	0.6875	-5.4375	0
1.375	0.40625	7.03125	0.84375	-5.4375	0
1.38	0.40625	7.1875	0.53125	-5.4375	0
1.385	0.5625	7.1875	0.6875	-5.4375	0
1.39	0.71875	7.03125	0.84375	-5.4375	0
1.395	0.71875	7.1875	0.6875	-5.28125	0
1.4	0.5625	7.1875	0.84375	-5.4375	0
1.405	0.5625	7.1875	0.6875	-5.125	0
1.41	0.40625	7.1875	0.6875	-5.125	0
1.415	0.5625	7.1875	0.6875	-5.125	0
1.42	0.5625	7.1875	0.6875	-5.28125	0
1.425	0.5625	7.03125	0.6875	-5.125	0
1.43	0.5625	7.03125	0.6875	-5.125	0
1.435	0.5625	7.03125	0.84375	-4.96875	0
1.44	0.5625	7.03125	0.6875	-4.96875	0
1.445	0.71875	7.03125	0.6875	-4.96875	0
1.45	0.40625	7.1875	0.6875	-4.96875	0
1.455	0.71875	7.1875	0.84375	-4.8125	0
1.46	0.5625	7.03125	0.6875	-4.8125	0
1.465	0.71875	7.1875	0.6875	-4.8125	0
1.47	0.5625	7.1875	0.6875	-4.65625	0
1.475	0.5625	7.1875	0.6875	-4.8125	0
1.48	0.5625	7.1875	0.6875	-4.8125	0
1.485	0.5625	7.03125	0.6875	-4.8125	0
1.49	0.71875	7.1875	0.6875	-4.8125	0
1.495	0.875	7.1875	0.6875	-4.65625	0
1.5	0.71875	7.1875	0.6875	-4.65625	0
1.505	0.5625	7.1875	0.6875	-4.5	0
1.51	0.5625	7.1875	0.6875	-4.5	0
1.515	0.5625	7.03125	0.6875	-4.5	0
1.52	0.71875	7.1875	0.84375	-4.5	0
1.525	0.40625	7.1875	0.84375	-4.34375	0
1.53	0.5625	7.03125	0.6875	-4.34375	0
1.535	0.71875	7.1875	0.6875	-4.5	0
1.54	0.5625	7.03125	0.84375	-4.34375	0
1.545	0.71875	7.1875	0.6875	-4.34375	0
1.55	0.5625	7.1875	0.6875	-4.34375	0
1.555	0.71875	7.1875	0.6875	-4.1875	0
1.56	0.71875	7.1875	0.6875	-4.03125	0
1.565	0.5625	7.1875	0.6875	-4.1875	0
1.57	0.71875	7.1875	0.6875	-4.1875	0
1.575	0.875	7.1875	0.53125	-4.34375	0
1.58	0.5625	7.1875	0.6875	-4.1875	0
1.585	0.875	7.03125	0.6875	-4.03125	0
1.59	0.5625	7.1875	0.6875	-4.1875	0
1.595	0.5625	7.1875	0.6875	-4.03125	0
1.6	0.71875	7.03125	0.6875	-4.03125	0
1.605	0.875	7.1875	0.6875	-4.03125	0
1.61	0.5625	7.1875	0.6875	-3.875	0
1.615	0.5625	7.34375	0.53125	-4.03125	0
1.62	0.5625	7.1875	0.6875	-3.875	0
1.625	0.71875	7.1875	0.84375	-3.875	0
1.63	0.71875	7.1875	0.6875	-3.875	0
1.635	0.5625	7.1875	0.84375	-3.875	0
1.64	0.71875	7.1875	0.84375	-3.71875	0
1.645	0.71875	7.1875	0.84375	-3.71875	0
1.65	0.71875	7.1875	0.6875	-3.71875	0
1.655	0.5625	7.03125	0.6875	-3.71875	0
1.66	0.5625	7.1875	0.6875	-3.71875	0
1.665	0.5625	7.1875	0.6875	-3.5625	0
1.67	0.875	7.1875	0.53125	-3.71875	0
1.675	0.5625	7.1875	0.6875	-3.71875	0
1.68	0.5625	7.03125	0.6875	-3.71875	0
1.685	0.875	7.1875	0.6875	-3.5625	0
1.69	0.5625	7.1875	0.6875	-3.71875	0
1.695	0.71875	7.1875	0.6875	-3.40625	0
1.7	0.5625	7.1875	0.6875	-3.40625	0
1.705	0.71875	7.1875	0.6875	-3.40625	0
1.71	0.875	7.34375	0.6875	-3.40625	0
1.715	0.71875	7.1875	0.6875	-3.25	0
1.72	0.71875	7.1875	0.6875	-3.40625	0
1.725	0.71875	7.03125	0.6875	-3.25	0
1.73	0.5625	7.1875	0.6875	-3.25	0
1.735	0.5625	7.03125	0.6875	-3.25	0
1.74	0.875	7.03125	0.6875	-3.25	0
1.745	0.71875	7.1875	0.84375	-3.09375	0
1.75	0.71875	7.1875	0.84375	-3.25	0
1.755	0.5625	7.1875	0.6875	-3.09375	0
1.76	0.71875	7.34375	0.6875	-3.09375	0
1.765	0.875	7.1875	0.84375	-2.9375	0
1.77	0.5625	7.1875	0.6875	-3.09375	0
1.775	0.71875	7.1875	0.6875	-3.09375	0
1.78	0.5625	7.1875	0.6875	-3.09375	0
1.785	0.5625	7.1875	0.6875	-3.09375	0
1.79	0.5625	7.1875	0.84375	-2.9375	0
1.795	0.40625	7.1875	0.6875	-2.9375	0
1.8	0.5625	7.1875	0.6875	-2.9375	0
1.805	0.5625	7.1875	0.6875	-2.78125	0
1.81	0.71875	7.1875	0.6875	-2.625	0
1.815	0.71875	7.1875	0.53125	-2.9375	0
1.82	0.875	7.03125	0.84375	-2.78125	0
1.825	0.5625	7.34375	0.6875	-2.9375	0
1.83	0.5625	7.34375	0.6875	-2.625	0
1.835	0.71875	7.1875	0.6875	-2.625	0
1.84	0.5625	7.1875	0.6875	-2.78125	0
1.845	0.5625	7.34375	0.84375	-2.78125	0
1.85	0.5625	7.1875	0.84375	-2.78125	0
1.855	0.5625	7.1875	0.6875	-2.625	0
1.86	0.5625	7.1875	0.6875	-2.625	0
1.865	0.71875	7.1875	0.6875	-2.46875	0
1.87	0.71875	7.1875	0.84375	-2.625	0
1.875	0.71875	7.1875	0.6875	-2.46875	0
1.88	0.875	7.1875	0.84375	-2.46875	0
1.885	0.71875	7.1875	0.6875	-2.46875	0
1.89	0.5625	7.03125	0.6875	-2.3125	0
1.895	0.875	7.1875	0.6875	-2.3125	0
1.9	0.71875	7.34375	0.6875	-2.46875	0
1.905	0.71875	7.03125	0.6875	-2.3125	0
1.91	0.5625	7.03125	0.84375	-2.15625	0
1.915	0.71875	7.34375	0.84375	-2.3125	0
1.92	0.875	7.03125	0.6875	-2.3125	0
1.925	0.71875	7.1875	0.6875	-2.3125	0
1.93	0.71875	7.1875	0.6875	-2.3125	0
1.935	0.71875	7.03125	0.6875	-2.15625	0
1.94	0.71875	7.1875	0.6875	-2.15625	0
1.945	0.5625	7.1875	0.6875	-2.15625	0
1.95	0.5625	7.34375	0.6875	-2.15625	0
1.955	0.71875	7.1875	0.84375	-2.15625	0
1.96	0.71875	7.1875	0.84375	-2.15625	0
1.965	0.71875	7.1875	0.6875	-2.15625	0
1.97	0.5625	7.1875	0.53125	-2.15625	0
1.975	0.71875	7.1875	0.6875	-2	0
1.98	0.5625	7.1875	0.84375	-2	0
1.985	0.71875	7.34375	0.84375	-2	0
1.99	0.5625	7.34375	0.6875	-2	0
1.995	0.5625	7.1875	0.6875	-2	0
2	0.71875	7.1875	0.53125	-2	0
2.005	0.5625	7.1875	0.84375	-2	0
2.01	0.5625	7.1875	0.6875	-2	0
2.015	0.71875	7.1875	0.84375	-1.84375	0
2.02	0.5625	7.1875	0.84375	-1.84375	0
2.025	0.5625	7.34375	0.6875	-1.84375	0
2.03	0.71875	7.1875	0.84375	-1.84375	0
2.035	0.5625	7.1875	0.6875	-1.6875	0
2.04	0.875	7.03125	0.6875	-1.6875	0
2.045	0.5625	7.1875	0.84375	-1.6875	0
2.05	0.5625	7.03125	0.6875	-1.6875	0
2.055	0.71875	7.1875	0.6875	-1.6875	0
2.06	0.71875	7.34375	0.6875	-1.6875	0
2.065	0.5625	7.1875	0.6875	-1.6875	0
2.07	0.5625	7.1875	0.84375	-1.6875	0
2.075	0.5625	7.34375	0.6875	-1.53125	0
2.08	0.71875	7.1875	0.6875	-1.6875	0
2.085	0.71875	7.1875	0.84375	-1.53125	0
2.09	0.875	7.1875	0.6875	-1.375	0
2.095	0.5625	7.1875	0.6875	-1.375	0
2.1	0.71875	7.1875	0.6875	-1.6875	0
2.105	0.71875	7.1875	0.6875	-1.375	0
2.11	0.71875	7.1875	0.6875	-1.375	0
2.115	0.71875	7.1875	0.6875	-1.375	0
2.12	0.71875	7.1875	0.84375	-1.375	0
2.125	0.71875	7.34375	0.6875	-1.375	0
2.13	0.5625	7.1875	0.6875	-1.375	0
2.135	0.71875	7.1875	0.6875	-1.21875	0
2.14	0.71875	7.1875	0.6875	-1.21875	0
2.145	0.71875	7.1875	0.6875	-1.21875	0
2.15	0.5625	7.1875	0.6875	-1.21875	0
2.155	0.5625	7.1875	0.6875	-1.375	0
2.16	0.5625	7.1875	0.6875	-1.375	0
2.165	0.5625	7.1875	0.6875	-1.21875	0
2.17	0.71875	7.1875	0.84375	-1.21875	0
2.175	0.71875	7.1875	0.6875	-1.0625	0
2.18	0.5625	7.1875	0.6875	-1.21875	0
2.185	0.71875	7.1875	0.6875	-1.21875	0
2.19	0.71875	7.1875	0.6875	-1.0625	0
2.195	0.5625	7.1875	0.53125	-1.0625	0
2.2	0.875	7.1875	0.53125	-1.0625	0
2.205	0.5625	7.34375	0.6875	-1.0625	0
2.21	0.71875	7.1875	0.6875	-1.0625	0
2.215	0.71875	7.1875	0.6875	-1.0625	0
2.22	0.71875	7.1875	0.6875	-0.75	0
2.225	0.71875	7.1875	0.6875	-1.0625	0
2.23	0.71875	7.1875	0.6875	-0.75	0
2.235	0.71875	7.1875	0.6875	-0.90625	0
2.24	0.5625	7.34375	0.6875	-0.90625	0
2.245	0.71875	7.1875	0.84375	-0.75	0
2.25	0.71875	7.34375	0.6875	-0.90625	0
2.255	0.5625	7.1875	0.84375	-0.75	0
2.26	0.875	7.1875	0.53125	-0.75	0
2.265	0.71875	7.1875	0.6875	-0.90625	0
2.27	0.71875	7.1875	0.6875	-0.75	0
2.275	0.5625	7.1875	0.6875	-0.59375	0
2.28	0.5625	7.34375	0.6875	-0.75	0
2.285	0.71875	7.1875	0.6875	-0.59375	0
2.29	0.71875	7.34375	0.6875	-0.59375	0
2.295	0.71875	7.1875	0.84375	-0.59375	0
2.3	0.71875	7.1875	0.6875	-0.59375	0
2.305	0.5625	7.34375	0.53125	-0.59375	0
2.31	0.5625	7.1875	0.6875	-0.4375	0
2.315	0.71875	7.1875	0.6875	-0.75	0
2.32	0.71875	7.1875	0.6875	-0.59375	0
2.325	0.71875	7.34375	0.6875	-0.4375	0
2.33	0.5625	7.34375	0.6875	-0.4375	0
2.335	0.5625	7.1875	0.6875	-0.4375	0
2.34	0.5625	7.34375	0.84375	-0.4375	0
2.345	0.5625	7.1875	0.6875	-0.4375	0
2.35	0.71875	7.34375	0.6875	-0.28125	0
2.355	0.71875	7.1875	0.84375	-0.28125	0
2.36	0.5625	7.1875	0.6875	-0.4375	0
2.365	0.5625	7.1875	0.6875	-0.28125	0
2.37	0.71875	7.1875	0.84375	-0.28125	0
2.375	0.71875	7.1875	0.6875	-0.4375	0
2.38	0.71875	7.1875	0.6875	-0.28125	0
2.385	0.5625	7.34375	0.6875	-0.28125	0
2.39	0.5625	7.1875	0.84375	-0.28125	0
2.395	0.71875	7.34375	0.6875	-0.28125	0
2.4	0.71875	7.1875	0.6875	-0.125	0
2.405	0.71875	7.1875	0.84375	-0.125	0
2.41	0.71875	7.1875	0.6875	-0.28125	0
2.415	0.5625	7.1875	0.6875	-0.125	0
2.42	0.71875	7.1875	0.53125	-0.125	0
2.425	0.5625	7.1875	0.6875	0.0312497	0
2.43	0.5625	7.34375	0.6875	-0.125	0
2.435	0.5625	7.1875	0.6875	-0.125	0
2.44	0.71875	7.1875	0.6875	0.0312497	0
2.445	0.71875	7.1875	0.6875	0.0312497	0
2.45	0.71875	7.1875	0.84375	0.0312497	0
2.455	0.71875	7.1875	0.6875	-0.125	0
2.46	0.71875	7.03125	0.6875	0.0312497	0
2.465	0.71875	7.1875	0.53125	-0.125	0
2.47	0.5625	7.1875	0.84375	0.1875	0
2.475	0.5625	7.1875	0.6875	0.0312497	0
2.48	0.71875	7.1875	0.84375	0.1875	0
2.485	0.71875	7.1875	0.6875	0.0312497	0
2.49	0.71875	7.03125	0.84375	0.1875	0
2.495	0.71875	7.03125	0.6875	0.1875	0
2.5	0.71875	7.1875	0.6875	0.1875	0
2.505	0.5625	7.1875	0.6875	0.1875	0
2.51	0.71875	7.1875	0.6875	0.1875	0
2.515	0.5625	7.1875	0.84375	0.1875	0
2.52	0.5625	7.34375	0.6875	0.1875	0
2.525	0.5625	7.1875	0.6875	0.34375	0
2.53	0.875	7.34375	0.6875	0.1875	0
2.535	0.71875	7.1875	0.6875	0.34375	0
2.54	0.5625	7.34375	0.6875	0.34375	0
2.545	4.46875	-0.15625	-6.8125	0.65625	0
2.55	6.1875	0	-6.5	0.65625	0
2.555	6.8125	0	-6.34375	0.65625	0
2.56	7.125	-0.15625	-6.5	0.65625	0
2.565	7.28125	0	-6.34375	0.65625	0
2.57	7.28125	0	-6.1875	0.65625	0
2.575	7.28125	0	-6.34375	0.65625	0
2.58	7.28125	0.15625	-6.1875	0.65625	0
2.585	7.4375	0.15625	-5.875	0.65625	0
2.59	7.28125	0.3125	-6.03125	0.5	0
2.595	7.4375	0.15625	-5.71875	0.65625	0
2.6	7.28125	0.15625	-5.875	0.65625	0
2.605	7.4375	0.15625	-5.71875	0.65625	0
2.61	7.4375	0.3125	-5.71875	0.65625	0
2.615	7.4375	0.3125	-5.71875	0.65625	0
2.62	7.28125	0.15625	-5.71875	0.65625	0
2.625	7.28125	0.15625	-5.71875	0.5	0
2.63	7.4375	0.15625	-5.5625	0.65625	0
2.635	7.28125	0.3125	-5.40625	0.65625	0
2.64	7.4375	0.3125	-5.5625	0.65625	0
2.645	7.28125	0.3125	-5.40625	0.5	0
2.65	7.4375	0.3125	-5.40625	0.5	0
2.655	7.4375	0.3125	-5.25	0.65625	0
2.66	7.4375	0.3125	-5.40625	0.65625	0
