U_diff	U_CM	U_out
0.000000	0.000000	6.409380
0.000000	-0.600000	6.410200
0.000000	-0.700000	6.410260
0.000000	-0.800000	6.410333
0.000000	-1.300000	6.410697
0.000000	-1.800000	6.411096
0.000000	-2.900000	6.411983
0.000000	-4.300000	6.413021
0.000000	-5.500000	6.413936
0.000000	-6.900000	6.414971
0.000000	-8.600000	6.416214
0.000000	-9.500000	6.416947
0.000000	-10.000000	6.417295
0.000000	-9.900000	6.417366
0.000000	-7.500000	6.415580
0.000000	-7.400000	6.415497
0.000000	-6.200000	6.414567
0.000000	-4.600000	6.413375
0.000000	-3.000000	6.412259
0.000000	-0.800000	6.410546
0.000000	-0.100000	6.410040
0.000000	1.500000	6.408892
0.000000	3.300000	6.407533
0.000000	4.600000	6.406554
0.000000	7.400000	6.404450
0.000000	8.200000	6.403830
0.000000	8.700000	6.403514
0.000000	4.600000	6.406550
0.000000	-1.200000	6.410856
0.000000	-6.500000	6.414830
0.000000	-9.200000	6.416833
0.000000	-10.000000	6.417357
0.000000	-9.600000	6.417061
0.000000	-5.600000	6.414127
0.000000	-4.800000	6.413478
0.000000	-0.600000	6.410348
0.000000	1.000000	6.409158
0.000000	2.300000	6.408139
0.000000	3.100000	6.407556
0.000000	3.600000	6.407211
0.000000	4.000000	6.406910
0.000000	4.900000	6.406247
0.000000	5.600000	6.405661
0.000000	6.100000	6.405323
0.000000	6.800000	6.404807
0.000000	7.700000	6.404113
0.000000	9.000000	6.403160
0.000000	9.500000	6.402785
0.000000	10.000000	6.402453
0.000000	9.800000	6.402498
0.000000	9.400000	6.402866
0.000000	6.300000	6.405186
0.000000	4.200000	6.406716
0.000000	3.600000	6.407191
0.000000	2.600000	6.407918
0.000000	1.400000	6.408849
0.000000	-0.200000	6.410099
0.000000	-0.800000	6.410488
0.000000	-2.100000	6.411443
0.000000	-3.200000	6.412245
0.000000	-4.200000	6.413090
0.000000	-5.100000	6.413743
0.000000	-6.500000	6.414747
0.000000	-7.600000	6.415519
0.000000	-9.600000	6.417041
0.000000	-10.000000	6.417363
0.000000	-9.500000	6.416936
0.000000	-8.600000	6.416225
0.000000	-3.900000	6.412763
0.000000	-1.400000	6.410879
0.000000	0.800000	6.409292
0.000000	2.400000	6.408145
0.000000	3.900000	6.406992
0.000000	4.800000	6.406295
0.000000	5.700000	6.405602
0.000000	7.700000	6.404132
0.000000	8.900000	6.403273
0.000000	10.000000	6.402415
0.000000	9.200000	6.402968
0.000000	3.200000	6.407374
0.000000	2.300000	6.408124
0.000000	-5.000000	6.413586
0.000000	-5.600000	6.414058
0.000000	-6.700000	6.414861
0.000000	-7.600000	6.415514
0.000000	-8.200000	6.415946
0.000000	-8.700000	6.416278
0.000000	-9.400000	6.416845
0.000000	-9.900000	6.417220
0.000000	-10.000000	6.417243
0.000000	-9.600000	6.417004
0.000000	-8.600000	6.416232
0.000000	-8.100000	6.415857
0.000000	-7.500000	6.415395
0.000000	-6.700000	6.414856
0.000000	-6.200000	6.414518
0.000000	-5.400000	6.413894
0.000000	-5.000000	6.413597
0.000000	-4.400000	6.413142
0.000000	-3.800000	6.412650
0.000000	-3.200000	6.412234
0.000000	-2.600000	6.411794
0.000000	-1.100000	6.410691
0.000000	0.100000	6.409816
0.000000	1.000000	6.409098
0.000000	1.700000	6.408587
0.000000	1.800000	6.408508
0.000000	2.300000	6.408133
0.000000	3.000000	6.407591
0.000000	3.500000	6.407267
0.000000	3.800000	6.407020
0.000000	4.500000	6.406490
0.000000	5.400000	6.405867
0.000000	5.600000	6.405673
0.000000	5.800000	6.405513
0.000000	6.300000	6.405141
0.000000	7.500000	6.404266
0.000000	7.700000	6.404125
0.000000	8.100000	6.403780
0.000000	8.600000	6.403471
0.000000	9.000000	6.403170
0.000000	9.600000	6.402784
0.000000	9.800000	6.402576
0.000000	9.900000	6.402539
0.000000	10.000000	6.402453
0.000000	9.800000	6.402334
0.000000	9.600000	6.402458
0.000000	9.500000	6.402562
0.000000	9.400000	6.402641
0.000000	9.200000	6.402761
0.000000	8.900000	6.403044
0.000000	8.700000	6.403202
0.000000	8.600000	6.403288
0.000000	8.500000	6.403223
0.000000	8.300000	6.403510
0.000000	8.200000	6.403550
0.000000	8.100000	6.403627
0.000000	8.000000	6.403637
0.000000	7.700000	6.403928
0.000000	7.500000	6.404063
0.000000	7.400000	6.404181
0.000000	7.300000	6.404232
0.000000	7.100000	6.404368
0.000000	7.000000	6.404489
0.000000	6.900000	6.404541
0.000000	6.800000	6.404599
0.000000	6.700000	6.404675
0.000000	6.500000	6.404844
0.000000	6.400000	6.404911
0.000000	6.300000	6.404985
0.000000	6.200000	6.405093
0.000000	6.100000	6.405162
0.000000	5.800000	6.405394
0.000000	5.400000	6.405699
0.000000	5.100000	6.405891
0.000000	4.900000	6.406089
0.000000	4.800000	6.406126
0.000000	4.600000	6.406240
0.000000	4.400000	6.406381
0.000000	4.300000	6.406454
0.000000	4.200000	6.406568
0.000000	3.900000	6.406804
0.000000	3.800000	6.406858
0.000000	3.700000	6.406949
0.000000	3.600000	6.407050
0.000000	3.500000	6.407038
0.000000	3.300000	6.407191
0.000000	3.200000	6.407269
0.000000	3.000000	6.407446
0.000000	2.900000	6.407550
0.000000	2.600000	6.407817
0.000000	2.500000	6.407763
0.000000	2.400000	6.407863
0.000000	2.000000	6.408207
0.000000	1.900000	6.408216
0.000000	1.500000	6.408563
0.000000	1.300000	6.408633
0.000000	1.100000	6.408850
0.000000	0.800000	6.409061
0.000000	0.700000	6.409172
0.000000	0.600000	6.409201
0.000000	0.200000	6.409471
0.000000	-0.000000	6.409638
0.000000	-0.200000	6.409771
0.000000	-0.600000	6.410072
0.000000	-0.800000	6.410286
0.000000	-1.100000	6.410490
0.000000	-1.300000	6.410621
0.000000	-1.400000	6.410741
0.000000	-1.500000	6.410784
0.000000	-1.700000	6.411070
0.000000	-1.800000	6.411123
0.000000	-2.000000	6.411237
0.000000	-2.600000	6.411726
0.000000	-2.700000	6.411789
0.000000	-3.000000	6.412017
0.000000	-3.100000	6.412137
0.000000	-3.200000	6.412202
0.000000	-4.300000	6.413031
0.000000	-4.500000	6.413222
0.000000	-4.600000	6.413320
0.000000	-5.000000	6.413674
0.000000	-5.600000	6.414135
0.000000	-6.100000	6.414512
0.000000	-6.200000	6.414620
0.000000	-6.400000	6.414841
0.000000	-6.700000	6.415033
0.000000	-7.000000	6.415294
0.000000	-7.600000	6.415747
0.000000	-8.300000	6.416248
0.000000	-9.000000	6.416742
0.000000	-9.900000	6.417479
0.000000	-10.000000	6.417561
0.000000	-9.900000	6.417555
0.000000	-9.300000	6.417134
0.000000	-9.200000	6.417027
0.000000	-9.000000	6.416835
0.000000	-8.900000	6.416856
0.000000	-8.500000	6.416517
0.000000	-8.300000	6.416384
0.000000	-7.700000	6.415938
0.000000	-7.300000	6.415589
0.000000	-7.000000	6.415408
0.000000	-6.900000	6.415261
0.000000	-6.800000	6.415214
0.000000	-7.100000	6.415331
0.000000	-7.000000	6.415206
0.000000	-5.600000	6.414176
0.000000	-4.600000	6.413438
0.000000	-4.300000	6.413231
0.000000	-3.100000	6.412320
0.000000	-3.800000	6.412838
0.000000	-5.700000	6.414268
0.000000	-8.000000	6.415979
0.000000	-5.000000	6.413744
0.000000	-4.200000	6.413120
0.000000	-1.500000	6.411078
0.000000	1.000000	6.409199
0.000000	2.700000	6.407947
0.000000	-1.400000	6.410982
0.000000	-3.600000	6.412620
0.000000	-5.400000	6.413954
0.000000	-7.100000	6.415216
0.000000	-8.100000	6.415947
0.000000	-9.800000	6.417174
0.000000	-10.000000	6.417307
0.000000	-9.900000	6.417282
0.000000	-9.800000	6.417184
0.000000	-9.500000	6.416983
0.000000	-9.300000	6.416841
0.000000	-9.000000	6.416570
0.000000	-8.500000	6.416184
0.000000	-7.500000	6.415437
0.000000	-7.000000	6.415074
0.000000	-6.800000	6.414900
0.000000	-6.300000	6.414547
0.000000	-6.000000	6.414393
0.000000	-5.600000	6.414101
0.000000	-5.400000	6.413871
0.000000	-6.000000	6.414372
0.000000	-6.500000	6.414706
0.000000	-7.000000	6.415120
0.000000	-7.400000	6.415416
0.000000	-7.600000	6.415515
0.000000	-7.700000	6.415624
0.000000	-7.900000	6.415789
0.000000	-8.000000	6.415821
0.000000	-7.900000	6.415743
0.000000	-7.500000	6.415486
0.000000	-7.400000	6.415374
0.000000	-7.300000	6.415265
0.000000	-7.100000	6.415163
0.000000	-6.900000	6.414934
0.000000	-6.700000	6.414791
0.000000	-6.900000	6.414950
0.000000	-7.400000	6.415373
0.000000	-8.000000	6.415850
0.000000	-8.500000	6.416159
0.000000	-9.300000	6.416739
0.000000	-9.600000	6.416986
0.000000	-10.000000	6.417273
0.000000	-9.900000	6.417241
0.000000	-9.200000	6.416743
0.000000	-9.000000	6.416565
0.000000	-8.800000	6.416484
0.000000	-8.600000	6.416298
0.000000	-8.000000	6.415880
0.000000	-7.500000	6.415458
0.000000	-7.100000	6.415149
0.000000	-6.800000	6.414994
0.000000	-6.300000	6.414621
0.000000	-5.700000	6.414205
0.000000	-5.400000	6.413945
0.000000	-5.000000	6.413698
0.000000	-4.600000	6.413353
0.000000	-4.200000	6.413084
0.000000	-3.600000	6.412610
0.000000	-2.400000	6.411759
0.000000	-1.800000	6.411304
0.000000	-1.500000	6.411114
0.000000	-1.100000	6.410831
0.000000	-0.700000	6.410518
0.000000	-0.400000	6.410252
0.000000	-0.200000	6.410149
0.000000	0.200000	6.409872
0.000000	0.600000	6.409583
0.000000	0.800000	6.409452
0.000000	1.400000	6.408999
0.000000	1.900000	6.408670
0.000000	2.300000	6.408336
0.000000	2.700000	6.408002
0.000000	2.900000	6.407880
0.000000	3.100000	6.407758
0.000000	3.300000	6.407518
0.000000	3.600000	6.407374
0.000000	4.200000	6.406918
0.000000	5.000000	6.406275
0.000000	5.200000	6.406075
0.000000	5.600000	6.405871
0.000000	6.100000	6.405444
0.000000	6.400000	6.405209
0.000000	6.900000	6.404861
0.000000	7.500000	6.404439
0.000000	9.200000	6.403078
0.000000	10.000000	6.402521
0.000000	9.900000	6.402484
0.000000	9.400000	6.402845
0.000000	5.500000	6.405799
0.000000	-0.700000	6.410373
0.000000	-6.300000	6.414581
0.000000	-10.000000	6.417297
0.000000	-7.400000	6.415443
0.000000	-4.300000	6.413060
0.000000	10.000000	6.402388
0.000000	-10.000000	6.417301
0.000000	-2.600000	6.411757
0.000000	4.600000	6.406389
0.000000	5.600000	6.405657
0.000000	-6.100000	6.414380
0.000000	6.700000	6.404890
0.000000	-9.800000	6.417139
0.000000	10.000000	6.402402
0.000000	3.300000	6.407413
0.000000	9.200000	6.402986
0.000000	6.000000	6.405369
0.000000	8.800000	6.403194
0.000000	7.700000	6.404099
0.000000	3.100000	6.407480
0.000000	5.500000	6.405697
0.000000	10.000000	6.402319
0.000000	-7.000000	6.414995
0.000000	-7.100000	6.415035
0.000000	6.800000	6.404647
0.000000	10.000000	6.402310
0.000000	8.800000	6.403157
0.000000	7.400000	6.404214
0.000000	4.400000	6.406438
0.000000	2.300000	6.407981
0.000000	-0.000000	6.409651
0.000000	-2.000000	6.411204
0.000000	-3.200000	6.412074
0.000000	-4.000000	6.412692
0.000000	-4.800000	6.413274
0.000000	-5.400000	6.413676
0.000000	-5.800000	6.414010
0.000000	-6.000000	6.414162
0.000000	-4.500000	6.413063
0.000000	-2.300000	6.411446
0.000000	-0.000000	6.409674
0.000000	3.000000	6.407512
0.000000	4.500000	6.406373
0.000000	6.000000	6.405257
0.000000	6.200000	6.405192
0.000000	6.100000	6.405183
0.000000	6.000000	6.405323
0.000000	3.600000	6.407102
0.000000	3.500000	6.407189
0.000000	3.200000	6.407433
0.000000	3.000000	6.407580
0.000000	2.400000	6.408037
0.000000	2.300000	6.408107
0.000000	1.900000	6.408436
0.000000	1.400000	6.408836
0.000000	1.100000	6.408957
0.000000	0.400000	6.409570
0.000000	0.200000	6.409719
0.000000	-0.200000	6.409977
0.000000	-0.100000	6.409914
0.000000	0.800000	6.409301
0.000000	1.000000	6.409119
0.000000	1.100000	6.409056
0.000000	1.500000	6.408782
0.000000	1.800000	6.408506
0.000000	2.400000	6.408085
0.000000	2.700000	6.407821
0.000000	3.000000	6.407602
0.000000	4.900000	6.406221
0.000000	5.200000	6.405990
0.000000	5.500000	6.405749
0.000000	5.700000	6.405599
0.000000	4.600000	6.406403
0.000000	2.900000	6.407692
0.000000	2.700000	6.407829
0.000000	2.600000	6.407956
0.000000	2.400000	6.408145
0.000000	2.100000	6.408288
0.000000	1.800000	6.408574
0.000000	1.700000	6.408664
0.000000	1.200000	6.409024
0.000000	1.100000	6.409137
0.000000	1.000000	6.409188
0.000000	1.800000	6.408584
0.000000	3.500000	6.407331
0.000000	4.000000	6.406978
0.000000	4.300000	6.406647
0.000000	3.900000	6.407028
0.000000	3.600000	6.407241
0.000000	-0.700000	6.410449
0.000000	-2.100000	6.411562
0.000000	-4.600000	6.413426
0.000000	-6.200000	6.414533
0.000000	-6.400000	6.414720
0.000000	-7.400000	6.415427
0.000000	-7.500000	6.415553
0.000000	-8.000000	6.415901
0.000000	-8.100000	6.415968
0.000000	-7.900000	6.415909
0.000000	-7.600000	6.415607
0.000000	-6.200000	6.414550
0.000000	-5.000000	6.413669
0.000000	-3.700000	6.412616
0.000000	-3.100000	6.412219
0.000000	-1.800000	6.411283
0.000000	-1.500000	6.411063
0.000000	-3.100000	6.412197
0.000000	-4.300000	6.413150
0.000000	-5.400000	6.413886
0.000000	-6.300000	6.414597
0.000000	-6.200000	6.414591
0.000000	-6.100000	6.414493
0.000000	-4.800000	6.413500
0.000000	-3.900000	6.412785
0.000000	-3.100000	6.412168
0.000000	-3.000000	6.412124
0.000000	-2.900000	6.411991
0.000000	-2.700000	6.411893
0.000000	-2.500000	6.411763
0.000000	-2.400000	6.411694
0.000000	-2.500000	6.411747
0.000000	-2.700000	6.411901
0.000000	-3.300000	6.412278
0.000000	-3.700000	6.412679
0.000000	-3.600000	6.412555
0.000000	-3.200000	6.412267
0.000000	-3.300000	6.412311
0.000000	-3.500000	6.412474
0.000000	-3.300000	6.412282
0.000000	-3.200000	6.412234
0.000000	-3.100000	6.412135
0.000000	-3.000000	6.412047
0.000000	-3.200000	6.412262
0.000000	-3.500000	6.412442
0.000000	-4.000000	6.412810
0.000000	-4.600000	6.413266
0.000000	-4.900000	6.413531
0.000000	-5.200000	6.413697
0.000000	-5.400000	6.413888
0.000000	-5.500000	6.413962
0.000000	-5.700000	6.414137
0.000000	-6.200000	6.414462
0.000000	-6.700000	6.414923
0.000000	-6.800000	6.414945
0.000000	-7.300000	6.415306
