# Zeit (s)	# Kanal 1 (V)	# Kanal 2 (V)	# Kanal 3 (V)	# Kanal 4 (V)	
-0.025	-0.77	0.74375	-5.71875	0.131
-0.02495	-0.76375	0.74375	-5.5625	0.131
-0.0249	-0.77	0.7125	-5.5625	0.131
-0.02485	-0.77	0.74375	-5.5625	0.131
-0.0248	-0.77	0.74375	-5.71875	0.146625
-0.02475	-0.77	0.74375	-5.71875	0.131
-0.0247	-0.77	0.7125	-5.5625	0.131
-0.02465	-0.76375	0.74375	-5.5625	0.146625
-0.0246	-0.77625	0.74375	-5.71875	0.146625
-0.02455	-0.77	0.775	-5.5625	0.146625
-0.0245	-0.77	0.74375	-5.71875	0.146625
-0.02445	-0.545	-0.56875	5.375	0.131
-0.0244	-0.52	-0.5375	6.3125	0.131
-0.02435	-0.52625	-0.56875	6.3125	0.131
-0.0243	-0.52625	-0.5375	6.46875	0.146625
-0.02425	-0.52625	-0.5375	6.3125	0.131
-0.0242	-0.52	-0.5375	6.3125	0.131
-0.02415	-0.52	-0.56875	6.3125	0.131
-0.0241	-0.52	-0.50625	6.3125	0.131
-0.02405	-0.52	-0.5375	6.46875	0.131
-0.024	-0.52	-0.56875	6.3125	0.146625
-0.02395	-0.52	-0.5375	6.46875	0.131
-0.0239	-0.52	-0.5375	6.3125	0.146625
-0.02385	-0.52	-0.50625	6.46875	0.146625
-0.0238	-0.75125	0.68125	-5.40625	0.131
-0.02375	-0.76375	0.74375	-5.40625	0.131
-0.0237	-0.76375	0.74375	-5.5625	0.131
-0.02365	-0.76375	0.7125	-5.71875	0.146625
-0.0236	-0.76375	0.7125	-5.71875	0.131
-0.02355	-0.76375	0.74375	-5.5625	0.146625
-0.0235	-0.76375	0.74375	-5.71875	0.146625
-0.02345	-0.77	0.74375	-5.71875	0.146625
-0.0234	-0.76375	0.74375	-5.5625	0.146625
-0.02335	-0.77	0.74375	-5.5625	0.115375
-0.0233	-0.76375	0.74375	-5.5625	0.131
-0.02325	-0.77	0.74375	-5.71875	0.146625
-0.0232	-0.77	0.74375	-5.5625	0.146625
-0.02315	-0.51375	-0.56875	6.15625	0.146625
-0.0231	-0.51375	-0.56875	6.3125	0.131
-0.02305	-0.51375	-0.50625	6.3125	0.131
-0.023	-0.52	-0.5375	6.3125	0.146625
-0.02295	-0.52	-0.50625	6.3125	0.131
-0.0229	-0.51375	-0.5375	6.15625	0.131
-0.02285	-0.51375	-0.5375	6.3125	0.146625
-0.0228	-0.51375	-0.5375	6.3125	0.115375
-0.02275	-0.51375	-0.5375	6.46875	0.146625
-0.0227	-0.52	-0.5375	6.3125	0.146625
-0.02265	-0.51375	-0.5375	6.46875	0.146625
-0.0226	-0.51375	-0.5375	6.3125	0.146625
-0.02255	-0.51375	-0.5375	6.3125	0.131
-0.0225	-0.76375	0.68125	-5.5625	0.131
-0.02245	-0.76375	0.7125	-5.5625	0.131
-0.0224	-0.76375	0.74375	-5.5625	0.146625
-0.02235	-0.76375	0.68125	-5.71875	0.131
-0.0223	-0.7575	0.7125	-5.71875	0.146625
-0.02225	-0.7575	0.7125	-5.5625	0.146625
-0.0222	-0.7575	0.7125	-5.71875	0.131
-0.02215	-0.76375	0.7125	-5.71875	0.131
-0.0221	-0.76375	0.7125	-5.5625	0.146625
-0.02205	-0.7575	0.7125	-5.5625	0.131
-0.022	-0.7575	0.7125	-5.71875	0.131
-0.02195	-0.7575	0.68125	-5.5625	0.131
-0.0219	-0.7575	0.7125	-5.5625	0.131
-0.02185	-0.5075	-0.50625	6.3125	0.146625
-0.0218	-0.5075	-0.50625	6.3125	0.115375
-0.02175	-0.5075	-0.50625	6.3125	0.131
-0.0217	-0.5075	-0.50625	6.15625	0.146625
-0.02165	-0.5075	-0.50625	6.15625	0.131
-0.0216	-0.5075	-0.50625	6.3125	0.131
-0.02155	-0.50125	-0.475	6.3125	0.131
-0.0215	-0.50125	-0.50625	6.3125	0.146625
-0.02145	-0.5075	-0.50625	6.3125	0.146625
-0.0214	-0.5075	-0.50625	6.3125	0.131
-0.02135	-0.50125	-0.475	6.15625	0.131
-0.0213	-0.50125	-0.50625	6.3125	0.131
-0.02125	-0.50125	-0.50625	6.3125	0.131
-0.0212	-0.73875	0.68125	-5.5625	0.131
-0.02115	-0.745	0.7125	-5.71875	0.131
-0.0211	-0.745	0.68125	-5.71875	0.146625
-0.02105	-0.75125	0.68125	-5.71875	0.131
-0.021	-0.745	0.68125	-5.71875	0.131
-0.02095	-0.73875	0.68125	-5.71875	0.131
-0.0209	-0.745	0.65	-5.5625	0.131
-0.02085	-0.745	0.68125	-5.71875	0.131
-0.0208	-0.73875	0.7125	-5.5625	0.146625
-0.02075	-0.745	0.68125	-5.5625	0.146625
-0.0207	-0.7325	0.68125	-5.71875	0.131
-0.02065	-0.7325	0.68125	-5.40625	0.146625
-0.0206	-0.75125	0.7125	-4.46875	0.16225
-0.02055	-0.4825	-0.475	6.3125	0.131
-0.0205	-0.48875	-0.50625	6.3125	0.146625
-0.02045	-0.47625	-0.50625	6.3125	0.146625
-0.0204	-0.47625	-0.50625	6.3125	0.146625
-0.02035	-0.48875	-0.475	6.3125	0.146625
-0.0203	-0.4825	-0.475	6.3125	0.131
-0.02025	-0.47625	-0.50625	6.46875	0.146625
-0.0202	-0.47625	-0.50625	6.3125	0.131
-0.02015	-0.47625	-0.50625	6.15625	0.146625
-0.0201	-0.47625	-0.50625	6.3125	0.146625
-0.02005	-0.47	-0.50625	6.3125	0.131
-0.02	-0.47	-0.475	6.3125	0.131
-0.01995	-0.495	-0.0375	2.25	0.146625
-0.0199	-0.72	0.68125	-5.5625	0.131
-0.01985	-0.72	0.68125	-5.5625	0.131
-0.0198	-0.71375	0.68125	-5.5625	0.146625
-0.01975	-0.71375	0.7125	-5.5625	0.131
-0.0197	-0.72	0.68125	-5.71875	0.146625
-0.01965	-0.71375	0.7125	-5.71875	0.131
-0.0196	-0.71375	0.68125	-5.5625	0.131
-0.01955	-0.72	0.68125	-5.5625	0.131
-0.0195	-0.72	0.7125	-5.71875	0.146625
-0.01945	-0.71375	0.68125	-5.5625	0.146625
-0.0194	-0.71375	0.68125	-5.5625	0.131
-0.01935	-0.72	0.7125	-5.5625	0.146625
-0.0193	-0.43875	-0.475	6.3125	0.146625
-0.01925	-0.47	-0.50625	6.3125	0.131
-0.0192	-0.46375	-0.5375	6.15625	0.131
-0.01915	-0.47	-0.5375	6.3125	0.146625
-0.0191	-0.47	-0.50625	6.3125	0.146625
-0.01905	-0.47625	-0.50625	6.3125	0.131
-0.019	-0.47625	-0.50625	6.3125	0.131
-0.01895	-0.47625	-0.50625	6.3125	0.146625
-0.0189	-0.47625	-0.5375	6.3125	0.131
-0.01885	-0.47	-0.50625	6.3125	0.146625
-0.0188	-0.47625	-0.5375	6.3125	0.131
-0.01875	-0.47625	-0.475	6.3125	0.131
-0.0187	-0.47625	-0.5375	6.3125	0.131
-0.01865	-0.70125	0.7125	-5.5625	0.131
-0.0186	-0.72625	0.7125	-5.5625	0.146625
-0.01855	-0.72625	0.68125	-5.71875	0.131
-0.0185	-0.72625	0.7125	-5.5625	0.131
-0.01845	-0.72625	0.68125	-5.71875	0.146625
-0.0184	-0.72625	0.68125	-5.5625	0.146625
-0.01835	-0.72625	0.7125	-5.5625	0.146625
-0.0183	-0.7325	0.7125	-5.71875	0.146625
-0.01825	-0.7325	0.68125	-5.40625	0.146625
-0.0182	-0.72625	0.74375	-5.5625	0.131
-0.01815	-0.7325	0.74375	-5.71875	0.131
-0.0181	-0.72625	0.74375	-5.5625	0.146625
-0.01805	-0.7325	0.7125	-5.5625	0.131
-0.018	-0.48875	-0.5375	6.15625	0.146625
-0.01795	-0.4825	-0.5375	6.3125	0.131
-0.0179	-0.48875	-0.475	6.3125	0.146625
-0.01785	-0.4825	-0.5375	6.15625	0.131
-0.0178	-0.4825	-0.5375	6.3125	0.131
-0.01775	-0.48875	-0.5375	6.46875	0.131
-0.0177	-0.4825	-0.50625	6.15625	0.146625
-0.01765	-0.48875	-0.5375	6.3125	0.146625
-0.0176	-0.48875	-0.5375	6.3125	0.131
-0.01755	-0.48875	-0.5375	6.3125	0.131
-0.0175	-0.48875	-0.56875	6.3125	0.115375
-0.01745	-0.48875	-0.5375	6.46875	0.146625
-0.0174	-0.48875	-0.56875	6.15625	0.146625
-0.01735	-0.7325	0.7125	-5.5625	0.131
-0.0173	-0.73875	0.7125	-5.5625	0.131
-0.01725	-0.745	0.7125	-5.71875	0.131
-0.0172	-0.73875	0.7125	-5.5625	0.146625
-0.01715	-0.745	0.74375	-5.5625	0.131
-0.0171	-0.745	0.7125	-5.5625	0.131
-0.01705	-0.73875	0.74375	-5.71875	0.131
-0.017	-0.73875	0.74375	-5.5625	0.131
-0.01695	-0.745	0.7125	-5.5625	0.131
-0.0169	-0.745	0.7125	-5.5625	0.146625
-0.01685	-0.745	0.74375	-5.71875	0.16225
-0.0168	-0.745	0.74375	-5.5625	0.146625
-0.01675	-0.75125	0.7125	-5.5625	0.131
-0.0167	-0.495	-0.5375	6.3125	0.146625
-0.01665	-0.5075	-0.56875	6.3125	0.131
-0.0166	-0.50125	-0.56875	6.15625	0.146625
-0.01655	-0.5075	-0.5375	6.15625	0.146625
-0.0165	-0.5075	-0.5375	6.3125	0.115375
-0.01645	-0.50125	-0.5375	6.46875	0.146625
-0.0164	-0.5075	-0.56875	6.3125	0.131
-0.01635	-0.50125	-0.5375	6.3125	0.131
-0.0163	-0.5075	-0.5375	6.3125	0.131
-0.01625	-0.50125	-0.56875	6.3125	0.146625
-0.0162	-0.50125	-0.56875	6.3125	0.131
-0.01615	-0.5075	-0.5375	6.3125	0.16225
-0.0161	-0.5075	-0.56875	6.15625	0.146625
-0.01605	-0.7575	0.7125	-5.5625	0.131
-0.016	-0.75125	0.74375	-5.5625	0.131
-0.01595	-0.75125	0.74375	-5.5625	0.131
-0.0159	-0.7575	0.74375	-5.5625	0.146625
-0.01585	-0.7575	0.74375	-5.5625	0.131
-0.0158	-0.76375	0.74375	-5.71875	0.146625
-0.01575	-0.76375	0.775	-5.71875	0.131
-0.0157	-0.76375	0.775	-5.71875	0.131
-0.01565	-0.76375	0.7125	-5.71875	0.131
-0.0156	-0.76375	0.74375	-5.71875	0.131
-0.01555	-0.77	0.74375	-5.5625	0.146625
-0.0155	-0.76375	0.74375	-5.5625	0.146625
-0.01545	-0.76375	0.74375	-3.53125	0.131
-0.0154	-0.52	-0.5375	6.3125	0.131
-0.01535	-0.52	-0.5375	6.3125	0.146625
-0.0153	-0.51375	-0.56875	6.3125	0.131
-0.01525	-0.52	-0.5375	6.3125	0.146625
-0.0152	-0.52	-0.5375	6.3125	0.146625
-0.01515	-0.52	-0.56875	6.3125	0.131
-0.0151	-0.52	-0.5375	6.15625	0.16225
-0.01505	-0.52	-0.50625	6.15625	0.146625
-0.015	-0.51375	-0.50625	6.3125	0.131
-0.01495	-0.52625	-0.5375	6.3125	0.146625
-0.0149	-0.52	-0.56875	6.3125	0.146625
-0.01485	-0.52	-0.56875	6.3125	0.131
-0.0148	-0.60125	0.61875	0.0624993	0.115375
-0.01475	-0.77	0.74375	-5.5625	0.131
-0.0147	-0.77625	0.7125	-5.71875	0.146625
-0.01465	-0.77	0.74375	-5.71875	0.131
-0.0146	-0.77	0.74375	-5.5625	0.131
-0.01455	-0.77625	0.74375	-5.5625	0.146625
-0.0145	-0.77	0.775	-5.5625	0.131
-0.01445	-0.77625	0.775	-5.71875	0.146625
-0.0144	-0.77625	0.74375	-5.71875	0.131
-0.01435	-0.77625	0.74375	-5.5625	0.146625
-0.0143	-0.77	0.74375	-5.5625	0.146625
-0.01425	-0.77625	0.7125	-5.71875	0.146625
-0.0142	-0.77	0.7125	-5.40625	0.146625
-0.01415	-0.495	-0.50625	6.3125	0.131
-0.0141	-0.51375	-0.5375	6.3125	0.131
-0.01405	-0.52625	-0.50625	6.46875	0.131
-0.014	-0.52	-0.5375	6.3125	0.146625
-0.01395	-0.52	-0.56875	6.3125	0.146625
-0.0139	-0.51375	-0.5375	6.46875	0.131
-0.01385	-0.52	-0.5375	6.3125	0.146625
-0.0138	-0.51375	-0.56875	6.15625	0.146625
-0.01375	-0.52	-0.5375	6.3125	0.131
-0.0137	-0.52	-0.50625	6.3125	0.146625
-0.01365	-0.52	-0.5375	6.3125	0.131
-0.0136	-0.51375	-0.56875	6.46875	0.16225
-0.01355	-0.51375	-0.56875	6.15625	0.131
-0.0135	-0.77625	0.7125	-5.5625	0.146625
-0.01345	-0.77	0.74375	-5.40625	0.131
-0.0134	-0.76375	0.7125	-5.71875	0.131
-0.01335	-0.76375	0.74375	-5.5625	0.131
-0.0133	-0.77	0.74375	-5.5625	0.146625
-0.01325	-0.76375	0.7125	-5.5625	0.16225
-0.0132	-0.76375	0.7125	-5.5625	0.16225
-0.01315	-0.77	0.7125	-5.71875	0.131
-0.0131	-0.77	0.68125	-5.71875	0.131
-0.01305	-0.76375	0.74375	-5.5625	0.131
-0.013	-0.76375	0.7125	-5.71875	0.146625
-0.01295	-0.76375	0.7125	-5.71875	0.131
-0.0129	-0.7575	0.7125	-5.5625	0.146625
-0.01285	-0.51375	-0.5375	6.3125	0.131
-0.0128	-0.52	-0.50625	6.3125	0.131
-0.01275	-0.51375	-0.5375	6.3125	0.146625
-0.0127	-0.5075	-0.5375	6.3125	0.146625
-0.01265	-0.5075	-0.56875	6.3125	0.131
-0.0126	-0.52	-0.5375	6.3125	0.115375
-0.01255	-0.51375	-0.56875	6.3125	0.146625
-0.0125	-0.5075	-0.5375	6.46875	0.146625
-0.01245	-0.51375	-0.56875	6.15625	0.131
-0.0124	-0.51375	-0.5375	6.3125	0.16225
-0.01235	-0.51375	-0.50625	6.3125	0.131
-0.0123	-0.51375	-0.5375	6.3125	0.131
-0.01225	-0.51375	-0.5375	6.3125	0.131
-0.0122	-0.76375	0.7125	-5.40625	0.131
-0.01215	-0.75125	0.68125	-5.5625	0.131
-0.0121	-0.7575	0.7125	-5.5625	0.131
-0.01205	-0.76375	0.7125	-5.5625	0.131
-0.012	-0.7575	0.7125	-5.5625	0.131
-0.01195	-0.75125	0.7125	-5.5625	0.146625
-0.0119	-0.7575	0.74375	-5.5625	0.131
-0.01185	-0.7575	0.7125	-5.71875	0.131
-0.0118	-0.7575	0.7125	-5.71875	0.131
-0.01175	-0.7575	0.68125	-5.71875	0.131
-0.0117	-0.7575	0.68125	-5.5625	0.146625
-0.01165	-0.75125	0.68125	-5.71875	0.146625
-0.0116	-0.75125	0.68125	-5.5625	0.146625
-0.01155	-0.50125	-0.50625	6.3125	0.146625
-0.0115	-0.5075	-0.5375	6.3125	0.131
-0.01145	-0.50125	-0.50625	6.3125	0.146625
-0.0114	-0.50125	-0.50625	6.3125	0.131
-0.01135	-0.50125	-0.50625	6.3125	0.146625
-0.0113	-0.50125	-0.50625	6.3125	0.146625
-0.01125	-0.495	-0.50625	6.3125	0.146625
-0.0112	-0.50125	-0.50625	6.3125	0.131
-0.01115	-0.50125	-0.50625	6.3125	0.131
-0.0111	-0.50125	-0.50625	6.3125	0.131
-0.01105	-0.495	-0.50625	6.15625	0.146625
-0.011	-0.50125	-0.50625	6.3125	0.131
-0.01095	-0.50125	-0.475	6.3125	0.131
-0.0109	-0.73875	0.68125	-5.5625	0.115375
-0.01085	-0.745	0.65	-5.5625	0.146625
-0.0108	-0.745	0.7125	-5.71875	0.131
-0.01075	-0.73875	0.7125	-5.71875	0.131
-0.0107	-0.7325	0.65	-5.5625	0.131
-0.01065	-0.7325	0.7125	-5.5625	0.146625
-0.0106	-0.73875	0.7125	-5.71875	0.131
-0.01055	-0.73875	0.68125	-5.5625	0.146625
-0.0105	-0.7325	0.65	-5.5625	0.146625
-0.01045	-0.7325	0.68125	-5.5625	0.131
-0.0104	-0.7325	0.68125	-5.5625	0.131
-0.01035	-0.72625	0.7125	-5.71875	0.131
-0.0103	-0.6825	0.61875	-2.125	0.146625
-0.01025	-0.4825	-0.50625	6.3125	0.131
-0.0102	-0.47625	-0.50625	6.3125	0.146625
-0.01015	-0.47625	-0.50625	6.3125	0.146625
-0.0101	-0.47625	-0.475	6.15625	0.146625
-0.01005	-0.47625	-0.475	6.3125	0.146625
-0.01	-0.47625	-0.50625	6.3125	0.131
-0.00995	-0.47	-0.50625	6.3125	0.146625
-0.0099	-0.47	-0.50625	6.3125	0.131
-0.00985	-0.46375	-0.475	6.3125	0.146625
-0.0098	-0.46375	-0.50625	6.3125	0.146625
-0.00975	-0.47	-0.50625	6.15625	0.146625
-0.0097	-0.47	-0.50625	6.3125	0.131
-0.00965	-0.61375	0.61875	-2.4375	0.146625
-0.0096	-0.71375	0.68125	-5.5625	0.146625
-0.00955	-0.71375	0.68125	-5.71875	0.115375
-0.0095	-0.72	0.68125	-5.5625	0.146625
-0.00945	-0.71375	0.68125	-5.5625	0.131
-0.0094	-0.71375	0.7125	-5.5625	0.131
-0.00935	-0.72	0.68125	-5.5625	0.146625
-0.0093	-0.72	0.68125	-5.71875	0.146625
-0.00925	-0.71375	0.7125	-5.71875	0.146625
-0.0092	-0.72	0.7125	-5.5625	0.146625
-0.00915	-0.72	0.7125	-5.71875	0.146625
-0.0091	-0.71375	0.7125	-5.5625	0.146625
-0.00905	-0.72	0.7125	-5.5625	0.146625
-0.009	-0.50125	-0.5375	6.15625	0.115375
-0.00895	-0.47625	-0.5375	6.15625	0.146625
-0.0089	-0.47	-0.50625	6.3125	0.146625
-0.00885	-0.47625	-0.5375	6.3125	0.16225
-0.0088	-0.47625	-0.5375	6.3125	0.131
-0.00875	-0.4825	-0.50625	6.15625	0.131
-0.0087	-0.47625	-0.50625	6.15625	0.146625
-0.00865	-0.47625	-0.5375	6.3125	0.131
-0.0086	-0.47625	-0.50625	6.3125	0.146625
-0.00855	-0.4825	-0.50625	6.3125	0.146625
-0.0085	-0.47625	-0.50625	6.3125	0.146625
-0.00845	-0.47625	-0.50625	6.3125	0.131
-0.0084	-0.47625	-0.5375	6.3125	0.131
-0.00835	-0.7325	0.7125	-5.5625	0.131
-0.0083	-0.72625	0.7125	-5.5625	0.146625
-0.00825	-0.72625	0.7125	-5.71875	0.131
-0.0082	-0.72625	0.74375	-5.5625	0.146625
-0.00815	-0.72625	0.7125	-5.71875	0.146625
-0.0081	-0.72625	0.7125	-5.5625	0.131
-0.00805	-0.7325	0.7125	-5.5625	0.146625
-0.008	-0.7325	0.7125	-5.71875	0.146625
-0.00795	-0.7325	0.7125	-5.5625	0.146625
-0.0079	-0.73875	0.68125	-5.5625	0.131
-0.00785	-0.73875	0.7125	-5.71875	0.131
-0.0078	-0.7325	0.7125	-5.5625	0.146625
-0.00775	-0.73875	0.7125	-5.71875	0.146625
-0.0077	-0.48875	-0.50625	6.3125	0.131
-0.00765	-0.48875	-0.50625	6.3125	0.131
-0.0076	-0.495	-0.5375	6.3125	0.131
-0.00755	-0.495	-0.5375	6.3125	0.131
-0.0075	-0.495	-0.5375	6.3125	0.131
-0.00745	-0.4825	-0.5375	6.3125	0.146625
-0.0074	-0.48875	-0.5375	6.46875	0.115375
-0.00735	-0.495	-0.5375	6.3125	0.146625
-0.0073	-0.48875	-0.5375	6.3125	0.131
-0.00725	-0.48875	-0.5375	6.3125	0.131
-0.0072	-0.495	-0.5375	6.3125	0.146625
-0.00715	-0.50125	-0.5375	6.3125	0.131
-0.0071	-0.495	-0.50625	6.15625	0.146625
-0.00705	-0.745	0.74375	-5.5625	0.115375
-0.007	-0.745	0.7125	-5.71875	0.115375
-0.00695	-0.745	0.74375	-5.5625	0.131
-0.0069	-0.73875	0.74375	-5.5625	0.131
-0.00685	-0.745	0.74375	-5.71875	0.146625
-0.0068	-0.745	0.7125	-5.71875	0.131
-0.00675	-0.745	0.74375	-5.5625	0.146625
-0.0067	-0.73875	0.74375	-5.71875	0.131
-0.00665	-0.75125	0.74375	-5.5625	0.146625
-0.0066	-0.75125	0.7125	-5.71875	0.146625
-0.00655	-0.75125	0.74375	-5.5625	0.146625
-0.0065	-0.75125	0.74375	-5.5625	0.146625
-0.00645	-0.745	0.7125	-5.5625	0.146625
-0.0064	-0.50125	-0.5375	6.3125	0.146625
-0.00635	-0.50125	-0.56875	6.3125	0.131
-0.0063	-0.5075	-0.5375	6.3125	0.146625
-0.00625	-0.5075	-0.5375	6.3125	0.131
-0.0062	-0.5075	-0.56875	6.15625	0.146625
-0.00615	-0.51375	-0.56875	6.3125	0.131
-0.0061	-0.5075	-0.56875	6.3125	0.131
-0.00605	-0.5075	-0.5375	6.15625	0.131
-0.006	-0.50125	-0.56875	6.3125	0.131
-0.00595	-0.50125	-0.56875	6.15625	0.146625
-0.0059	-0.5075	-0.5375	6.3125	0.131
-0.00585	-0.5075	-0.56875	6.3125	0.131
-0.0058	-0.52625	-0.56875	6.3125	0.131
-0.00575	-0.7575	0.74375	-5.5625	0.146625
-0.0057	-0.7575	0.74375	-5.71875	0.146625
-0.00565	-0.7575	0.74375	-5.5625	0.131
-0.0056	-0.76375	0.7125	-5.5625	0.131
-0.00555	-0.7575	0.7125	-5.5625	0.146625
-0.0055	-0.76375	0.74375	-5.5625	0.131
-0.00545	-0.76375	0.74375	-5.5625	0.146625
-0.0054	-0.76375	0.74375	-5.71875	0.131
-0.00535	-0.76375	0.74375	-5.71875	0.131
-0.0053	-0.76375	0.7125	-5.5625	0.16225
-0.00525	-0.7575	0.74375	-5.5625	0.146625
-0.0052	-0.77	0.7125	-5.5625	0.146625
-0.00515	-0.68875	0.65	-0.718751	0.146625
-0.0051	-0.51375	-0.56875	6.15625	0.146625
-0.00505	-0.52	-0.56875	6.15625	0.131
-0.005	-0.52	-0.5375	6.3125	0.16225
-0.00495	-0.52	-0.5375	6.3125	0.146625
-0.0049	-0.52	-0.50625	6.3125	0.131
-0.00485	-0.52	-0.56875	6.3125	0.131
-0.0048	-0.52	-0.56875	6.3125	0.131
-0.00475	-0.52	-0.56875	6.15625	0.115375
-0.0047	-0.52	-0.56875	6.3125	0.131
-0.00465	-0.52	-0.56875	6.3125	0.131
-0.0046	-0.52	-0.56875	6.15625	0.131
-0.00455	-0.52	-0.5375	6.3125	0.131
-0.0045	-0.67625	0.5875	-5.40625	0.131
-0.00445	-0.77	0.7125	-5.5625	0.131
-0.0044	-0.77625	0.74375	-5.5625	0.131
-0.00435	-0.77	0.7125	-5.5625	0.146625
-0.0043	-0.77625	0.74375	-5.71875	0.131
-0.00425	-0.77	0.74375	-5.5625	0.146625
-0.0042	-0.77625	0.74375	-5.5625	0.146625
-0.00415	-0.77625	0.74375	-5.5625	0.146625
-0.0041	-0.77	0.7125	-5.5625	0.146625
-0.00405	-0.76375	0.74375	-5.71875	0.131
-0.004	-0.76375	0.74375	-5.71875	0.131
-0.00395	-0.77	0.74375	-5.71875	0.131
-0.0039	-0.77	0.7125	-5.40625	0.16225
-0.00385	-0.51375	-0.5375	6.3125	0.146625
-0.0038	-0.52	-0.56875	6.15625	0.146625
-0.00375	-0.51375	-0.5375	6.15625	0.131
-0.0037	-0.51375	-0.5375	6.3125	0.146625
-0.00365	-0.51375	-0.5375	6.3125	0.146625
-0.0036	-0.51375	-0.5375	6.3125	0.146625
-0.00355	-0.52	-0.5375	6.3125	0.146625
-0.0035	-0.52	-0.56875	6.46875	0.131
-0.00345	-0.51375	-0.5375	6.3125	0.146625
-0.0034	-0.51375	-0.56875	6.3125	0.131
-0.00335	-0.52	-0.5375	6.3125	0.131
-0.0033	-0.52	-0.5375	6.15625	0.146625
-0.00325	-0.51375	-0.5375	6.3125	0.146625
-0.0032	-0.7575	0.68125	-5.5625	0.131
-0.00315	-0.77	0.74375	-5.71875	0.115375
-0.0031	-0.76375	0.7125	-5.5625	0.146625
-0.00305	-0.77	0.74375	-5.71875	0.131
-0.003	-0.76375	0.74375	-5.71875	0.131
-0.00295	-0.76375	0.7125	-5.5625	0.131
-0.0029	-0.76375	0.74375	-5.71875	0.146625
-0.00285	-0.77	0.7125	-5.5625	0.146625
-0.0028	-0.77	0.7125	-5.5625	0.16225
-0.00275	-0.76375	0.74375	-5.71875	0.146625
-0.0027	-0.76375	0.7125	-5.71875	0.131
-0.00265	-0.76375	0.7125	-5.71875	0.146625
-0.0026	-0.76375	0.7125	-5.5625	0.131
-0.00255	-0.5075	-0.5375	6.3125	0.131
-0.0025	-0.51375	-0.5375	6.3125	0.131
-0.00245	-0.51375	-0.5375	6.15625	0.131
-0.0024	-0.51375	-0.5375	6.15625	0.146625
-0.00235	-0.5075	-0.50625	6.3125	0.146625
-0.0023	-0.51375	-0.5375	6.3125	0.131
-0.00225	-0.5075	-0.50625	6.46875	0.131
-0.0022	-0.51375	-0.50625	6.3125	0.146625
-0.00215	-0.5075	-0.5375	6.3125	0.131
-0.0021	-0.5075	-0.50625	6.3125	0.131
-0.00205	-0.51375	-0.50625	6.15625	0.131
-0.002	-0.51375	-0.50625	6.15625	0.146625
-0.00195	-0.52	-0.5375	6.46875	0.131
-0.0019	-0.75125	0.74375	-5.71875	0.146625
-0.00185	-0.75125	0.68125	-5.71875	0.131
-0.0018	-0.7575	0.7125	-5.5625	0.131
-0.00175	-0.7575	0.74375	-5.5625	0.131
-0.0017	-0.7575	0.7125	-5.5625	0.131
-0.00165	-0.7575	0.7125	-5.5625	0.131
-0.0016	-0.75125	0.7125	-5.71875	0.131
-0.00155	-0.75125	0.7125	-5.71875	0.146625
-0.0015	-0.75125	0.7125	-5.71875	0.131
-0.00145	-0.745	0.68125	-5.71875	0.131
-0.0014	-0.75125	0.68125	-5.5625	0.146625
-0.00135	-0.745	0.68125	-5.71875	0.131
-0.0013	-0.745	0.7125	-5.40625	0.16225
-0.00125	-0.50125	-0.50625	6.3125	0.146625
-0.0012	-0.50125	-0.475	6.3125	0.146625
-0.00115	-0.50125	-0.50625	6.3125	0.16225
-0.0011	-0.495	-0.475	6.15625	0.131
-0.00105	-0.495	-0.475	6.3125	0.146625
-0.001	-0.495	-0.475	6.3125	0.131
-0.00095	-0.495	-0.50625	6.3125	0.131
-0.0009	-0.495	-0.50625	6.15625	0.146625
-0.00085	-0.495	-0.50625	6.3125	0.131
-0.0008	-0.48875	-0.475	6.3125	0.131
-0.00075	-0.495	-0.50625	6.3125	0.146625
-0.0007	-0.48875	-0.50625	6.3125	0.131
-0.00065	-0.5075	-0.5375	6.15625	0.131
-0.0006	-0.7325	0.7125	-5.5625	0.131
-0.00055	-0.7325	0.68125	-5.40625	0.131
-0.0005	-0.7325	0.68125	-5.5625	0.131
-0.00045	-0.7325	0.68125	-5.5625	0.131
-0.0004	-0.7325	0.68125	-5.5625	0.131
-0.00035	-0.7325	0.74375	-5.5625	0.146625
-0.0003	-0.72625	0.68125	-5.5625	0.146625
-0.00025	-0.72625	0.68125	-5.71875	0.146625
-0.0002	-0.72	0.68125	-5.71875	0.16225
-0.00015	-0.72	0.68125	-5.5625	0.131
-0.0001	-0.72	0.68125	-5.5625	0.146625
-0.00005	-0.72	0.68125	-5.71875	0.131
-0.0000000000000000171304	-0.62625	-0.00625	1.46875	0.146625
0.00005	-0.47	-0.475	6.3125	0.146625
0.0001	-0.47	-0.50625	6.15625	0.146625
0.00015	-0.47	-0.475	6.3125	0.131
0.0002	-0.47	-0.50625	6.15625	0.146625
0.00025	-0.46375	-0.50625	6.3125	0.146625
0.0003	-0.47	-0.50625	6.3125	0.146625
0.00035	-0.47	-0.50625	6.3125	0.131
0.0004	-0.47	-0.5375	6.15625	0.131
0.00045	-0.47625	-0.50625	6.15625	0.131
0.0005	-0.47	-0.50625	6.3125	0.131
0.00055	-0.47	-0.50625	6.15625	0.131
0.0006	-0.47	-0.5375	6.15625	0.131
0.00065	-0.745	0.7125	-5.5625	0.131
0.0007	-0.72	0.7125	-5.71875	0.131
0.00075	-0.72	0.68125	-5.71875	0.146625
0.0008	-0.71375	0.7125	-5.5625	0.131
0.00085	-0.72	0.68125	-5.71875	0.131
0.0009	-0.72	0.68125	-5.71875	0.146625
0.00095	-0.72	0.7125	-5.71875	0.146625
0.001	-0.72	0.7125	-5.71875	0.146625
0.00105	-0.72	0.7125	-5.71875	0.131
0.0011	-0.72	0.7125	-5.71875	0.131
0.00115	-0.72	0.7125	-5.5625	0.146625
0.0012	-0.72625	0.7125	-5.71875	0.146625
0.00125	-0.72	0.7125	-5.5625	0.115375
0.0013	-0.46375	-0.50625	6.3125	0.146625
0.00135	-0.4825	-0.5375	6.3125	0.131
0.0014	-0.47625	-0.50625	6.46875	0.146625
0.00145	-0.47	-0.50625	6.3125	0.146625
0.0015	-0.4825	-0.50625	6.3125	0.146625
0.00155	-0.4825	-0.50625	6.3125	0.146625
0.0016	-0.47625	-0.5375	6.3125	0.131
0.00165	-0.4825	-0.50625	6.3125	0.131
0.0017	-0.4825	-0.50625	6.3125	0.131
0.00175	-0.4825	-0.5375	6.3125	0.146625
0.0018	-0.4825	-0.56875	6.3125	0.131
0.00185	-0.4825	-0.5375	6.3125	0.131
0.0019	-0.4825	-0.5375	6.3125	0.131
0.00195	-0.7325	0.68125	-5.5625	0.131
0.002	-0.7325	0.7125	-5.5625	0.131
0.00205	-0.7325	0.7125	-5.5625	0.131
0.0021	-0.7325	0.74375	-5.875	0.146625
0.00215	-0.7325	0.7125	-5.71875	0.131
0.0022	-0.73875	0.74375	-5.71875	0.131
0.00225	-0.7325	0.68125	-5.71875	0.131
0.0023	-0.7325	0.7125	-5.71875	0.131
0.00235	-0.7325	0.7125	-5.5625	0.131
0.0024	-0.73875	0.7125	-5.71875	0.146625
0.00245	-0.73875	0.7125	-5.5625	0.146625
0.0025	-0.73875	0.74375	-5.71875	0.131
0.00255	-0.73875	0.7125	-5.40625	0.146625
0.0026	-0.495	-0.5375	6.3125	0.146625
0.00265	-0.48875	-0.56875	6.3125	0.131
0.0027	-0.495	-0.56875	6.3125	0.146625
0.00275	-0.495	-0.56875	6.3125	0.146625
0.0028	-0.495	-0.50625	6.3125	0.131
0.00285	-0.50125	-0.5375	6.3125	0.146625
0.0029	-0.50125	-0.50625	6.46875	0.146625
0.00295	-0.50125	-0.50625	6.3125	0.146625
0.003	-0.50125	-0.5375	6.15625	0.115375
0.00305	-0.495	-0.56875	6.3125	0.131
0.0031	-0.495	-0.56875	6.3125	0.146625
0.00315	-0.495	-0.5375	6.15625	0.146625
0.0032	-0.50125	-0.50625	6.3125	0.146625
0.00325	-0.745	0.775	-5.5625	0.146625
0.0033	-0.75125	0.74375	-5.5625	0.146625
0.00335	-0.75125	0.74375	-5.5625	0.146625
0.0034	-0.75125	0.74375	-5.71875	0.131
0.00345	-0.75125	0.74375	-5.71875	0.131
0.0035	-0.75125	0.7125	-5.71875	0.131
0.00355	-0.7575	0.74375	-5.5625	0.131
0.0036	-0.75125	0.74375	-5.71875	0.146625
0.00365	-0.7575	0.74375	-5.5625	0.146625
0.0037	-0.7575	0.74375	-5.5625	0.146625
0.00375	-0.75125	0.74375	-5.71875	0.146625
0.0038	-0.7575	0.74375	-5.5625	0.131
0.00385	-0.7575	0.7125	-5.25	0.131
0.0039	-0.5075	-0.5375	6.3125	0.146625
0.00395	-0.5075	-0.5375	6.15625	0.131
0.004	-0.50125	-0.56875	6.3125	0.16225
0.00405	-0.51375	-0.5375	6.3125	0.146625
0.0041	-0.5075	-0.5375	6.15625	0.146625
0.00415	-0.5075	-0.56875	6.3125	0.131
0.0042	-0.51375	-0.56875	6.3125	0.146625
0.00425	-0.5075	-0.5375	6.3125	0.131
0.0043	-0.50125	-0.5375	6.15625	0.146625
0.00435	-0.51375	-0.5375	6.3125	0.131
0.0044	-0.51375	-0.5375	6.3125	0.146625
0.00445	-0.51375	-0.5375	6.3125	0.146625
0.0045	-0.50125	-0.5375	5.21875	0.131
0.00455	-0.7575	0.7125	-5.71875	0.131
0.0046	-0.76375	0.74375	-5.71875	0.146625
0.00465	-0.76375	0.7125	-5.5625	0.131
0.0047	-0.7575	0.74375	-5.5625	0.131
0.00475	-0.76375	0.74375	-5.5625	0.146625
0.0048	-0.77	0.7125	-5.5625	0.146625
0.00485	-0.76375	0.74375	-5.5625	0.146625
0.0049	-0.77	0.74375	-5.5625	0.146625
0.00495	-0.77	0.74375	-5.5625	0.146625
0.005	-0.77	0.74375	-5.71875	0.131
0.00505	-0.77	0.74375	-5.71875	0.131
0.0051	-0.76375	0.74375	-5.71875	0.146625
0.00515	-0.57625	-0.63125	3.8125	0.16225
0.0052	-0.52	-0.56875	6.15625	0.146625
0.00525	-0.52	-0.5375	6.3125	0.146625
0.0053	-0.52625	-0.50625	6.15625	0.146625
0.00535	-0.52625	-0.5375	6.3125	0.146625
0.0054	-0.52	-0.5375	6.3125	0.131
0.00545	-0.52	-0.5375	6.15625	0.146625
0.0055	-0.52	-0.5375	6.3125	0.131
0.00555	-0.52	-0.5375	6.3125	0.146625
0.0056	-0.51375	-0.5375	6.3125	0.131
0.00565	-0.52	-0.5375	6.3125	0.146625
0.0057	-0.52	-0.5375	6.3125	0.131
0.00575	-0.52	-0.5375	6.3125	0.146625
0.0058	-0.82	0.775	-5.5625	0.131
0.00585	-0.77	0.74375	-5.5625	0.146625
0.0059	-0.77	0.74375	-5.71875	0.131
0.00595	-0.77625	0.74375	-5.71875	0.131
0.006	-0.77	0.7125	-5.71875	0.131
0.00605	-0.77625	0.7125	-5.5625	0.146625
0.0061	-0.77	0.74375	-5.5625	0.131
0.00615	-0.77	0.775	-5.71875	0.131
0.0062	-0.77	0.74375	-5.5625	0.146625
0.00625	-0.76375	0.74375	-5.5625	0.146625
0.0063	-0.76375	0.7125	-5.5625	0.146625
0.00635	-0.76375	0.74375	-5.5625	0.131
0.0064	-0.76375	0.74375	-5.5625	0.146625
0.00645	-0.52625	-0.5375	6.15625	0.146625
0.0065	-0.51375	-0.5375	6.3125	0.146625
0.00655	-0.52	-0.50625	6.15625	0.146625
0.0066	-0.51375	-0.56875	6.3125	0.131
0.00665	-0.51375	-0.50625	6.3125	0.131
0.0067	-0.51375	-0.5375	6.3125	0.131
0.00675	-0.51375	-0.50625	6.15625	0.146625
0.0068	-0.51375	-0.5375	6.3125	0.146625
0.00685	-0.51375	-0.5375	6.15625	0.146625
0.0069	-0.52	-0.50625	6.15625	0.146625
0.00695	-0.52	-0.5375	6.3125	0.131
0.007	-0.51375	-0.56875	6.3125	0.131
0.00705	-0.51375	-0.5375	6.3125	0.131
0.0071	-0.76375	0.74375	-5.5625	0.146625
0.00715	-0.76375	0.74375	-5.5625	0.146625
0.0072	-0.76375	0.7125	-5.5625	0.131
0.00725	-0.76375	0.74375	-5.5625	0.146625
0.0073	-0.77	0.7125	-5.71875	0.131
0.00735	-0.77	0.68125	-5.5625	0.146625
0.0074	-0.7575	0.74375	-5.5625	0.131
0.00745	-0.7575	0.7125	-5.71875	0.146625
0.0075	-0.76375	0.68125	-5.5625	0.146625
0.00755	-0.76375	0.7125	-5.71875	0.131
0.0076	-0.7575	0.7125	-5.71875	0.146625
0.00765	-0.7575	0.7125	-5.5625	0.131
0.0077	-0.7575	0.68125	-5.5625	0.146625
0.00775	-0.5075	-0.5375	6.3125	0.146625
0.0078	-0.5075	-0.50625	6.3125	0.146625
0.00785	-0.51375	-0.50625	6.3125	0.146625
0.0079	-0.5075	-0.50625	6.46875	0.131
0.00795	-0.5075	-0.5375	6.3125	0.131
0.008	-0.5075	-0.5375	6.3125	0.146625
0.00805	-0.51375	-0.50625	6.3125	0.146625
0.0081	-0.5075	-0.50625	6.46875	0.146625
0.00815	-0.5075	-0.50625	6.3125	0.146625
0.0082	-0.50125	-0.5375	6.15625	0.131
0.00825	-0.5075	-0.5375	6.3125	0.115375
0.0083	-0.5075	-0.475	6.3125	0.131
0.00835	-0.5075	-0.5375	6.3125	0.131
0.0084	-0.75125	0.68125	-5.71875	0.131
0.00845	-0.7575	0.74375	-5.5625	0.131
0.0085	-0.75125	0.68125	-5.5625	0.131
0.00855	-0.75125	0.7125	-5.5625	0.146625
0.0086	-0.75125	0.7125	-5.875	0.131
0.00865	-0.7575	0.7125	-5.71875	0.131
0.0087	-0.75125	0.7125	-5.5625	0.146625
0.00875	-0.75125	0.68125	-5.5625	0.146625
0.0088	-0.745	0.7125	-5.71875	0.146625
0.00885	-0.73875	0.68125	-5.71875	0.146625
0.0089	-0.73875	0.65	-5.5625	0.131
0.00895	-0.745	0.68125	-5.5625	0.146625
0.009	-0.7575	0.7125	-4.78125	0.146625
0.00905	-0.495	-0.475	6.15625	0.146625
0.0091	-0.495	-0.50625	6.3125	0.131
0.00915	-0.48875	-0.475	6.3125	0.146625
0.0092	-0.48875	-0.50625	6.3125	0.146625
0.00925	-0.48875	-0.50625	6.3125	0.131
0.0093	-0.48875	-0.50625	6.15625	0.131
0.00935	-0.48875	-0.50625	6.3125	0.131
0.0094	-0.4825	-0.50625	6.3125	0.131
0.00945	-0.48875	-0.5375	6.15625	0.146625
0.0095	-0.48875	-0.50625	6.3125	0.146625
0.00955	-0.47625	-0.50625	6.15625	0.131
0.0096	-0.4825	-0.50625	6.3125	0.131
0.00965	-0.45125	-0.475	3.5	0.131
0.0097	-0.72625	0.68125	-5.5625	0.115375
0.00975	-0.72625	0.68125	-5.5625	0.131
0.0098	-0.72625	0.68125	-5.5625	0.146625
0.00985	-0.72	0.68125	-5.5625	0.131
0.0099	-0.72	0.68125	-5.71875	0.131
0.00995	-0.72	0.68125	-5.71875	0.146625
0.01	-0.72	0.7125	-5.40625	0.131
0.01005	-0.72	0.7125	-5.71875	0.131
0.0101	-0.71375	0.7125	-5.5625	0.131
0.01015	-0.72	0.7125	-5.5625	0.146625
0.0102	-0.72	0.68125	-5.71875	0.16225
0.01025	-0.72	0.7125	-5.5625	0.146625
0.0103	-0.46375	-0.5375	6.15625	0.16225
0.01035	-0.46375	-0.50625	6.3125	0.131
0.0104	-0.47	-0.50625	6.3125	0.146625
0.01045	-0.46375	-0.50625	6.15625	0.146625
0.0105	-0.47	-0.5375	6.3125	0.146625
0.01055	-0.47	-0.50625	6.3125	0.131
0.0106	-0.47	-0.50625	6.3125	0.146625
0.01065	-0.47	-0.5375	6.3125	0.131
0.0107	-0.47	-0.50625	6.15625	0.146625
0.01075	-0.46375	-0.50625	6.3125	0.146625
0.0108	-0.46375	-0.5375	6.15625	0.131
0.01085	-0.47	-0.50625	6.3125	0.131
0.0109	-0.47625	-0.50625	6.3125	0.146625
0.01095	-0.68875	0.65	-5.5625	0.131
0.011	-0.72	0.7125	-5.5625	0.131
0.01105	-0.72	0.7125	-5.5625	0.131
0.0111	-0.72	0.7125	-5.71875	0.131
0.01115	-0.72	0.7125	-5.5625	0.131
0.0112	-0.72625	0.74375	-5.71875	0.131
0.01125	-0.72	0.7125	-5.71875	0.131
0.0113	-0.72	0.7125	-5.5625	0.146625
0.01135	-0.72625	0.68125	-5.5625	0.146625
0.0114	-0.72625	0.7125	-5.5625	0.146625
0.01145	-0.72	0.7125	-5.5625	0.131
0.0115	-0.72	0.74375	-5.5625	0.146625
0.01155	-0.72625	0.7125	-5.71875	0.146625
0.0116	-0.4825	-0.5375	6.3125	0.146625
0.01165	-0.47625	-0.56875	6.15625	0.131
0.0117	-0.4825	-0.50625	6.3125	0.146625
0.01175	-0.4825	-0.5375	6.46875	0.131
0.0118	-0.48875	-0.5375	6.3125	0.16225
0.01185	-0.4825	-0.5375	6.3125	0.131
0.0119	-0.4825	-0.50625	6.3125	0.131
0.01195	-0.4825	-0.5375	6.3125	0.131
0.012	-0.4825	-0.5375	6.15625	0.131
0.01205	-0.48875	-0.5375	6.3125	0.146625
0.0121	-0.48875	-0.56875	6.3125	0.131
0.01215	-0.48875	-0.5375	6.3125	0.115375
0.0122	-0.48875	-0.50625	6.46875	0.131
0.01225	-0.7325	0.74375	-5.5625	0.131
0.0123	-0.745	0.74375	-5.40625	0.131
0.01235	-0.73875	0.74375	-5.5625	0.146625
0.0124	-0.73875	0.7125	-5.71875	0.146625
0.01245	-0.73875	0.74375	-5.5625	0.146625
0.0125	-0.745	0.74375	-5.71875	0.146625
0.01255	-0.745	0.74375	-5.71875	0.131
0.0126	-0.73875	0.7125	-5.5625	0.131
0.01265	-0.73875	0.68125	-5.5625	0.131
0.0127	-0.73875	0.7125	-5.71875	0.146625
0.01275	-0.73875	0.7125	-5.5625	0.146625
0.0128	-0.73875	0.74375	-5.5625	0.146625
0.01285	-0.745	0.74375	-5.5625	0.146625
0.0129	-0.495	-0.5375	6.15625	0.16225
0.01295	-0.495	-0.5375	6.3125	0.146625
0.013	-0.495	-0.5375	6.15625	0.146625
0.01305	-0.50125	-0.56875	6.3125	0.131
0.0131	-0.50125	-0.5375	6.46875	0.131
0.01315	-0.50125	-0.56875	6.3125	0.131
0.0132	-0.50125	-0.5375	6.3125	0.146625
0.01325	-0.50125	-0.5375	6.3125	0.146625
0.0133	-0.495	-0.56875	6.3125	0.131
0.01335	-0.5075	-0.5375	6.3125	0.131
0.0134	-0.50125	-0.5375	6.3125	0.146625
0.01345	-0.50125	-0.5375	6.3125	0.131
0.0135	-0.50125	-0.5375	6.3125	0.146625
0.01355	-0.75125	0.74375	-5.71875	0.131
0.0136	-0.75125	0.7125	-5.71875	0.146625
0.01365	-0.75125	0.74375	-5.71875	0.115375
0.0137	-0.75125	0.74375	-5.71875	0.146625
0.01375	-0.75125	0.775	-5.5625	0.131
0.0138	-0.75125	0.74375	-5.5625	0.146625
0.01385	-0.7575	0.74375	-5.71875	0.146625
0.0139	-0.7575	0.74375	-5.71875	0.146625
0.01395	-0.7575	0.74375	-5.71875	0.146625
0.014	-0.76375	0.74375	-5.71875	0.146625
0.01405	-0.7575	0.74375	-5.5625	0.146625
0.0141	-0.7575	0.74375	-5.5625	0.146625
0.01415	-0.77625	0.74375	-4	0.131
0.0142	-0.5075	-0.5375	6.3125	0.131
0.01425	-0.51375	-0.5375	6.3125	0.146625
0.0143	-0.51375	-0.5375	6.3125	0.131
0.01435	-0.5075	-0.56875	6.46875	0.131
0.0144	-0.5075	-0.56875	6.3125	0.146625
0.01445	-0.5075	-0.5375	6.15625	0.146625
0.0145	-0.5075	-0.50625	6.3125	0.16225
0.01455	-0.51375	-0.56875	6.3125	0.131
0.0146	-0.51375	-0.56875	6.46875	0.146625
0.01465	-0.51375	-0.56875	6.3125	0.131
0.0147	-0.52	-0.5375	6.15625	0.131
0.01475	-0.52	-0.56875	6.3125	0.131
0.0148	-0.55125	-0.0375	1.3125	0.146625
0.01485	-0.77	0.74375	-5.5625	0.146625
0.0149	-0.76375	0.74375	-5.5625	0.146625
0.01495	-0.77	0.74375	-5.5625	0.131
0.015	-0.77	0.7125	-5.5625	0.131
0.01505	-0.77	0.74375	-5.71875	0.146625
0.0151	-0.77	0.74375	-5.5625	0.146625
0.01515	-0.77	0.74375	-5.71875	0.146625
0.0152	-0.77625	0.68125	-5.5625	0.146625
0.01525	-0.77	0.74375	-5.5625	0.131
0.0153	-0.76375	0.7125	-5.71875	0.146625
0.01535	-0.77	0.74375	-5.5625	0.131
0.0154	-0.77	0.7125	-5.5625	0.146625
0.01545	-0.47625	-0.50625	6.46875	0.131
0.0155	-0.52	-0.5375	6.46875	0.146625
0.01555	-0.52625	-0.5375	6.15625	0.131
0.0156	-0.52625	-0.5375	6.3125	0.131
0.01565	-0.51375	-0.5375	6.3125	0.146625
0.0157	-0.52	-0.5375	6.3125	0.146625
0.01575	-0.52625	-0.5375	6.3125	0.131
0.0158	-0.52	-0.5375	6.3125	0.16225
0.01585	-0.51375	-0.5375	6.15625	0.131
0.0159	-0.52625	-0.5375	6.15625	0.146625
0.01595	-0.52	-0.5375	6.3125	0.131
0.016	-0.52625	-0.50625	6.3125	0.146625
0.01605	-0.52	-0.5375	6.3125	0.146625
0.0161	-0.77	0.7125	-5.5625	0.146625
0.01615	-0.77625	0.74375	-5.5625	0.131
0.0162	-0.77	0.74375	-5.5625	0.146625
0.01625	-0.77	0.74375	-5.71875	0.131
0.0163	-0.77	0.74375	-5.71875	0.131
0.01635	-0.77	0.74375	-5.5625	0.131
0.0164	-0.77	0.7125	-5.5625	0.131
0.01645	-0.76375	0.74375	-5.5625	0.146625
0.0165	-0.77	0.74375	-5.5625	0.131
0.01655	-0.77	0.74375	-5.5625	0.146625
0.0166	-0.77	0.74375	-5.5625	0.131
0.01665	-0.77	0.74375	-5.71875	0.131
0.0167	-0.77625	0.7125	-5.71875	0.131
0.01675	-0.52	-0.5375	6.15625	0.131
0.0168	-0.52	-0.56875	6.3125	0.131
0.01685	-0.51375	-0.56875	6.15625	0.131
0.0169	-0.51375	-0.5375	6.3125	0.131
0.01695	-0.5075	-0.56875	6.46875	0.131
0.017	-0.51375	-0.5375	6.3125	0.146625
0.01705	-0.52	-0.56875	6.3125	0.146625
0.0171	-0.51375	-0.56875	6.3125	0.146625
0.01715	-0.52	-0.50625	6.3125	0.146625
0.0172	-0.52	-0.5375	6.3125	0.146625
0.01725	-0.51375	-0.50625	6.46875	0.146625
0.0173	-0.51375	-0.5375	6.3125	0.131
0.01735	-0.51375	-0.56875	6.3125	0.146625
0.0174	-0.76375	0.7125	-5.5625	0.131
0.01745	-0.7575	0.7125	-5.5625	0.131
0.0175	-0.76375	0.7125	-5.71875	0.146625
0.01755	-0.76375	0.7125	-5.40625	0.131
0.0176	-0.7575	0.7125	-5.71875	0.131
0.01765	-0.76375	0.7125	-5.71875	0.146625
0.0177	-0.76375	0.7125	-5.5625	0.131
0.01775	-0.76375	0.68125	-5.71875	0.146625
0.0178	-0.7575	0.74375	-5.71875	0.146625
0.01785	-0.76375	0.74375	-5.71875	0.131
0.0179	-0.7575	0.74375	-5.5625	0.146625
0.01795	-0.76375	0.74375	-5.5625	0.146625
0.018	-0.75125	0.68125	-5.40625	0.131
0.01805	-0.51375	-0.5375	6.15625	0.146625
0.0181	-0.51375	-0.50625	6.3125	0.131
0.01815	-0.5075	-0.50625	6.15625	0.146625
0.0182	-0.50125	-0.50625	6.3125	0.146625
0.01825	-0.5075	-0.50625	6.3125	0.146625
0.0183	-0.5075	-0.5375	6.46875	0.131
0.01835	-0.5075	-0.50625	6.3125	0.146625
0.0184	-0.50125	-0.50625	6.15625	0.146625
0.01845	-0.50125	-0.50625	6.3125	0.131
0.0185	-0.5075	-0.50625	6.3125	0.131
0.01855	-0.50125	-0.50625	6.3125	0.131
0.0186	-0.5075	-0.50625	6.3125	0.146625
0.01865	-0.50125	-0.50625	6.3125	0.115375
0.0187	-0.745	0.68125	-5.5625	0.146625
0.01875	-0.75125	0.68125	-5.5625	0.131
0.0188	-0.75125	0.68125	-5.71875	0.131
0.01885	-0.745	0.68125	-5.5625	0.146625
0.0189	-0.745	0.7125	-5.71875	0.146625
0.01895	-0.745	0.68125	-5.5625	0.131
0.019	-0.745	0.68125	-5.5625	0.146625
0.01905	-0.745	0.65	-5.5625	0.16225
0.0191	-0.745	0.68125	-5.71875	0.131
0.01915	-0.745	0.68125	-5.71875	0.146625
0.0192	-0.73875	0.68125	-5.5625	0.131
0.01925	-0.73875	0.68125	-5.71875	0.146625
0.0193	-0.72625	0.68125	-3.0625	0.146625
0.01935	-0.4825	-0.475	6.3125	0.146625
0.0194	-0.48875	-0.50625	6.3125	0.146625
0.01945	-0.48875	-0.50625	6.15625	0.131
0.0195	-0.4825	-0.50625	6.3125	0.146625
0.01955	-0.48875	-0.50625	6.3125	0.131
0.0196	-0.4825	-0.50625	6.3125	0.146625
0.01965	-0.47625	-0.50625	6.3125	0.131
0.0197	-0.4825	-0.50625	6.46875	0.146625
0.01975	-0.47625	-0.50625	6.15625	0.131
0.0198	-0.47	-0.50625	6.3125	0.131
0.01985	-0.47625	-0.50625	6.3125	0.131
0.0199	-0.47	-0.475	6.15625	0.131
0.01995	-0.545	0.525	-1.03125	0.131
0.02	-0.72	0.7125	-5.5625	0.131
0.02005	-0.72625	0.68125	-5.5625	0.131
0.0201	-0.71375	0.7125	-5.5625	0.131
0.02015	-0.71375	0.68125	-5.5625	0.146625
0.0202	-0.71375	0.7125	-5.71875	0.146625
0.02025	-0.71375	0.68125	-5.5625	0.131
0.0203	-0.71375	0.68125	-5.5625	0.16225
0.02035	-0.71375	0.7125	-5.71875	0.146625
0.0204	-0.71375	0.68125	-5.71875	0.131
0.02045	-0.71375	0.68125	-5.5625	0.146625
0.0205	-0.71375	0.68125	-5.5625	0.16225
0.02055	-0.72	0.68125	-5.5625	0.131
0.0206	-0.4825	-0.5375	6.3125	0.16225
0.02065	-0.46375	-0.50625	6.3125	0.131
0.0207	-0.46375	-0.50625	6.3125	0.131
0.02075	-0.47	-0.475	6.3125	0.146625
0.0208	-0.47625	-0.50625	6.15625	0.146625
0.02085	-0.47625	-0.50625	6.3125	0.131
0.0209	-0.47	-0.5375	6.3125	0.131
0.02095	-0.47625	-0.5375	6.3125	0.131
0.021	-0.47	-0.50625	6.3125	0.146625
0.02105	-0.47	-0.50625	6.3125	0.146625
0.0211	-0.47625	-0.50625	6.15625	0.131
0.02115	-0.47625	-0.50625	6.46875	0.16225
0.0212	-0.47	-0.50625	6.3125	0.146625
0.02125	-0.7325	0.74375	-5.5625	0.146625
0.0213	-0.71375	0.7125	-5.5625	0.131
0.02135	-0.72625	0.65	-5.71875	0.131
0.0214	-0.72	0.68125	-5.5625	0.131
0.02145	-0.72	0.7125	-5.71875	0.146625
0.0215	-0.72	0.68125	-5.71875	0.146625
0.02155	-0.72	0.74375	-5.5625	0.131
0.0216	-0.72625	0.7125	-5.5625	0.146625
0.02165	-0.7325	0.68125	-5.71875	0.115375
0.0217	-0.72	0.74375	-5.71875	0.146625
0.02175	-0.7325	0.74375	-5.5625	0.146625
0.0218	-0.72625	0.74375	-5.5625	0.146625
0.02185	-0.7325	0.68125	-5.5625	0.146625
0.0219	-0.4825	-0.50625	6.3125	0.131
0.02195	-0.4825	-0.5375	6.3125	0.146625
0.022	-0.48875	-0.50625	6.3125	0.115375
0.02205	-0.4825	-0.5375	6.3125	0.131
0.0221	-0.4825	-0.5375	6.3125	0.146625
0.02215	-0.4825	-0.5375	6.3125	0.131
0.0222	-0.48875	-0.50625	6.3125	0.131
0.02225	-0.495	-0.5375	6.46875	0.146625
0.0223	-0.48875	-0.56875	6.3125	0.131
0.02235	-0.48875	-0.5375	6.15625	0.131
0.0224	-0.48875	-0.5375	6.3125	0.131
0.02245	-0.48875	-0.5375	6.46875	0.146625
0.0225	-0.48875	-0.5375	6.3125	0.146625
0.02255	-0.73875	0.7125	-5.71875	0.131
0.0226	-0.7325	0.7125	-5.71875	0.115375
0.02265	-0.73875	0.7125	-5.5625	0.131
0.0227	-0.73875	0.7125	-5.71875	0.131
0.02275	-0.73875	0.7125	-5.71875	0.131
0.0228	-0.73875	0.74375	-5.5625	0.131
0.02285	-0.75125	0.7125	-5.5625	0.131
0.0229	-0.745	0.7125	-5.71875	0.131
0.02295	-0.75125	0.74375	-5.5625	0.131
0.023	-0.745	0.7125	-5.71875	0.131
0.02305	-0.73875	0.7125	-5.5625	0.146625
0.0231	-0.745	0.7125	-5.5625	0.131
0.02315	-0.745	0.74375	-5.40625	0.131
0.0232	-0.50125	-0.5375	6.3125	0.146625
0.02325	-0.50125	-0.5375	6.3125	0.131
0.0233	-0.5075	-0.5375	6.3125	0.146625
0.02335	-0.5075	-0.56875	6.15625	0.146625
0.0234	-0.50125	-0.5375	6.3125	0.146625
0.02345	-0.50125	-0.5375	6.3125	0.146625
0.0235	-0.50125	-0.5375	6.15625	0.115375
0.02355	-0.50125	-0.5375	6.46875	0.131
0.0236	-0.5075	-0.56875	6.3125	0.131
0.02365	-0.50125	-0.5375	6.3125	0.131
0.0237	-0.50125	-0.56875	6.3125	0.131
0.02375	-0.50125	-0.5375	6.46875	0.146625
0.0238	-0.52	-0.56875	6.15625	0.131
0.02385	-0.7575	0.74375	-5.5625	0.146625
0.0239	-0.7575	0.775	-5.71875	0.131
0.02395	-0.7575	0.74375	-5.5625	0.146625
0.024	-0.7575	0.74375	-5.5625	0.131
0.02405	-0.7575	0.7125	-5.5625	0.115375
0.0241	-0.76375	0.74375	-5.71875	0.131
0.02415	-0.76375	0.7125	-5.5625	0.146625
0.0242	-0.7575	0.74375	-5.5625	0.146625
0.02425	-0.7575	0.74375	-5.71875	0.131
0.0243	-0.76375	0.7125	-5.71875	0.146625
0.02435	-0.76375	0.74375	-5.71875	0.131
0.0244	-0.7575	0.74375	-5.5625	0.146625
0.02445	-0.695	0.68125	-1.34375	0.146625
0.0245	-0.5075	-0.56875	6.3125	0.131
0.02455	-0.52	-0.5375	6.3125	0.131
0.0246	-0.52	-0.50625	6.15625	0.146625
0.02465	-0.52	-0.5375	6.3125	0.146625
0.0247	-0.51375	-0.6	6.3125	0.131
0.02475	-0.51375	-0.56875	6.15625	0.131
0.0248	-0.51375	-0.56875	6.3125	0.131
0.02485	-0.52	-0.5375	6.3125	0.131
0.0249	-0.52	-0.56875	6.3125	0.146625
0.02495	-0.51375	-0.5375	6.46875	0.146625
