# AI0: U_in (V)	# AI1: U_out (V)	
-1.43518	-7.6341
-1.42221	-7.6341
-1.4102	-7.63377
-1.38295	-7.63507
-1.26614	-7.6341
-0.823569	-7.62209
-0.425451	-7.60587
-0.261597	-7.58835
-0.104881	-7.5572
0.104723	8.42077
0.360401	8.41688
0.396092	8.41688
0.417182	8.41655
0.434055	8.41623
0.446709	8.4159
0.470395	8.4159
0.602452	8.41428
0.782854	8.41363
0.957091	8.41396
1.12127	8.41363
1.25884	8.41331
1.37662	8.41331
1.53594	8.41298
1.6933	8.41331
2.1508	8.41363
2.41913	8.41396
2.75819	8.41396
3.12516	8.41363
3.5288	8.41396
3.90096	8.41363
4.40485	8.41428
4.53983	8.41363
4.61121	8.41331
4.63684	8.41396
4.65761	8.41428
4.68908	8.41396
4.74165	8.41396
4.84905	8.41396
4.95385	8.41428
5.01258	8.41396
5.06287	8.41396
5.08947	8.41363
5.10018	8.41363
5.11154	8.41363
5.12744	8.41396
5.13977	8.41461
5.19233	8.41331
5.30167	8.41428
5.43827	8.41331
5.56384	8.41428
5.70628	8.41363
5.83282	8.41428
5.94996	8.41331
6.00901	8.41428
6.05346	8.41396
6.09045	8.41461
6.12971	8.41363
6.22218	8.41493
6.44022	8.41363
6.64269	8.41461
6.86852	8.41363
7.07618	8.41493
7.29552	8.41363
7.55477	8.41428
7.7806	8.41363
7.93439	8.41558
7.99539	8.41525
8.01551	8.41688
8.02719	8.41558
8.0379	8.41688
8.07229	8.41753
8.12648	8.4172
8.23323	8.4198
8.30396	8.42045
8.34712	8.42239
8.37794	8.42174
8.4039	8.42272
8.43634	8.42207
8.4636	8.42304
8.48664	8.42207
8.50838	8.42272
8.52914	8.42239
8.56224	8.42304
8.57457	8.42142
8.5882	8.42337
8.60507	8.42174
8.61902	8.42174
8.62908	8.42337
8.6135	8.42272
8.54342	8.42142
8.53012	8.42304
8.48729	8.42109
8.34322	8.42142
8.1002	8.4159
7.75302	8.41428
7.40519	8.41233
7.06288	8.41396
6.73808	8.41233
6.45288	8.41396
6.17222	8.41266
5.89902	8.41396
5.66637	8.41266
5.48078	8.41363
5.21699	8.41298
4.97948	8.41428
4.67286	8.41298
4.36073	8.41461
3.95644	8.41266
3.62516	8.41428
3.35229	8.41298
3.06319	8.41428
2.8312	8.41331
2.56643	8.41461
2.36754	8.41331
2.17578	8.41493
2.02717	8.41298
1.87857	8.41428
1.72932	8.41331
1.55767	8.41461
1.36949	8.41331
1.18876	8.41461
0.956767	8.41298
0.732562	8.41493
0.572276	8.41428
0.425943	8.41753
0.290966	8.41785
0.128085	8.42174
-0.0416102	-7.52865
-0.176587	-7.57505
-0.299559	-7.59387
-0.410851	-7.6049
-0.502674	-7.61204
-0.593848	-7.61658
-0.673342	-7.62047
-0.737911	-7.62177
-0.810915	-7.62242
-0.893329	-7.63183
-0.990993	-7.63507
-1.11396	-7.63442
-1.26841	-7.63507
-1.45076	-7.63475
-1.73434	-7.6354
-1.99099	-7.63475
-2.22136	-7.63507
-2.41929	-7.63507
-2.5906	-7.63507
-2.73175	-7.63475
-2.82487	-7.63507
-2.88716	-7.63442
-2.93583	-7.63507
-2.96796	-7.63475
-3.01825	-7.63507
-3.08671	-7.63475
-3.17042	-7.6354
-3.29372	-7.63475
-3.42545	-7.63507
-3.56432	-7.63442
-3.70871	-7.63507
-3.8505	-7.63442
-3.92156	-7.63507
-3.95985	-7.6341
-3.97412	-7.63507
-4.00203	-7.63475
-4.11591	-7.6354
-4.30508	-7.63442
-4.58996	-7.63507
-4.82357	-7.63442
-5.04421	-7.63507
-5.18924	-7.63507
-5.28302	-7.63507
-5.3226	-7.63442
-5.34596	-7.63507
-5.36511	-7.63475
-5.39366	-7.63507
-5.4287	-7.63475
-5.53415	-7.63475
-5.67984	-7.63442
-5.8213	-7.63507
-6.0056	-7.63475
-6.19184	-7.6354
-6.36835	-7.63475
-6.53545	-7.63507
-6.59321	-7.63475
-6.61106	-7.63475
-6.62209	-7.63507
-6.63636	-7.63442
-6.65129	-7.63442
-6.66589	-7.6341
-6.67725	-7.63442
-6.63928	-7.63442
-6.61884	-7.63442
-6.57666	-7.63475
-6.42027	-7.63475
-6.21488	-7.63442
-5.9313	-7.63507
-5.64025	-7.63442
-5.3557	-7.63475
-5.09969	-7.63507
-4.84239	-7.63507
-4.62662	-7.63442
-4.39593	-7.63475
-4.15972	-7.63442
-3.95757	-7.63507
-3.75997	-7.63475
-3.50527	-7.63475
-3.25251	-7.63507
-2.92837	-7.6354
-2.66199	-7.63475
-2.46893	-7.63507
-2.33363	-7.63475
-2.1821	-7.63475
-2.05751	-7.63475
-1.89268	-7.63475
-1.68437	-7.63442
-1.5189	-7.63475
-1.3982	-7.63442
-1.33265	-7.63475
-1.28301	-7.63442
-1.23142	-7.6354
-1.21325	-7.63442
-1.20125	-7.63475
-1.18372	-7.63475
-1.15712	-7.63442
-1.12078	-7.6354
-1.07503	-7.63475
-1.0004	-7.63507
-0.93194	-7.63345
-0.876132	-7.62988
-0.798586	-7.62242
-0.741804	-7.62177
-0.673667	-7.6195
-0.597742	-7.61658
-0.515328	-7.61171
-0.42967	-7.60652
-0.340117	-7.59743
-0.237911	-7.58543
-0.131162	-7.56434
0.0128998	8.42207
0.123867	8.42174
0.246839	8.4185
0.352938	8.41785
0.433406	8.41558
0.503165	8.41623
0.562542	8.41461
0.586228	8.41525
0.599856	8.41363
0.618026	8.41396
0.631653	8.41428
0.646579	8.41461
0.660531	8.41493
0.671562	8.41461
0.653717	8.41461
0.634898	8.41525
0.602452	8.41461
0.511277	8.41623
0.420103	8.41688
0.337364	8.4185
0.280583	8.41882
0.228669	8.4198
0.184217	8.42045
0.137819	8.42109
0.0985584	8.42142
0.0680588	8.42207
0.0505377	8.42174
0.0365857	8.42272
0.01582	8.42207
-0.0318763	-7.52086
-0.0785991	-7.54812
-0.132136	-7.56499
-0.203842	-7.57991
-0.263544	-7.589
-0.291123	-7.59257
-0.313511	-7.59549
-0.325192	-7.59614
-0.33525	-7.59743
-0.321947	-7.59581
-0.311889	-7.59516
-0.29891	-7.59354
-0.282363	-7.59159
-0.266464	-7.58932
-0.235315	-7.58446
-0.205789	-7.58024
-0.18697	-7.57699
-0.172369	-7.57407
-0.158742	-7.57115
-0.146088	-7.56921
-0.128567	-7.56466
-0.102285	-7.55623
-0.0646472	-7.54195
-0.0299295	-7.51826
0.0103041	8.42304
0.0482664	8.42239
0.0716279	8.42207
0.0872022	8.42174
0.0995318	8.42109
0.110888	8.42077
0.121271	8.42012
0.136845	8.42109
0.148526	8.42012
0.16702	8.42045
0.187137	8.41947
0.199142	8.4198
0.211472	8.4198
0.201414	8.42012
0.191031	8.4198
0.17935	8.42012
0.168318	8.4198
0.155989	8.42045
0.140414	8.42045
0.126787	8.42045
0.113484	8.42109
0.0972605	8.42077
0.0865532	8.42142
0.0618939	8.42207
0.0505377	8.42142
0.0391814	8.42174
0.0245805	8.42142
0.00705947	8.42239
-0.0137063	-7.49717
-0.0351209	-7.52216
-0.0506952	-7.53416
-0.0672429	-7.5426
-0.0831416	-7.54909
-0.100663	-7.55525
-0.121104	-7.56174
-0.138301	-7.56596
-0.148359	-7.56856
-0.160364	-7.57083
-0.170423	-7.5731
-0.157444	-7.57115
-0.145439	-7.56791
-0.133109	-7.56531
-0.122726	-7.56272
-0.110072	-7.5585
-0.0983914	-7.55558
-0.0880086	-7.55136
-0.0773013	-7.54747
-0.0643227	-7.54228
-0.047775	-7.53287
-0.0351209	-7.52313
-0.0214934	-7.51015
-0.00851482	-7.48484
0.00349036	8.42272
0.0151711	8.42304
0.0320432	8.42272
0.0482664	8.42239
0.0618939	8.42207
0.0729257	8.42142
0.0628673	8.42142
0.0518355	8.42174
0.0414527	8.42207
0.029772	8.42109
0.00965518	8.42174
-0.00202553	-7.44558
-0.0133818	-7.49588
-0.0198711	-7.50626
-0.0299295	-7.51794
-0.0406368	-7.52735
-0.0523175	-7.53514
-0.0633493	-7.5413
-0.0734077	-7.54617
-0.0857373	-7.55071
-0.102285	-7.55655
-0.113317	-7.55915
-0.130838	-7.56401
-0.179508	-7.57537
-0.23856	-7.58478
-0.271331	-7.58997
-0.288203	-7.59192
-0.310591	-7.59484
-0.345633	-7.59808
-0.386191	-7.60198
-0.437781	-7.60652
-0.480286	-7.61009
-0.521493	-7.61268
-0.563673	-7.61528
-0.578274	-7.61593
-0.595146	-7.61658
-0.612667	-7.61723
-0.633109	-7.6182
-0.657444	-7.61917
-0.697028	-7.6208
-0.760948	-7.62177
-0.806048	-7.62242
-0.856016	-7.62631
-0.894627	-7.63215
-0.947515	-7.63442
-1.03252	-7.63475
-1.137	-7.63507
-1.20871	-7.63475
-1.27814	-7.63475
-1.32811	-7.6354
-1.38295	-7.63442
-1.42415	-7.63507
-1.45627	-7.63442
-1.49554	-7.63507
-1.5601	-7.63442
-1.65485	-7.63507
-1.78626	-7.6341
-1.94914	-7.63507
-2.06302	-7.63442
-2.137	-7.63475
-2.20481	-7.63442
-2.24537	-7.63475
-2.26809	-7.63442
-2.28074	-7.63475
-2.30345	-7.63507
-2.32876	-7.63442
-2.39008	-7.6354
-2.4845	-7.63475
-2.56173	-7.6354
-2.64966	-7.63475
-2.75381	-7.63507
-2.87127	-7.63507
-2.95465	-7.63507
-3.00527	-7.63442
-3.04064	-7.63475
-3.06789	-7.6341
-3.09742	-7.63442
-3.1357	-7.63475
-3.16166	-7.63475
-3.18632	-7.63442
-3.1967	-7.63475
-3.20709	-7.63507
-3.19119	-7.63507
-3.17496	-7.63475
-3.09936	-7.63507
-2.9261	-7.63475
-2.77393	-7.63507
-2.64674	-7.63442
-2.51955	-7.6354
-2.42253	-7.63442
-2.32195	-7.6354
-2.18892	-7.63442
-2.11332	-7.63475
-1.89106	-7.63442
-1.71195	-7.63507
-1.576	-7.6341
-1.44232	-7.63507
-1.34498	-7.63442
-1.28106	-7.63507
-1.22039	-7.63442
-1.17237	-7.63507
-1.13278	-7.6341
-1.06465	-7.63507
-0.953355	-7.63442
-0.830059	-7.62209
-0.706762	-7.62015
-0.556535	-7.61496
-0.399494	-7.6036
-0.22331	-7.58316
-0.0594557	-7.53903
0.133925	8.42012
0.283828	8.41882
0.41556	8.41623
0.623542	8.41493
0.880517	8.41298
1.15112	8.41396
1.43697	8.41331
1.7371	8.41396
2.01777	8.41331
2.22834	8.41428
2.3776	8.41331
2.49148	8.41428
2.56222	8.41331
2.61089	8.41493
2.64463	8.41331
2.7264	8.41428
2.85326	8.41363
3.01809	8.41461
3.21374	8.41331
3.44152	8.41461
3.58428	8.41396
3.73321	8.41461
3.82276	8.41363
3.94801	8.41461
4.11673	8.41428
4.30167	8.41461
4.53237	8.41331
4.77701	8.41461
4.95839	8.41363
5.09337	8.41461
5.26598	8.41331
5.41134	8.41493
5.546	8.41331
5.71083	8.41461
5.89577	8.41363
6.16508	8.41461
6.56644	8.41363
6.95807	8.41461
7.30752	8.41331
7.64367	8.41428
7.88702	8.41396
8.01843	8.41688
8.10863	8.41688
8.14497	8.41882
8.17904	8.41817
8.22706	8.42012
8.28255	8.42012
8.39092	8.42272
8.5233	8.42207
8.7209	8.42337
9.11318	8.42272
8.77671	8.42142
7.92661	8.41396
7.15502	8.41233
6.38117	8.41363
5.79519	8.41233
5.3896	8.41396
5.13036	8.41266
4.9665	8.41396
4.89058	8.41266
4.84191	8.41363
4.76468	8.41233
4.61835	8.41363
4.42043	8.41266
4.15112	8.41428
3.80557	8.41266
3.47299	8.41428
3.17675	8.41298
2.87208	8.41428
2.56254	8.41298
2.3617	8.41428
2.18811	8.41266
2.01712	8.41428
1.81854	8.41331
1.55346	8.41428
1.39512	8.41298
1.26923	8.41461
1.12224	8.41298
0.905177	8.41461
0.660206	8.41396
0.516468	8.41558
0.408097	8.4159
0.325359	8.4185
0.224775	8.41915
0.0670854	8.42239
-0.0529664	-7.53611
-0.122402	-7.56207
-0.176263	-7.57505
-0.227204	-7.58316
-0.27198	-7.5903
-0.316107	-7.59484
-0.400143	-7.6036
-0.487749	-7.61009
-0.594497	-7.61658
-0.665231	-7.61885
-0.72039	-7.62145
-0.807022	-7.62209
-1.003	-7.6354
-1.1516	-7.63475
-1.28658	-7.6354
-1.38392	-7.63475
-1.45141	-7.63507
-1.52409	-7.63442
-1.61818	-7.63507
-1.75089	-7.63442
-2.01695	-7.63572
-2.37516	-7.63475
-2.71779	-7.6354
-3.08087	-7.63475
-3.44362	-7.6354
-3.83979	-7.63475
-4.20579	-7.63475
-4.5627	-7.63442
-4.73402	-7.63475
-4.81481	-7.63475
-4.83947	-7.63507
-4.85375	-7.63507
-4.86381	-7.63475
-4.87419	-7.63475
-4.88587	-7.63507
-4.89852	-7.63475
-4.90858	-7.63507
-4.91994	-7.63475
-5.23759	-7.63475
-5.66588	-7.63475
-6.15356	-7.63507
-6.674	-7.63475
-7.21067	-7.63442
-7.7256	-7.63475
-8.16525	-7.63475
-8.44592	-7.63507
-8.55429	-7.63475
-8.56986	-7.63507
-8.59193	-7.63507
-8.6393	-7.63475
-8.87	-7.63507
-8.88103	-7.63475
-8.50627	-7.63475
-8.35117	-7.63475
-8.23956	-7.63475
-8.15682	-7.63475
-8.09647	-7.63475
-8.05656	-7.63507
-8.02314	-7.63507
-7.9855	-7.6354
-7.94559	-7.63442
-7.86772	-7.63475
-7.73209	-7.63507
-7.57537	-7.63442
-7.37258	-7.63507
-7.22267	-7.63507
-7.06271	-7.63507
-6.8888	-7.63475
-6.72819	-7.63507
-6.53773	-7.63507
-6.38101	-7.63475
-6.25252	-7.63442
-6.12565	-7.63507
-6.02085	-7.63442
-5.95369	-7.63475
-5.90469	-7.63475
-5.87711	-7.63475
-5.85505	-7.63507
-5.83753	-7.6354
-5.82098	-7.63475
-5.80605	-7.63507
-5.79372	-7.63442
-5.77945	-7.63475
-5.80249	-7.63507
-5.97672	-7.63442
-6.3106	-7.63507
-6.70645	-7.63475
-6.99425	-7.63475
-7.27362	-7.63442
-7.45986	-7.63507
-7.58348	-7.63475
-7.6805	-7.63507
-7.75967	-7.63475
-7.79601	-7.63475
-7.80607	-7.63475
-7.81613	-7.63507
-7.84143	-7.63507
-7.9352	-7.63507
-7.98842	-7.63507
-8.02703	-7.63475
-8.04455	-7.63475
-8.05461	-7.63507
-8.04423	-7.63507
-8.02378	-7.63507
-7.90438	-7.63442
-7.67433	-7.6354
-7.42157	-7.63442
-7.16816	-7.63475
-6.88393	-7.63442
-6.58932	-7.63507
-6.3265	-7.63507
-6.12338	-7.63507
-5.9592	-7.63475
-5.76095	-7.63507
-5.57828	-7.63442
-5.45012	-7.63475
-5.20839	-7.63475
-4.96017	-7.63475
-4.72201	-7.63475
-4.48515	-7.63507
-4.12889	-7.63475
-3.76744	-7.6354
-3.39852	-7.63475
-2.91345	-7.63475
-2.28885	-7.63475
-1.71325	-7.63475
-1.0932	-7.63442
-0.540312	-7.61431
0.00446375	-2.79177
0.320492	8.4172
0.466176	8.41655
0.544372	8.41461
0.565138	8.41558
0.575845	8.41396
0.564489	8.4159
0.544048	8.41493
0.491809	8.41688
0.342556	8.41753
0.184541	8.42109
-0.0377166	-7.52638
-0.279443	-7.59095
-0.605529	-7.61755
-0.994562	-7.63475
-1.53155	-7.6354
-2.13376	-7.63475
-2.76776	-7.63572
-3.33525	-7.63475
-3.71844	-7.6354
-4.0335	-7.63507
-4.23207	-7.63507
-4.4579	-7.63475
-4.64966	-7.63475
-4.84953	-7.63507
-5.09645	-7.6354
-5.26452	-7.63442
-5.33169	-7.6354
-5.36186	-7.6354
-5.38684	-7.6354
-5.40566	-7.63507
-5.41702	-7.6341
-5.4287	-7.63507
-5.40858	-7.63475
-5.38912	-7.63475
-5.36056	-7.63507
-5.18211	-7.63475
-4.9764	-7.63475
-4.74667	-7.63507
-4.44946	-7.63507
-4.13798	-7.63507
-3.84596	-7.6354
-3.625	-7.63507
-3.43681	-7.63475
-3.22363	-7.63442
-2.95627	-7.63507
-2.74407	-7.63442
-2.52928	-7.63507
-2.30475	-7.63442
-2.08703	-7.6354
-1.80994	-7.63475
-1.47801	-7.6354
-1.13278	-7.63507
-0.792745	-7.62242
-0.516626	-7.61236
-0.381324	-7.60198
-0.34466	-7.59841
-0.355367	-7.59938
-0.369644	-7.60133
-0.442648	-7.60717
-0.565945	-7.61528
-0.670422	-7.61982
-0.819351	-7.62307
-1.01922	-7.63475
-1.26581	-7.63475
-1.54777	-7.63475
-1.84628	-7.63507
-2.1357	-7.63507
-2.40955	-7.6354
-2.66523	-7.63475
-2.91669	-7.63507
-3.09579	-7.63475
-3.21877	-7.6354
-3.26581	-7.63475
-3.25154	-7.63507
-3.23888	-7.63442
-3.2165	-7.63475
-3.13278	-7.63475
-2.98029	-7.63475
-2.81773	-7.63507
-2.65842	-7.63507
-2.45173	-7.63507
-2.28723	-7.63475
-2.12986	-7.63442
-1.94881	-7.6354
-1.75932	-7.63507
-1.61137	-7.63507
-1.46666	-7.63442
-1.30572	-7.63475
-1.18794	-7.63475
-1.08217	-7.63507
-0.977365	-7.63442
-0.891382	-7.63183
-0.853096	-7.62566
-0.825841	-7.62274
-0.802804	-7.62209
-0.773277	-7.62242
-0.746022	-7.62112
-0.694757	-7.6208
-0.631486	-7.6182
-0.574705	-7.61593
-0.516302	-7.61171
-0.451409	-7.60814
-0.342389	-7.59808
-0.214874	-7.58154
-0.0815193	-7.54909
0.0281496	8.42239
0.0946648	8.42207
0.143659	8.42045
0.188435	8.42012
0.217637	8.41882
0.234509	8.4198
0.249434	8.4198
0.260466	8.41882
0.272147	8.41915
0.289992	8.4185
0.300375	8.41817
0.315301	8.41817
0.331524	8.41753
0.347098	8.41753
0.366566	8.41688
0.389278	8.4172
0.438273	8.41623
0.47948	8.4159
0.507708	8.41525
0.520038	8.41558
0.506735	8.4159
0.492134	8.41558
0.479155	8.4159
0.465203	8.41655
0.443788	8.41688
0.41848	8.41655
0.389927	8.41688
0.376949	8.41753
0.360726	8.41817
0.347098	8.41753
0.326008	8.41817
0.307189	8.4185
0.283503	8.4185
0.259493	8.41915
0.23386	8.41915
0.208876	8.42012
0.179674	8.42012
0.152095	8.42077
0.131329	8.42077
0.110564	8.42174
0.0923936	8.42174
0.074548	8.42239
0.0589738	8.42109
0.0440484	8.42174
0.0304209	8.42174
0.020038	8.42239
0.00705947	8.42239
-0.0143552	-7.49815
-0.043557	-7.53027
-0.0721098	-7.54552
-0.0948223	-7.55396
-0.107801	-7.55817
-0.117859	-7.56077
-0.107476	-7.55817
-0.0944979	-7.55396
-0.0776257	-7.54812
-0.0652961	-7.5426
-0.0532909	-7.53579
-0.0432325	-7.53027
-0.0328496	-7.52151
-0.0140307	-7.49912
-0.00364786	-7.46765
0.00186804	8.42304
0.0128998	8.42239
0.0239316	8.42239
0.0378836	8.42207
0.0482664	8.42174
0.0609205	8.42174
0.0719523	8.42109
0.0820107	8.42142
0.0920691	8.42077
0.0807129	8.42142
0.0690322	8.42142
0.057027	8.42142
0.0469686	8.42174
0.0359368	8.42174
0.0174423	8.42142
-0.00429678	-7.46408
-0.0214934	-7.50821
-0.0341475	-7.52183
-0.0471261	-7.53157
-0.0607536	-7.53935
-0.0899554	-7.55136
-0.113641	-7.55947
-0.127269	-7.56304
-0.139923	-7.56661
-0.128891	-7.56401
-0.117859	-7.5598
-0.106503	-7.5572
-0.0944979	-7.55396
-0.0844395	-7.54974
-0.0740566	-7.54649
-0.0633493	-7.54033
-0.0523175	-7.53611
-0.0412857	-7.52865
-0.0257114	-7.51534
-0.0137063	-7.49653
-0.00170107	-7.44364
0.0125754	8.42304
0.0287986	8.42239
0.0417771	8.42239
0.0609205	8.42207
0.075197	8.42109
0.0943404	8.42142
0.114457	8.42077
0.129058	8.42077
0.145281	8.42077
0.156638	8.42077
0.16702	8.42045
0.156313	8.42045
0.14301	8.4198
0.131005	8.42012
0.110564	8.42012
0.0979095	8.42045
0.0859043	8.42045
0.074548	8.42109
0.0644897	8.42045
0.0534579	8.42045
0.0433995	8.42045
0.0333411	8.42109
0.0226338	8.42239
0.0125754	8.42077
0.00186804	8.42239
-0.00170107	-7.43812
-0.00267446	-7.45175
-0.00364786	-7.46311
-0.00559464	-7.47543
-0.00981268	-7.48712
-0.0140307	-7.49782
-0.0231157	-7.5108
-0.0331741	-7.52151
-0.0438814	-7.52962
-0.0331741	-7.52216
-0.0221423	-7.51048
-0.0153286	-7.50042
-0.00883929	-7.48517
-0.00494571	-7.47057
-0.00170107	-7.43715
0.00057018	8.42142
0.0112775	8.42239
0.0229582	8.42239
0.0336655	8.42207
0.0437239	8.42109
0.0580004	8.42045
0.075197	8.42012
0.0907713	8.4198
0.101479	8.4198
0.0897979	8.4198
0.075197	8.42012
0.0618939	8.42142
0.0463197	8.42207
0.0313943	8.42109
0.00803286	8.42207
-0.00883929	-7.48387
-0.0159775	-7.50107
-0.0318763	-7.52021
-0.0468016	-7.53157
-0.0760034	-7.5452
-0.105205	-7.55655
-0.125971	-7.56239
-0.138625	-7.56499
-0.128242	-7.56304
-0.116237	-7.55915
-0.102934	-7.55558
-0.0876841	-7.55071
-0.0756789	-7.54649
-0.061727	-7.54
-0.0497218	-7.53351
-0.0357698	-7.5241
-0.0218179	-7.50983
-0.00981268	-7.48744
-0.00429678	-7.46765
-0.000403213	-7.40405
0.00251697	8.42272
0.0125754	8.42174
0.0239316	8.42142
0.0352879	8.42077
0.0495643	8.42077
0.0628673	8.42077
0.0732502	8.42045
0.083633	8.42045
0.0729257	8.42045
0.0618939	8.42077
0.0485909	8.42012
0.0385325	8.42077
0.0239316	8.42077
0.00900625	8.42109
-0.00916375	-7.48517
-0.015653	-7.49912
-0.024738	-7.5134
-0.0347964	-7.52151
-0.0468016	-7.53124
-0.0575089	-7.53773
-0.0685407	-7.54292
-0.0558866	-7.53708
-0.0432325	-7.52962
-0.0328496	-7.52183
-0.0231157	-7.51145
-0.015653	-7.50042
-0.00754143	-7.48095
-0.00429678	-7.46635
-0.00235	-7.44948
0.00057018	-3.61267
0.00186804	8.42142
0.0122509	8.42304
0.0236071	8.42272
0.0378836	8.42207
0.066112	8.42174
0.0829841	8.42077
0.0949893	8.42174
0.110239	8.42142
0.121595	8.42077
0.110888	8.42077
0.10083	8.42077
0.0885	8.42109
0.0761704	8.42077
0.0628673	8.42142
0.0524845	8.42174
0.0284741	8.42142
-0.00656804	-7.47673
-0.0393389	-7.5254
-0.05686	-7.53708
-0.0672429	-7.54228
-0.0773013	-7.54682
-0.0649716	-7.5413
-0.0464771	-7.53157
-0.0305784	-7.51956
-0.0130573	-7.49588
-0.00591911	-7.47576
-0.000403213	-7.4047
0.00543714	8.42207
0.0161445	8.42174
0.0317188	8.42174
0.0476175	8.42142
0.0602716	8.42109
0.07033	8.42077
0.0807129	8.42109
0.0693566	8.42109
0.0554047	8.42109
0.0404793	8.42109
0.0300964	8.42174
0.00446375	8.42142
-0.0341475	-7.52216
-0.0614025	-7.53903
-0.0867107	-7.55006
-0.100014	-7.55493
-0.11721	-7.55947
-0.127918	-7.56304
-0.140896	-7.56629
-0.15355	-7.56856
-0.172694	-7.5731
-0.183077	-7.57505
-0.169125	-7.57245
-0.156471	-7.56985
-0.137652	-7.56564
-0.127593	-7.56337
-0.104556	-7.55688
-0.0831416	-7.54909
-0.0464771	-7.53157
-0.00883929	-7.48517
0.0229582	8.42207
0.0534579	8.42207
0.0872022	8.42142
0.111861	8.42077
0.129383	8.42077
0.144632	8.4198
0.159233	8.4198
0.170589	8.4198
0.181621	8.42012
0.192329	8.41947
0.204009	8.41947
0.214392	8.41947
0.226397	8.41947
0.237429	8.41915
0.225099	8.41915
0.21277	8.41882
0.198818	8.41915
0.181297	8.4198
0.165398	8.4198
0.137494	8.42012
0.107643	8.42077
0.0777927	8.42109
0.0531334	8.42174
0.0242561	8.42142
-0.016302	-7.50107
-0.043557	-7.5293
-0.0601046	-7.53903
-0.0756789	-7.54617
-0.0863863	-7.55006
-0.098067	-7.55396
-0.115264	-7.55947
-0.145114	-7.56791
-0.179832	-7.57505
-0.208709	-7.57991
-0.239533	-7.58478
-0.252836	-7.58673
-0.236289	-7.58446
-0.219417	-7.58154
-0.20222	-7.57894
-0.188268	-7.57634
-0.15355	-7.56985
-0.101961	-7.5559
-0.0451793	-7.53059
0.00543714	8.42207
0.05216	8.42239
0.0881755	8.42142
0.114457	8.42077
0.127111	8.42045
0.139441	8.42109
0.149824	8.42012
0.159882	8.42012
0.181297	8.4198
0.194275	8.4198
0.214068	8.4198
0.23386	8.41882
0.249759	8.41915
0.261764	8.41817
0.272471	8.4185
0.287721	8.41817
0.301349	8.41817
0.32763	8.41753
0.339635	8.41688
0.351965	8.4172
0.362348	8.41655
0.3763	8.41688
0.38863	8.41688
0.40323	8.41655
0.426267	8.41655
0.451251	8.4159
0.470395	8.41558
0.486293	8.41493
0.498623	8.4159
0.511277	8.41558
0.500245	8.41525
0.486618	8.41623
0.474613	8.41558
0.4519	8.41655
0.416209	8.41655
0.372731	8.41753
0.337689	8.41753
0.299726	8.41882
0.258519	8.4185
0.217312	8.4198
0.172212	8.42012
0.132627	8.42109
0.0979095	8.42077
0.0726013	8.42207
0.0599472	8.42174
0.0391814	8.42174
0.020038	8.42239
-0.0201955	-7.50593
-0.061078	-7.53968
-0.104232	-7.55688
-0.138301	-7.56564
-0.158742	-7.57115
-0.169774	-7.57277
-0.179832	-7.57505
-0.1688	-7.5731
-0.145439	-7.56758
-0.128891	-7.56401
-0.100987	-7.5559
-0.052642	-7.53579
0.01582	8.42272
0.0690322	8.42109
0.124191	8.42142
0.196871	8.41947
0.27312	8.41882
0.344178	8.41753
0.397715	8.4172
0.442491	8.4159
0.470719	8.41623
0.488889	8.41525
0.508681	8.4159
0.525878	8.41461
0.54275	8.41558
0.556702	8.41493
0.579415	8.41525
0.594989	8.41428
0.61251	8.41493
0.623542	8.41396
0.6336	8.41396
0.644632	8.41493
0.633276	8.41493
0.620622	8.41461
0.605372	8.41525
0.575521	8.41525
0.532367	8.41623
0.48532	8.4159
0.448331	8.41655
0.419129	8.41655
0.389278	8.41753
0.365593	8.41688
0.344178	8.41785
0.314976	8.41817
0.274094	8.41947
0.234184	8.41947
0.185839	8.42045
0.153068	8.42077
0.131005	8.42142
0.115755	8.42077
0.105697	8.42174
0.0839575	8.42207
0.065463	8.42142
0.0417771	8.42239
0.011602	8.42239
-0.0208445	-7.50918
-0.0442059	-7.52962
-0.0578334	-7.53806
-0.0691897	-7.54422
-0.079897	-7.54844
-0.103258	-7.5572
-0.12954	-7.56401
-0.14479	-7.56856
-0.158093	-7.57115
-0.168151	-7.57277
-0.178859	-7.57602
-0.190215	-7.57699
-0.21747	-7.58251
-0.237911	-7.5851
-0.250241	-7.58673
-0.260299	-7.589
-0.271655	-7.59062
-0.257379	-7.58835
-0.244725	-7.5864
-0.226555	-7.58381
-0.211305	-7.58056
-0.179508	-7.5757
-0.136678	-7.56596
-0.120131	-7.56142
-0.0854129	-7.55071
-0.0665939	-7.54357
-0.0500463	-7.53416
-0.0341475	-7.5241
-0.0179243	-7.50529
0.00057018	-5.93032
0.0164689	8.42304
0.0320432	8.42174
0.0456707	8.42337
0.0635163	8.42142
0.0758459	8.42207
0.0859043	8.42109
0.101154	8.42045
0.117053	8.42045
0.13068	8.42142
0.147877	8.42142
0.159882	8.4198
0.177079	8.42045
0.189408	8.41915
0.206929	8.41882
0.225099	8.41915
0.23678	8.41817
0.248461	8.41915
0.231589	8.41947
0.220233	8.41882
0.187137	8.41915
0.154042	8.42045
0.128085	8.42045
0.0956382	8.42174
0.0677343	8.42077
0.0450218	8.42272
0.0148466	8.42207
-0.0325252	-7.52054
-0.0714609	-7.54455
-0.116237	-7.5598
-0.149981	-7.56953
-0.171396	-7.5731
-0.182428	-7.5757
-0.195082	-7.57797
-0.208709	-7.58024
-0.220066	-7.58251
-0.208385	-7.58024
-0.196704	-7.57829
-0.186321	-7.57667
-0.1688	-7.57375
-0.155173	-7.56985
-0.130513	-7.56499
-0.114939	-7.5598
-0.0951468	-7.55493
-0.0802214	-7.54844
-0.0652961	-7.54228
-0.0500463	-7.53449
-0.0380411	-7.5254
-0.0270093	-7.51632
-0.015653	-7.50139
-0.00948821	-7.48712
-0.00624357	-7.47511
-0.00364786	-7.45824
-0.0000787487	-7.39691
0.00284143	8.42304
0.0154955	8.42174
0.0268518	8.42272
0.0427505	8.42142
0.0644897	8.42207
0.0800639	8.42174
0.0943404	8.42174
0.106994	8.42142
0.117702	8.42012
0.105697	8.42142
0.0920691	8.42045
0.0816863	8.42077
0.066112	8.42109
0.0437239	8.42174
0.0226338	8.42109
-0.00559464	-7.47089
-0.0328496	-7.52054
-0.0442059	-7.53027
-0.0549132	-7.53676
-0.0649716	-7.54195
-0.0815193	-7.54876
-0.0941734	-7.55363
-0.109423	-7.55817
-0.122726	-7.56174
-0.109099	-7.5585
-0.0990404	-7.55525
-0.0857373	-7.55071
-0.0675673	-7.54357
-0.0539398	-7.53611
-0.03869	-7.52703
-0.0221423	-7.51113
-0.00202553	-7.43974
0.0141977	8.42207
0.0268518	8.42174
0.0414527	8.42174
0.0528089	8.42174
0.0648141	8.42109
0.0547557	8.42109
0.0414527	8.42174
0.0307454	8.42174
0.00933072	8.42207
-0.0334986	-7.52118
-0.05686	-7.53708
-0.0743811	-7.54584
-0.0847639	-7.54941
-0.0964447	-7.55396
-0.0860618	-7.55071
-0.0743811	-7.54617
-0.0620514	-7.54065
-0.0458282	-7.53157
-0.0279827	-7.51729
-0.00105214	-7.41184
0.0281496	8.42142
0.0531334	8.42239
0.0748725	8.42109
0.0881755	8.42207
0.103425	8.42045
0.122244	8.42142
0.132303	8.42012
0.14301	8.42109
0.159233	8.42077
0.17351	8.41947
0.188759	8.42045
0.199142	8.42045
0.210174	8.42012
0.198493	8.42012
0.188111	8.41882
0.176754	8.42045
0.16118	8.42045
0.147553	8.42077
0.136196	8.42077
0.123867	8.42142
0.105372	8.42142
0.0881755	8.42012
0.0709789	8.42207
0.056378	8.42174
0.0453463	8.42077
0.0333411	8.42142
0.0203625	8.42239
-0.00721696	-7.48257
-0.0276582	-7.51599
-0.0390145	-7.52638
-0.0523175	-7.53449
-0.0623759	-7.54033
-0.051993	-7.53481
-0.0419346	-7.5293
-0.0286316	-7.51859
-0.0198711	-7.50723
-0.0107861	-7.49166
0.00478822	8.42272
0.029123	8.42142
0.065463	8.42239
0.084282	8.42077
0.0982339	8.42174
0.112835	8.42012
0.128409	8.42109
0.150148	8.4198
0.17643	8.42045
0.203685	8.4185
0.228344	8.4198
0.250408	8.41817
0.266631	8.41882
0.284152	8.41785
0.298753	8.41882
0.311731	8.41655
0.325359	8.41655
0.337364	8.41785
0.349045	8.41655
0.338013	8.4172
0.324386	8.4185
0.307189	8.4185
0.295833	8.41753
0.270524	8.41915
0.240349	8.4185
0.207903	8.42012
0.163127	8.4198
0.130356	8.42109
0.0992073	8.42012
0.0716279	8.42207
0.0586493	8.42109
0.0450218	8.42174
0.0262029	8.42207
0.0125754	8.42207
-0.0211689	-7.50983
-0.0432325	-7.5293
-0.0588068	-7.53903
-0.0727588	-7.54487
-0.0941734	-7.55298
-0.110397	-7.5585
-0.124024	-7.56239
-0.138949	-7.56629
-0.149981	-7.56856
-0.16004	-7.57115
-0.149657	-7.56921
-0.139598	-7.56629
-0.127593	-7.56369
-0.113317	-7.5598
-0.103258	-7.55688
-0.0915777	-7.55331
-0.0811948	-7.54909
-0.0669184	-7.54325
-0.0542643	-7.53708
-0.0406368	-7.52865
-0.0286316	-7.51729
-0.0143552	-7.49945
-0.00494571	-7.47024
0.00349036	8.42239
0.0151711	8.42239
0.0252295	8.42207
0.0352879	8.42174
0.0236071	8.42207
0.010953	8.42239
-0.0101371	-7.48744
-0.0328496	-7.52086
-0.0484239	-7.53189
-0.0594557	-7.53838
-0.0695141	-7.54357
-0.0867107	-7.55071
-0.098067	-7.55428
-0.108774	-7.55785
-0.119806	-7.56142
-0.139274	-7.56629
-0.163933	-7.5718
-0.189241	-7.57634
-0.205465	-7.57926
-0.217794	-7.58186
-0.205465	-7.58024
-0.194108	-7.57797
-0.178534	-7.57505
-0.163284	-7.57213
-0.138625	-7.56661
-0.114939	-7.56045
-0.0782747	-7.54812
-0.0380411	-7.52573
0.00121911	-4.31319
0.0391814	8.42174
0.0810373	8.42174
0.119649	8.42109
0.146579	8.42077
0.175781	8.42012
0.198493	8.4198
0.216988	8.41947
0.23094	8.41947
0.244243	8.4185
0.257546	8.41947
0.276689	8.41882
0.292588	8.41817
0.308811	8.41785
0.328279	8.4172
0.338338	8.41785
0.32763	8.41785
0.316274	8.41785
0.306216	8.41817
0.289992	8.41882
0.247812	8.41915
0.195898	8.42012
0.14301	8.42045
0.0923936	8.42142
0.0554047	8.42142
-0.00624357	-7.47608
-0.0805459	-7.54876
-0.140572	-7.56661
-0.204167	-7.57991
-0.280091	-7.59095
-0.337197	-7.59743
-0.368346	-7.60003
-0.391383	-7.60327
-0.404361	-7.60392
-0.417664	-7.60555
-0.429345	-7.6062
-0.439403	-7.60684
-0.427074	-7.6062
-0.406633	-7.60457
-0.382298	-7.60263
-0.31708	-7.59549
-0.237587	-7.5851
-0.142519	-7.56791
-0.0581579	-7.53838
0.0359368	8.42207
0.117053	8.42142
0.202387	8.42012
0.309136	8.41817
0.430485	8.41623
0.518415	8.41558
0.595962	8.41461
0.672211	8.41461
0.707578	8.41363
0.731264	8.41428
0.746838	8.41363
0.759168	8.41428
0.769875	8.41396
0.787072	8.41428
0.813353	8.41396
0.844177	8.41428
0.872081	8.41396
0.894145	8.41428
0.917182	8.41396
0.929512	8.41396
0.940219	8.41428
0.929836	8.41396
0.911017	8.41461
0.894145	8.41396
0.842231	8.41461
0.792263	8.41428
0.733211	8.41461
0.686488	8.41428
0.642361	8.41525
0.601803	8.41493
0.541777	8.41558
0.473964	8.41623
0.403555	8.41785
0.351641	8.41785
0.317896	8.41882
0.297455	8.4185
0.281556	8.41882
0.265333	8.41882
0.248461	8.41947
0.222828	8.41915
0.177403	8.42045
0.122244	8.42109
0.0816863	8.42239
0.0541068	8.42207
0.0265273	8.42272
0.00381482	8.42239
-0.016302	-7.50204
-0.0263604	-7.51534
-0.0373921	-7.5254
-0.0506952	-7.53481
-0.0627004	-7.54163
-0.052642	-7.53546
-0.0325252	-7.52183
0.00641054	8.42272
0.0995318	8.42174
0.196871	8.42077
0.262737	8.41882
0.321141	8.41817
0.365917	8.41753
0.423672	8.41688
0.487591	8.4159
0.556053	8.41558
0.622893	8.41396
0.693626	8.41493
0.772795	8.41363
0.834119	8.41428
0.884735	8.41363
0.938597	8.41428
0.964554	8.41363
0.977208	8.41428
0.965852	8.41363
0.953846	8.41363
0.931783	8.41428
0.878895	8.41461
0.77604	8.41461
0.66118	8.41525
0.550537	8.41558
0.440219	8.41753
0.32179	8.41817
0.216663	8.42045
0.0875266	8.42207
-0.0270093	-7.51664
-0.134731	-7.56661
-0.210332	-7.58121
-0.285283	-7.59224
-0.346931	-7.59906
-0.395276	-7.60425
-0.430643	-7.60684
-0.458222	-7.60944
-0.470228	-7.60944
-0.482557	-7.61074
-0.46601	-7.60912
-0.43843	-7.60782
-0.367372	-7.60133
-0.268735	-7.59062
-0.169125	-7.57375
0.00057018	-7.16881
0.137494	8.42142
0.256897	8.41882
0.387007	8.41785
0.523282	8.41558
0.634249	8.41493
0.70044	8.41396
0.74846	8.41493
0.785449	8.41363
0.808162	8.41428
0.823087	8.41396
0.834768	8.41396
0.853911	8.41461
0.867539	8.41396
0.880517	8.41396
0.891874	8.41461
0.902905	8.41396
0.914262	8.41493
0.931134	8.41461
0.944761	8.41428
0.969421	8.41428
0.999271	8.41396
1.03042	8.41461
1.058	8.41396
1.09596	8.41461
1.14074	8.41428
1.17318	8.41461
1.21212	8.41396
1.24586	8.41461
1.27182	8.41428
1.29324	8.41461
1.31465	8.41396
1.33152	8.41493
1.34677	8.41428
1.35748	8.41461
1.34191	8.41396
1.32828	8.41428
1.31757	8.41493
1.29551	8.41363
1.18941	8.41461
1.00544	8.41396
0.795183	8.41493
0.61251	8.41493
0.454171	8.41753
0.307189	8.41882
0.195898	8.42109
0.0966116	8.42239
0.0567025	8.42337
0.0450218	8.42272
0.0560536	8.42272
0.0810373	8.42174
0.161829	8.42077
0.256573	8.41882
0.3458	8.41817
0.422049	8.41655
0.490187	8.4159
0.576494	8.41461
0.677078	8.41461
0.765008	8.41363
0.820492	8.41493
0.853911	8.41331
0.87922	8.41461
0.898363	8.41363
0.917182	8.41461
0.928214	8.41396
0.940219	8.41461
0.923996	8.41461
0.909719	8.41363
0.887007	8.41493
0.849369	8.41363
0.803944	8.41461
0.769875	8.41428
0.742945	8.41493
0.710174	8.41396
0.668642	8.41525
0.617377	8.41493
0.562542	8.41623
0.510628	8.4159
0.464879	8.41753
0.426592	8.41623
0.386683	8.41817
0.356508	8.41785
0.322114	8.41915
0.286423	8.41882
0.256248	8.42012
0.234184	8.4198
0.217312	8.42077
0.205307	8.41947
0.190057	8.4198
0.178052	8.42012
0.165723	8.42012
0.176754	8.4198
0.186813	8.4198
0.199791	8.41915
0.211796	8.42045
0.230615	8.41882
0.302646	8.41915
0.396092	8.41655
0.480128	8.41655
0.546644	8.41493
0.588824	8.41558
0.610888	8.41428
0.626137	8.41525
0.636196	8.41428
0.65177	8.41428
0.666371	8.41363
0.68519	8.41396
0.705307	8.41428
0.720557	8.41558
0.733211	8.41331
0.744567	8.41493
0.758843	8.41493
0.769226	8.41525
0.756572	8.41396
0.73386	8.41428
0.719259	8.41525
0.679998	8.41396
0.61835	8.41623
0.550862	8.41558
0.481102	8.41688
0.411342	8.41688
0.344827	8.41915
0.273769	8.41882
0.188759	8.42142
0.0742236	8.42174
-0.0111105	-7.49198
-0.0844395	-7.55168
-0.138301	-7.56693
-0.169774	-7.5744
-0.191188	-7.57732
-0.213252	-7.58218
-0.23564	-7.5851
-0.246672	-7.5877
-0.264842	-7.58997
-0.2749	-7.59127
-0.26257	-7.5903
-0.250565	-7.58802
-0.238884	-7.58608
-0.226879	-7.58446
-0.200598	-7.57959
-0.158742	-7.57213
-0.102609	-7.5572
-0.042908	-7.53027
0.0213359	8.42369
0.0748725	8.42174
0.132952	8.42174
0.193302	8.4198
0.247163	8.4198
0.313354	8.41785
0.351316	8.4185
0.383114	8.41688
0.404528	8.41785
0.426592	8.4159
0.455145	8.41688
0.480777	8.4159
0.506735	8.41623
0.524905	8.41493
0.543723	8.41655
0.558	8.41493
0.57033	8.41558
0.581686	8.41461
0.592718	8.4159
0.567734	8.4159
0.546968	8.41493
0.485969	8.4172
0.387656	8.41655
0.273769	8.4198
0.128085	8.42077
-0.0237646	-7.51405
-0.177885	-7.57634
-0.274576	-7.59095
-0.369968	-7.60198
-0.431616	-7.60684
-0.477366	-7.61106
-0.512083	-7.61268
-0.531227	-7.61431
-0.541934	-7.61463
-0.528956	-7.61398
-0.51403	-7.61268
-0.494562	-7.61204
-0.477366	-7.61074
-0.451733	-7.60847
-0.393978	-7.60425
-0.31416	-7.59581
-0.216821	-7.58283
-0.0743811	-7.54682
0.0618939	8.42174
0.150148	8.42142
0.217961	8.41947
0.273769	8.41947
0.30946	8.41817
0.328928	8.41817
0.339635	8.41753
0.351641	8.41817
0.371757	8.41753
0.404528	8.41753
0.444762	8.41623
0.482724	8.41623
0.519713	8.41525
0.552484	8.4159
0.569356	8.41493
0.579739	8.41558
0.592718	8.41525
0.604074	8.41493
0.589797	8.41493
0.575521	8.41525
0.565463	8.4159
0.551511	8.41558
0.529447	8.41623
0.498947	8.41623
0.473639	8.41655
0.455145	8.41688
0.438921	8.41688
0.42497	8.41753
0.414911	8.4172
0.388954	8.41785
0.362023	8.41817
0.33704	8.41817
0.319519	8.4185
0.299402	8.41882
0.286748	8.41915
0.276365	8.41947
0.258519	8.41915
0.241647	8.41947
0.216988	8.42012
0.163127	8.42109
0.128734	8.42109
0.104723	8.42207
0.0897979	8.42207
0.0787661	8.42239
0.0622184	8.42174
0.05216	8.42207
0.0356123	8.42239
0.0184157	8.42272
0.00608607	8.42304
-0.00105214	-7.4378
-0.00819036	-7.48355
-0.0143552	-7.49847
-0.0068925	-7.47933
-0.00332339	-7.46246
0.000245716	-7.04195
0.00576161	8.42239
0.0294475	8.42207
0.0411282	8.42304
0.0849309	8.42174
0.129707	8.42142
0.177403	8.42012
0.218935	8.4198
0.260466	8.4185
0.301673	8.41882
0.338013	8.41753
0.384736	8.41785
0.444437	8.41558
0.497974	8.41623
0.554106	8.41493
0.585579	8.41558
0.602127	8.41428
0.614781	8.41558
0.625164	8.41461
0.637169	8.41396
0.621919	8.41461
0.608292	8.41558
0.595638	8.41623
0.565787	8.41655
0.528798	8.41525
0.491809	8.41688
0.44898	8.41623
0.403555	8.41785
0.352614	8.41753
0.292588	8.41947
0.226397	8.41947
0.146255	8.42207
0.0823352	8.42174
0.0463197	8.42337
0.0141977	8.42239
-0.0208445	-7.50918
-0.0390145	-7.52832
-0.0503707	-7.53449
-0.0643227	-7.54228
-0.0824927	-7.55039
-0.0996893	-7.5559
-0.110397	-7.5598
-0.128242	-7.56466
-0.152577	-7.57018
-0.170098	-7.5744
-0.182752	-7.57667
-0.195731	-7.57862
-0.185672	-7.57699
-0.170098	-7.57407
-0.153226	-7.57083
-0.124998	-7.56401
-0.0779502	-7.54844
-0.0273338	-7.51729
0.0287986	8.42369
0.079415	8.42142
0.134249	8.42207
0.201089	8.41947
0.251706	8.42012
0.295184	8.41785
0.325683	8.41915
0.352938	8.4172
0.375326	8.41753
0.395443	8.41623
0.408746	8.41753
0.425294	8.41623
0.440868	8.4172
0.45774	8.41558
0.473315	8.41688
0.48824	8.41558
0.507708	8.41623
0.523931	8.41493
0.54567	8.41623
0.560596	8.41688
0.570654	8.41623
0.54859	8.41655
0.534314	8.41493
0.498298	8.41688
0.436326	8.41655
0.366566	8.41882
0.290966	8.4185
0.223802	8.42045
0.151122	8.42012
0.0936914	8.42272
0.0453463	8.42207
-0.0120839	-7.49458
-0.0636738	-7.5426
-0.122726	-7.56272
-0.171396	-7.57472
-0.208709	-7.58121
-0.234666	-7.58608
-0.247969	-7.58705
-0.258677	-7.589
-0.268735	-7.58965
-0.282687	-7.59192
-0.271655	-7.59062
-0.260624	-7.58932
-0.236938	-7.58543
-0.150306	-7.56985
-0.0438814	-7.53124
0.0803884	8.42142
0.198818	8.42109
0.314976	8.41817
0.447682	8.4172
0.590122	8.41461
0.716338	8.41493
0.82763	8.41363
0.923022	8.41461
0.996676	8.41363
1.04372	8.41493
1.09596	8.41363
1.15988	8.41493
1.23418	8.41363
1.30524	8.41461
1.35586	8.41331
1.39285	8.41525
1.42724	8.41363
1.44638	8.41493
1.46001	8.41396
1.47331	8.41461
1.49278	8.41363
1.51355	8.41461
1.52458	8.41396
1.53561	8.41396
1.52263	8.41461
1.51095	8.41396
1.4957	8.41493
1.48305	8.41396
1.46715	8.41493
1.4201	8.41428
1.35099	8.41493
1.25819	8.41396
1.14139	8.41493
1.02685	8.41363
0.902905	8.41525
0.782205	8.41396
0.683568	8.41558
0.608292	8.41493
0.535612	8.41623
0.472666	8.41655
0.387656	8.4185
0.31887	8.41817
0.257221	8.4198
0.204983	8.42012
0.1641	8.42174
0.119649	8.42174
0.0872022	8.42304
0.0690322	8.42174
0.056378	8.42272
0.0437239	8.42337
0.0304209	8.42207
0.0103041	8.42272
-0.00332339	-7.46018
-0.00819036	-7.48517
-0.0143552	-7.50009
-0.0211689	-7.51015
-0.00397232	-7.46797
0.010953	8.42369
0.0262029	8.42239
0.0589738	8.42304
0.14885	8.42012
0.260142	8.4198
0.353587	8.41753
0.445086	8.41688
0.558324	8.41493
0.668318	8.41493
0.792263	8.41363
0.902581	8.41461
1.0129	8.41363
1.1177	8.41428
1.21699	8.41363
1.30881	8.41461
1.36884	8.41331
1.4373	8.41428
1.48824	8.41396
1.52653	8.41493
1.54989	8.41428
1.56351	8.41461
1.55054	8.41396
1.53334	8.41428
1.51971	8.41461
1.48499	8.41396
1.43762	8.41493
1.38311	8.41428
1.32406	8.41461
1.2715	8.41428
1.20531	8.41493
1.14528	8.41428
1.08201	8.41493
1.03366	8.41461
0.986617	8.41493
0.940543	8.41461
0.899336	8.41493
0.862023	8.41461
0.831848	8.41525
0.812704	8.41428
0.794859	8.41461
0.776689	8.41428
0.761439	8.41493
0.746838	8.41493
0.730615	8.41493
0.712445	8.41461
0.70044	8.41558
0.686488	8.41493
0.676105	8.41525
0.664424	8.41558
0.640414	8.4159
0.62776	8.41525
0.610563	8.41558
0.599856	8.41558
0.610563	8.41525
0.63068	8.41525
0.647552	8.41558
0.693302	8.41493
0.795183	8.41461
0.896741	8.41428
1.00089	8.41461
1.07909	8.41461
1.15729	8.41493
1.21244	8.41428
1.26403	8.41493
1.30589	8.41461
1.33509	8.41461
1.35196	8.41461
1.36559	8.41493
1.35294	8.41428
1.33347	8.41493
1.29908	8.41428
1.21342	8.41461
1.09953	8.41461
1.00479	8.41525
0.918155	8.41461
0.848071	8.41525
0.765657	8.41493
0.673185	8.41525
0.579739	8.41558
0.49408	8.4172
0.438597	8.41688
0.40323	8.41785
0.37922	8.41817
0.367864	8.4185
0.388954	8.41785
0.401933	8.4172
0.425618	8.41785
0.478506	8.41655
0.559298	8.41623
0.663775	8.41525
0.758519	8.41493
0.855209	8.41428
0.957415	8.41493
1.06352	8.41428
1.18357	8.41461
1.29843	8.41396
1.38636	8.41493
1.46455	8.41428
1.52069	8.41525
1.55378	8.41461
1.57941	8.41525
1.60537	8.41428
1.62419	8.41493
1.63425	8.41428
1.64431	8.41461
1.62127	8.41493
1.60115	8.41461
1.58201	8.41493
1.54372	8.41461
1.47299	8.41493
1.37111	8.41428
1.26144	8.41525
1.11965	8.41493
0.977857	8.41493
0.82763	8.41461
0.668967	8.41558
0.509655	8.41688
0.367215	8.4185
0.259493	8.41915
0.164425	8.42174
0.0800639	8.42272
0.0365857	8.42337
-0.00137661	-4.2006
-0.0270093	-7.51729
-0.0377166	-7.52735
-0.0192221	-7.50821
0.0106286	8.42337
0.0732502	8.42207
0.174808	8.42077
0.26728	8.41947
0.352938	8.41817
0.447033	8.41655
0.549239	8.41623
0.666371	8.41461
0.786423	8.41493
0.927889	8.41428
1.06838	8.41493
1.19882	8.41461
1.28058	8.41461
1.31692	8.41428
1.33671	8.41461
1.35034	8.41396
1.3604	8.41428
1.37176	8.41493
1.38636	8.41461
1.39966	8.41461
1.40972	8.41493
1.42497	8.41428
1.41134	8.41428
1.38928	8.41493
1.34191	8.41493
1.25365	8.41461
1.13944	8.41461
1.02815	8.41493
0.898363	8.41461
0.765657	8.41493
0.655339	8.41525
0.559622	8.41623
0.475261	8.41688
0.416533	8.41785
0.369162	8.41817
0.324386	8.41915
0.298104	8.41882
0.279609	8.4198
0.292588	8.41947
0.304918	8.41882
0.322114	8.41915
0.353587	8.41785
0.418156	8.41753
0.469421	8.41655
0.52458	8.41655
0.589473	8.41525
0.663126	8.41493
0.736455	8.41428
0.81238	8.41493
0.882789	8.41461
0.941192	8.41493
0.965852	8.41428
0.976883	8.41461
0.988564	8.41461
0.998947	8.41461
1.00965	8.41525
0.997974	8.41525
0.987266	8.41461
0.976559	8.41493
0.962607	8.41396
0.949304	8.41493
0.939245	8.41493
0.926267	8.41525
0.905826	8.41461
0.886358	8.41461
0.864943	8.41525
0.840933	8.41428
0.816273	8.41525
0.795183	8.41461
0.771173	8.41493
0.746189	8.41461
0.731913	8.41558
0.718934	8.41461
0.705956	8.41525
0.685839	8.41493
0.660206	8.4159
0.62127	8.41558
0.570654	8.41655
0.517117	8.41623
0.473964	8.4172
0.429188	8.41753
0.381491	8.4185
0.348071	8.41882
0.322763	8.41882
0.307838	8.4185
0.292588	8.4198
0.28253	8.4198
0.293237	8.41882
0.307838	8.41882
0.320168	8.41882
0.340284	8.41817
0.376949	8.4185
0.433406	8.41688
0.484671	8.41688
0.55508	8.41558
0.617052	8.41525
0.679674	8.41461
0.755274	8.41525
0.852289	8.41493
0.947682	8.41525
1.01906	8.41428
1.058	8.41493
1.08525	8.41428
1.10829	8.41493
1.12743	8.41396
1.14009	8.41493
1.15372	8.41461
1.16669	8.41428
1.18227	8.41461
1.19492	8.41428
1.2066	8.41558
1.18487	8.41493
1.1628	8.41428
1.13749	8.41493
1.07844	8.41461
1.02263	8.41525
0.943788	8.41461
0.85748	8.41525
0.77312	8.41461
0.677727	8.41558
0.578117	8.4159
0.476884	8.41753
0.374353	8.41785
0.287072	8.4198
0.200765	8.42077
0.118026	8.42304
0.0618939	8.42272
0.0190646	8.42401
-0.0257114	-7.51632
-0.0448548	-7.53254
-0.0594557	-7.5413
-0.0740566	-7.54779
-0.0876841	-7.55331
-0.0977425	-7.55623
-0.109748	-7.56045
-0.120779	-7.56272
-0.134407	-7.56693
-0.148359	-7.57083
-0.161986	-7.57342
-0.172045	-7.57505
-0.156471	-7.5718
-0.141221	-7.56888
-0.112668	-7.56077
-0.0172754	-7.50464
0.100181	8.42272
0.221206	8.4198
0.345476	8.41915
0.455469	8.41558
0.558649	8.41623
0.653068	8.41493
0.733211	8.41525
0.80654	8.41493
0.868188	8.41493
0.92432	8.41428
0.989213	8.41493
1.04437	8.41428
1.11154	8.41493
1.16734	8.41363
1.21699	8.41493
1.25333	8.41396
1.27442	8.41493
1.28448	8.41428
1.27312	8.41493
1.25333	8.41525
1.18454	8.41428
1.07747	8.41493
0.97299	8.41428
0.859752	8.41525
0.73678	8.41428
0.613159	8.41623
0.493107	8.41623
0.367539	8.41915
0.25203	8.42045
0.109266	8.42272
-0.00786589	-7.48712
-0.0996893	-7.5572
-0.16588	-7.57472
-0.192162	-7.57894
-0.209683	-7.58283
-0.224933	-7.5851
-0.236289	-7.58673
-0.246672	-7.58835
-0.258677	-7.58932
-0.236613	-7.5864
-0.210656	-7.58283
-0.0760034	-7.54747
0.0897979	8.42239
0.248785	8.42012
0.416209	8.4172
0.607967	8.4159
0.769226	8.41428
0.901932	8.41493
1.0249	8.41428
1.11478	8.41525
1.16637	8.41428
1.19525	8.41493
1.21082	8.41428
1.22088	8.41525
1.21082	8.41461
1.18162	8.41525
1.08493	8.41396
0.93016	8.41558
0.760466	8.41461
0.612185	8.41655
0.464879	8.41688
0.320168	8.41947
0.191355	8.42077
0.0599472	8.42369
-0.0623759	-7.54325
-0.156471	-7.57213
-0.228826	-7.58543
-0.283661	-7.59257
-0.317729	-7.59711
-0.364777	-7.60165
-0.393005	-7.60522
-0.403712	-7.60555
-0.416366	-7.6062
-0.427723	-7.60814
-0.412797	-7.60652
-0.38976	-7.6036
-0.291448	-7.59419
-0.163609	-7.5731
-0.0124084	-7.49847
0.102128	8.42272
0.204983	8.42012
0.301998	8.42012
0.384087	8.4172
0.495054	8.4172
0.602127	8.41493
0.67578	8.4159
0.725099	8.41428
0.762412	8.41558
0.786747	8.41428
0.797779	8.41525
0.81238	8.41525
0.82471	8.41558
0.811731	8.41558
0.787072	8.41461
0.719583	8.4159
0.641063	8.41525
0.559298	8.41688
0.474613	8.41655
0.377273	8.4185
0.293561	8.41915
0.199142	8.42142
0.10667	8.42174
0.0495643	8.42369
0.00316589	8.42337
-0.0406368	-7.52897
-0.0646472	-7.5439
-0.0863863	-7.55201
-0.104232	-7.5585
-0.121104	-7.56304
-0.13538	-7.56758
-0.153226	-7.57148
-0.173018	-7.57602
-0.18989	-7.57829
-0.204491	-7.58186
-0.217145	-7.58413
-0.188268	-7.57862
-0.125971	-7.56466
0.0369102	8.42239
0.179999	8.42142
0.320168	8.41817
0.463581	8.4172
0.660206	8.41428
0.884411	8.41525
1.1362	8.41363
1.33282	8.41558
1.44184	8.41396
1.50576	8.41525
1.53204	8.41396
1.54859	8.41525
1.55865	8.41396
1.5434	8.41428
1.5262	8.41558
1.49148	8.41428
1.375	8.41558
1.23938	8.41428
1.0713	8.41558
0.935027	8.41363
0.785125	8.41525
0.630355	8.41493
0.48824	8.4172
0.31238	8.4185
0.155664	8.42239
0.00413929	8.42369
-0.124024	-7.56369
-0.198651	-7.58089
-0.246996	-7.58802
-0.27198	-7.59192
-0.288852	-7.59387
-0.303128	-7.59614
-0.320001	-7.59711
-0.335575	-7.59841
-0.346931	-7.60003
-0.357638	-7.601
-0.368995	-7.6023
-0.380675	-7.60327
-0.390734	-7.60425
-0.380351	-7.6036
-0.36575	-7.6023
-0.324543	-7.59808
-0.247321	-7.58738
-0.136354	-7.56758
-0.0312273	-7.52118
0.0602716	8.42207
0.130356	8.42239
0.189733	8.42045
0.23386	8.4198
0.261764	8.41915
0.289668	8.4198
0.316923	8.41817
0.332497	8.41915
0.343853	8.41817
0.359103	8.41785
0.369162	8.41753
0.358454	8.41817
0.346774	8.41882
0.332173	8.4185
0.310109	8.41947
0.289992	8.41882
0.269876	8.4198
0.253003	8.41915
0.239051	8.42045
0.223802	8.41947
0.211148	8.42045
0.192978	8.42045
0.171887	8.42142
0.148526	8.42142
0.126462	8.42174
0.101479	8.42207
0.0849309	8.42207
0.0683832	8.42304
0.0544313	8.42207
0.0414527	8.42337
0.0255539	8.42207
0.0112775	8.42401
-0.00429678	-7.46311
-0.0182488	-7.50593
-0.0286316	-7.51891
-0.047775	-7.53384
-0.0588068	-7.54
-0.0704875	-7.54617
-0.0821682	-7.55071
-0.0954713	-7.55525
-0.0824927	-7.55071
-0.0698386	-7.5452
-0.0594557	-7.54065
-0.0480995	-7.53384
-0.0328496	-7.52248
-0.0211689	-7.51113
-0.00721696	-7.48095
0.00738393	8.42239
0.0223093	8.42337
0.0346389	8.42174
0.0524845	8.42207
0.065463	8.42207
0.0755214	8.42239
0.0641652	8.42239
0.0531334	8.42207
0.0427505	8.42142
0.0320432	8.42207
0.0216604	8.42207
0.011602	8.42174
0.00121911	8.42207
-0.0000787487	8.2527
-0.0000787487	-7.40048
-0.000727677	-7.41054
-0.00105214	-7.42676
-0.00137661	-7.43747
-0.00202553	-7.44915
-0.00299893	-7.46018
-0.00527018	-7.47219
-0.00819036	-7.48387
-0.0124084	-7.49555
-0.00786589	-7.48549
-0.00591911	-7.47543
-0.00332339	-7.46148
-0.00202553	-7.44753
-0.00137661	-7.43747
-0.000403213	-7.41671
-0.000727677	-7.40567
-0.0000787487	-7.41865
0.00057018	-4.46212
0.00121911	8.42272
0.0112775	8.42174
0.0213359	8.42239
0.0313943	8.42174
0.0213359	8.42207
0.0112775	8.42207
0.000894644	8.42207
0.000245716	8.33154
-0.000403213	8.31402
-0.000403213	8.1599
0.000245716	-2.76257
-0.0000787487	-7.40243
0.000245716	-7.36447
-0.000403213	-7.41476
-0.00105214	-7.43163
-0.00137661	-7.44623
-0.00267446	-7.45662
-0.00235	-7.44493
-0.00105214	-7.43488
-0.000727677	-7.37355
0.000245716	2.66734
0.00057018	8.42239
0.00057018	7.99961
0.00057018	8.25951
-0.0000787487	-7.3901
-0.0000787487	-6.25057
-0.0000787487	-7.38686
0.00057018	-3.3187
0.000245716	-7.3875
0.00057018	-5.80313
-0.00105214	-7.41508
-0.000727677	-7.42644
-0.00105214	-7.4378
-0.00170107	-7.42579
-0.00105214	-7.43585
-0.000403213	-7.42449
-0.000403213	-7.41249
-0.0000787487	-7.37745
0.000245716	-2.45206
-0.0000787487	-7.37712
-0.0000787487	3.20985
0.00057018	0.725748
0.000245716	8.42239
0.000245716	8.38508
0.000245716	8.42142
-0.0000787487	8.22284
0.000245716	8.42174
-0.0000787487	8.30591
-0.0000787487	8.42142
-0.000403213	7.3695
0.000245716	8.4198
-0.0000787487	3.38928
0.000245716	8.42077
-0.0000787487	6.2595
0.000245716	8.42142
-0.0000787487	3.45222
-0.0000787487	8.41785
0.000245716	-4.50949
-0.0000787487	1.50284
-0.0000787487	0.60959
-0.0000787487	6.61673
0.000245716	1.93048
-0.0000787487	8.42109
0.000245716	0.751056
0.000245716	1.32763
-0.0000787487	-5.17627
-0.0000787487	-2.69021
-0.0000787487	-7.39626
0.000245716	-4.49035
0.000245716	-7.35733
0.000245716	8.42109
0.000245716	8.2965
0.000245716	8.41396
-0.000727677	-7.40405
-0.000403213	-7.41638
-0.00170107	-7.44266
-0.00332339	-7.4537
-0.00364786	-7.46408
-0.00235	-7.45272
-0.00105214	-7.43196
-0.000727677	-7.42157
-0.000727677	-7.43585
-0.000727677	-7.41736
-0.000403213	-7.39464
-0.0000787487	-7.37258
0.000894644	8.42109
-0.000403213	-6.94104
-0.0000787487	-7.39919
-0.000403213	-7.42352
-0.0000787487	-7.40924
-0.000403213	-7.42255
-0.00170107	-7.43715
-0.00235	-7.4511
-0.00332339	-7.46181
-0.00170107	-7.44526
-0.000727677	-7.43163
-0.000727677	-7.41541
-0.000727677	-7.39659
0.00154357	8.42174
0.0122509	8.42239
0.00154357	8.42142
0.000245716	7.48825
-0.000403213	-7.41573
-0.00137661	-7.43261
-0.00170107	-7.44429
-0.00267446	-7.45694
-0.00462125	-7.46992
-0.00721696	-7.48063
-0.00494571	-7.47057
-0.00299893	-7.45986
-0.00170107	-7.44493
-0.00105214	-7.43358
-0.00105214	-7.42222
0.00057018	-7.406
-0.0000787487	-4.82779
0.000894644	8.42207
0.010953	8.42239
0.000894644	8.42142
-0.000727677	-7.40146
-0.00137661	-7.43974
-0.00267446	-7.45045
-0.00462125	-7.46862
-0.0068925	-7.47868
-0.00494571	-7.4683
-0.00235	-7.45305
-0.00105214	-7.43488
-0.000727677	-7.4219
-0.0000787487	-7.38783
0.000245716	8.42142
-0.0000787487	-4.54583
-0.0000787487	-7.3875
-0.000403213	-7.40243
-0.000403213	-7.42028
-0.00105214	-7.43293
-0.00137661	-7.44461
-0.00299893	-7.45726
-0.00429678	-7.4683
-0.00656804	-7.47868
-0.00429678	-7.46473
-0.00235	-7.45305
-0.00137661	-7.44072
-0.00105214	-7.43066
-0.0000787487	-7.3278
0.00121911	8.42272
0.0119264	8.42207
0.00186804	8.42174
-0.00170107	-7.44104
-0.00364786	-7.45986
-0.00527018	-7.47187
-0.00851482	-7.48355
-0.0124084	-7.4949
-0.02052	-7.50853
-0.0127329	-7.4949
-0.00754143	-7.47998
-0.00494571	-7.46797
-0.00364786	-7.45726
-0.00170107	-7.44007
-0.000403213	-7.40859
0.000245716	8.42239
0.00057018	8.37405
0.000245716	8.42174
-0.0000787487	8.29131
0.000245716	8.42109
-0.000403213	-1.34239
0.000245716	-7.37615
-0.000727677	-7.42222
-0.00137661	-7.44039
-0.00462125	-7.46667
-0.00656804	-7.47803
-0.0117595	-7.49296
-0.0169509	-7.50301
-0.0231157	-7.51307
-0.015653	-7.50009
-0.00981268	-7.48874
-0.00591911	-7.47608
-0.00364786	-7.46181
0.00121911	3.00738
0.00413929	8.42174
0.0151711	8.42272
0.00478822	8.42142
-0.000403213	-7.41087
-0.00105214	-7.43228
-0.00137661	-7.44364
-0.00235	-7.4537
-0.00462125	-7.46505
-0.00656804	-7.47771
-0.00429678	-7.4657
-0.00235	-7.4485
-0.0000787487	-7.40892
0.00413929	8.42304
0.0180913	8.42174
0.0287986	8.42142
0.0167934	8.42109
0.006735	8.42109
-0.000727677	-7.42968
-0.00364786	-7.46051
-0.00527018	-7.47057
-0.00851482	-7.48322
-0.0124084	-7.49328
-0.00754143	-7.47933
-0.00429678	-7.46635
-0.00267446	-7.4524
-0.000727677	-7.41151
0.000245716	-7.39464
0.00186804	8.42304
0.0154955	8.42207
0.0268518	8.42239
0.0164689	8.42174
0.00641054	8.42109
-0.00332339	-7.46051
-0.00786589	-7.4816
-0.0120839	-7.4936
-0.0188977	-7.50529
-0.0127329	-7.49393
-0.00656804	-7.47673
-0.00202553	-7.4511
-0.000727677	-7.42384
0.00186804	8.42239
0.0128998	8.42142
0.0265273	8.42207
0.0164689	8.42142
0.00576161	8.42174
0.000245716	8.15373
0.00057018	8.40228
-0.00105214	-7.42417
-0.00137661	-7.44169
-0.00235	-7.45272
-0.00397232	-7.46278
-0.00591911	-7.47349
-0.00332339	-7.45791
-0.000403213	-7.40892
0.00154357	8.42272
0.0138732	8.42109
0.024905	8.42109
0.0356123	8.42207
0.0476175	8.42207
0.0641652	8.42174
0.074548	8.4198
0.0852554	8.42207
0.097585	8.4198
0.0859043	8.4198
0.0758459	8.42142
0.0648141	8.42045
0.0541068	8.42174
0.0440484	8.42174
0.0333411	8.42174
0.0216604	8.42077
0.010953	8.42077
-0.000403213	6.0911
-0.00235	-7.44753
-0.0104616	-7.48809
-0.015653	-7.49847
-0.0231157	-7.51015
-0.0325252	-7.52021
-0.0432325	-7.52897
-0.0532909	-7.53514
-0.0425836	-7.52865
-0.0312273	-7.51956
-0.0201955	-7.50756
-0.0127329	-7.4949
-0.00786589	-7.4829
-0.00494571	-7.47154
-0.00364786	-7.45921
-0.000403213	-7.40665
0.00186804	8.42142
0.0122509	8.42109
0.00186804	8.42045
0.000245716	7.60701
-0.00105214	-7.42255
-0.00202553	-7.44623
-0.00332339	-7.46018
-0.00494571	-7.47089
-0.00786589	-7.48128
-0.0124084	-7.49393
-0.00656804	-7.47771
-0.00429678	-7.46408
-0.00267446	-7.45305
-0.0000787487	-7.39562
0.00186804	8.42272
0.0119264	8.42109
0.000894644	8.42109
-0.000727677	-7.4206
-0.00170107	-7.44753
-0.00462125	-7.46635
-0.00656804	-7.47738
-0.0111105	-7.49036
-0.0159775	-7.50042
-0.0107861	-7.49004
-0.0068925	-7.47965
-0.00397232	-7.46538
-0.00299893	-7.45532
-0.00170107	-7.43617
-0.0000787487	-7.41379
0.000245716	-3.576
0.00121911	8.42207
-0.0000787487	1.71407
-0.00170107	-7.44234
-0.00299893	-7.46018
-0.00494571	-7.47122
-0.00202553	-7.4498
-0.000403213	-7.37063
0.00186804	8.42174
0.0119264	8.42142
-0.000403213	8.42077
-0.00332339	-7.46018
-0.00754143	-7.47706
-0.0111105	-7.49101
-0.0179243	-7.50431
-0.0286316	-7.51664
-0.0169509	-7.50204
-0.011435	-7.49166
-0.00721696	-7.4803
-0.00299893	-7.45629
-0.000403213	-7.41443
0.0021925	8.42207
-0.000403213	-7.41476
-0.00170107	-7.44201
-0.00267446	-7.45402
-0.00462125	-7.46635
-0.00851482	-7.4842
-0.0133818	-7.49555
-0.0218179	-7.50918
-0.0143552	-7.49847
-0.0068925	-7.47933
-0.00462125	-7.46797
-0.00267446	-7.45402
-0.00137661	-7.43682
-0.000727677	-7.42449
-0.00170107	-7.43845
-0.000727677	-7.42676
-0.0000787487	-7.29925
0.00057018	8.41947
0.000245716	8.3111
-0.0000787487	-7.41184
-0.00397232	-7.46246
-0.00202553	-7.4498
-0.00137661	-7.43845
-0.0000787487	-7.39302
0.000894644	8.42174
-0.0000787487	-7.42157
-0.00267446	-7.45337
-0.00397232	-7.46408
-0.00559464	-7.47446
-0.0101371	-7.48906
-0.0068925	-7.47835
-0.00429678	-7.46538
-0.00105214	-7.43585
0.00316589	8.42272
0.0132243	8.42239
0.00284143	8.42207
-0.00105214	-7.42352
-0.00202553	-7.44948
-0.00364786	-7.46181
-0.00559464	-7.47446
-0.00364786	-7.45986
-0.00559464	-7.47316
-0.00883929	-7.48647
-0.00624357	-7.47349
-0.00267446	-7.45532
-0.00202553	-7.44526
-0.00105214	-7.43196
-0.000403213	-7.41995
-0.00137661	-7.44039
-0.00299893	-7.45564
-0.00235	-7.44558
-0.000727677	-7.42514
-0.00170107	-7.44429
-0.00299893	-7.45662
-0.00202553	-7.44623
-0.00137661	-7.43488
-0.00170107	-7.44558
-0.00170107	-7.4339
-0.00137661	-7.44429
-0.00105214	-7.4339
-0.00137661	-7.44396
-0.00170107	-7.4339
-0.00105214	-7.44396
-0.00105214	-7.43163
-0.00170107	-7.44201
-0.00105214	-7.43131
-0.0000787487	-7.41865
-0.0000787487	-7.40859
-0.000403213	-7.41898
-0.000403213	-7.4047
-0.000727677	-7.42287
-0.000403213	-7.39075
-0.000403213	-7.40859
-0.000403213	-7.39042
-0.000403213	-7.41151
-0.0000787487	-7.39854
-0.0000787487	-7.41087
-0.000403213	-7.40016
-0.000403213	-7.41411
-0.000727677	-7.39042
-0.000403213	-7.41638
-0.000403213	-7.38491
-0.000727677	-7.41411
-0.000403213	-7.38621
-0.0000787487	-7.41184
-0.0000787487	-7.38848
-0.0000787487	-7.4034
-0.000727677	-7.39302
-0.000403213	-7.41216
-0.0000787487	-7.38621
-0.000727677	-7.40503
0.000245716	-7.39432
-0.000403213	-7.41443
-0.000403213	-7.39951
-0.00105214	-7.42612
-0.000727677	-7.41314
-0.000403213	-7.42579
-0.0000787487	-7.41054
-0.00105214	-7.42287
-0.000403213	-7.40762
-0.000727677	-7.43066
-0.0000787487	-7.41963
0.0145221	8.42109
0.00381482	8.42109
-0.0000787487	8.06515
-0.00105214	-7.43715
-0.000403213	-7.42157
-0.000403213	-7.40567
0.000894644	0.0768193
0.00284143	8.42304
0.0135488	8.42239
0.0236071	8.42109
0.03399	8.42174
0.0330166	8.43602
0.0330166	8.4185
0.0323677	7.75918
0.0223093	7.75853
0.0103041	7.75886
-0.00462125	-7.46927
-0.0584823	-7.53773
-0.183726	-7.5757
-0.289501	-7.59159
-0.415718	-7.6049
-0.540636	-7.61301
-0.613965	-7.61723
-0.634082	-7.61755
-0.655497	-7.61917
-0.667177	-7.6195
-0.681129	-7.61917
-0.718443	-7.6208
-0.789501	-7.62209
-0.867047	-7.62858
-0.929345	-7.63345
-0.966334	-7.63475
-0.986775	-7.6341
-1.00624	-7.63475
-1.01663	-7.63442
-0.99878	-7.63475
-0.985153	-7.63475
-0.972498	-7.63377
-0.930318	-7.63377
-0.812537	-7.62177
-0.694757	-7.62047
-0.558157	-7.61398
-0.387814	-7.6023
-0.233369	-7.58348
-0.061078	-7.54
0.0583248	7.75853
0.228993	7.75496
0.359428	7.75399
0.471692	7.75269
0.608941	7.75237
0.726072	7.75107
0.842555	7.75172
0.940543	7.75042
1.00609	7.75139
1.04664	7.75042
1.06514	7.75107
1.08006	7.75107
1.09337	7.75075
1.11251	7.75075
1.12711	7.75107
1.1164	7.75139
1.10537	7.75107
1.09466	7.75075
1.0726	7.75107
1.00349	7.75139
0.832172	7.75075
0.6641	7.75172
0.51582	7.75237
0.386358	7.75399
0.279285	7.75496
0.152744	7.75723
0.0304209	7.75853
-0.114939	-7.56174
-0.2444	-7.58738
-0.364128	-7.60133
-0.455302	-7.60976
-0.529605	-7.61398
-0.57795	-7.61723
-0.614614	-7.61852
-0.64414	-7.6195
-0.663933	-7.6208
-0.685023	-7.62112
-0.701895	-7.62145
-0.717145	-7.62209
-0.734017	-7.62209
-0.758027	-7.62307
-0.784958	-7.62274
-0.810915	-7.62339
-0.85342	-7.62664
-0.921882	-7.63442
-1.01273	-7.6354
-1.11559	-7.6354
-1.20838	-7.6354
-1.29729	-7.6354
-1.38035	-7.63572
-1.44849	-7.6354
-1.52603	-7.63572
-1.59677	-7.6354
-1.68762	-7.6354
-1.77847	-7.6354
-1.84109	-7.63507
-1.91312	-7.63507
-1.98548	-7.6354
-2.03544	-7.6354
-2.07016	-7.6354
-2.0945	-7.6354
-2.10877	-7.63475
-2.12045	-7.6354
-2.13116	-7.6354
-2.14382	-7.6354
-2.16199	-7.6354
-2.19768	-7.63507
-2.25576	-7.63507
-2.31156	-7.6354
-2.36023	-7.63507
-2.41637	-7.63507
-2.4738	-7.63507
-2.51663	-7.63507
-2.55297	-7.63507
-2.59547	-7.63507
-2.62694	-7.63507
-2.65095	-7.6354
-2.67334	-7.63475
-2.69216	-7.63507
-2.70222	-7.63507
-2.69184	-7.63507
-2.67918	-7.63475
-2.66653	-7.6354
-2.65387	-7.63475
-2.59223	-7.6354
-2.47185	-7.63507
-2.35634	-7.63507
-2.20968	-7.63475
-2.02895	-7.63475
-1.86153	-7.63475
-1.66166	-7.6354
-1.4699	-7.63475
-1.31611	-7.63507
-1.16004	-7.63507
-1.04193	-7.6354
-0.917988	-7.63377
-0.777171	-7.62242
-0.63538	-7.6182
-0.503323	-7.61106
-0.375484	-7.60133
-0.259975	-7.58867
-0.1688	-7.57277
-0.0377166	-7.52573
0.0440484	7.75951
0.114782	7.75691
0.151446	7.75788
0.178052	7.75626
0.163127	7.75626
0.14593	7.75691
0.0790905	7.75756
-0.0912532	-7.55298
-0.304751	-7.59484
-0.553939	-7.61496
-0.785282	-7.62274
-0.992291	-7.63442
-1.15193	-7.6354
-1.27198	-7.63507
-1.35018	-7.6354
-1.40858	-7.63507
-1.45043	-7.63507
-1.4991	-7.63475
-1.57243	-7.6354
-1.68275	-7.63507
-1.80572	-7.6354
-1.96796	-7.63475
-2.11137	-7.6354
-2.27068	-7.63507
-2.41247	-7.6354
-2.52474	-7.63507
-2.60585	-7.63442
-2.64706	-7.63507
-2.66847	-7.6354
-2.68275	-7.63475
-2.6675	-7.6354
-2.63862	-7.63507
-2.45725	-7.63507
-2.25705	-7.63475
-1.99261	-7.6354
-1.73759	-7.63475
-1.50397	-7.63475
-1.29015	-7.63475
-1.06562	-7.63507
-0.832654	-7.62242
-0.617534	-7.61788
-0.422531	-7.60587
-0.235315	-7.5851
-0.0192221	-7.50691
0.205632	7.75561
0.4214	7.75431
0.622568	7.75139
0.78837	7.75172
0.938272	7.75042
1.06644	7.75172
1.21147	7.75042
1.29453	7.75172
1.36397	7.75042
1.44152	7.75204
1.52231	7.75075
1.59499	7.75172
1.63814	7.75042
1.66799	7.75172
1.68357	7.75075
1.66767	7.75075
1.65404	7.75172
1.63879	7.7501
1.60862	7.75172
1.48045	7.75042
1.25398	7.75237
0.993431	7.75075
0.760141	7.75204
0.540479	7.75204
0.298753	7.75561
0.0628673	7.75821
-0.146412	-7.5705
-0.287554	-7.59419
-0.417015	-7.60684
-0.564647	-7.61723
-0.705789	-7.62242
-0.855367	-7.62761
-0.975419	-7.63605
-1.06497	-7.63637
-1.10164	-7.6354
-1.11948	-7.63637
-1.10553	-7.6354
-1.09287	-7.63605
-1.06886	-7.63572
-0.964711	-7.63572
-0.782687	-7.62242
-0.565945	-7.61593
-0.349202	-7.59971
-0.122726	-7.56304
0.115755	7.75788
0.358454	7.75367
0.569356	7.75302
0.770848	7.75107
0.953197	7.75139
1.14301	7.75042
1.29518	7.75107
1.424	7.75042
1.58817	7.75172
1.74359	7.75042
1.8737	7.75172
2.01841	7.7501
2.17383	7.75139
2.31043	7.75075
2.42724	7.75172
2.51679	7.75042
2.54826	7.75172
2.55832	7.75042
2.54372	7.75172
2.51841	7.75075
2.44314	7.75172
2.17838	7.75075
1.92886	7.75172
1.67026	7.75042
1.28837	7.75204
0.902905	7.75075
0.576494	7.75269
0.299402	7.75496
0.0171179	7.75951
-0.238884	-7.58738
-0.453031	-7.60944
-0.677885	-7.62209
-0.951084	-7.63605
-1.24408	-7.63702
-1.41507	-7.63669
-1.55297	-7.63702
-1.62792	-7.63637
-1.6967	-7.63669
-1.74018	-7.63637
-1.7616	-7.63669
-1.75024	-7.63605
-1.73434	-7.63605
-1.72201	-7.63605
-1.70222	-7.63669
-1.6357	-7.63605
-1.45725	-7.63637
-1.22526	-7.63572
-0.940052	-7.63572
-0.588657	-7.61723
-0.177885	-7.57634
0.267929	7.75626
0.688435	7.75107
1.07617	7.75139
1.42335	7.75075
1.73808	7.75139
1.97883	7.75075
2.22088	7.75172
2.49213	7.75075
2.73061	7.75139
2.94833	7.75107
3.14658	7.75139
3.38214	7.75075
3.59726	7.75139
3.80297	7.75075
3.98791	7.75172
4.16313	7.75107
4.32666	7.75139
4.46293	7.75107
4.66799	7.75172
4.87954	7.75075
5.09531	7.75107
5.33574	7.75042
5.54924	7.75172
5.74684	7.75075
5.93957	7.75172
6.07228	7.75042
6.15307	7.75172
6.20044	7.75107
6.22218	7.75139
6.23257	7.75172
6.24327	7.75075
6.23127	7.75107
6.21991	7.75107
6.23062	7.75107
6.25593	7.75107
6.3325	7.75107
6.49117	7.75139
6.62225	7.75139
6.71797	7.75172
6.80752	7.75042
6.90226	7.75139
6.95321	7.75139
6.99214	7.75172
7.01745	7.75107
7.0606	7.75107
7.17644	7.75075
7.33997	7.75172
7.50512	7.75139
7.67125	7.75139
7.84809	7.75107
8.00091	7.75302
8.14595	7.75431
8.29617	7.75723
8.46814	7.75853
8.68197	7.75886
9.11935	7.75918
8.49702	7.75918
8.19624	7.75496
7.9584	7.75204
7.75107	7.75107
7.55055	7.75075
7.36528	7.75075
7.16119	7.75107
6.86917	7.75075
6.60116	7.75139
6.31141	7.75075
6.08526	7.75139
5.87468	7.75107
5.69817	7.75107
5.51452	7.75075
5.34483	7.75107
5.17708	7.75075
5.03529	7.75139
4.88149	7.75075
4.71017	7.75107
4.50933	7.75107
4.31465	7.75107
4.10407	7.75075
3.92984	7.75139
3.78026	7.75107
3.67253	7.75107
3.55118	7.75107
3.46553	7.75107
3.35391	7.75075
3.23451	7.75139
3.13068	7.75075
3.03334	7.75107
2.93438	7.75075
2.82471	7.75107
2.68746	7.75107
2.53529	7.75107
2.37792	7.75042
2.21601	7.75139
2.04989	7.75107
1.90842	7.75139
1.79259	7.75107
1.63522	7.75139
1.44801	7.75075
1.31011	7.75139
1.20011	7.75107
1.10797	7.75139
1.03529	7.75075
0.969096	7.75139
0.90907	7.75107
0.841582	7.75172
0.769551	7.75107
0.689083	7.75172
0.600505	7.75172
0.506735	7.75302
0.427241	7.75367
0.354236	7.75496
0.298428	7.75496
0.241972	7.75626
0.188111	7.75659
0.127436	7.75788
0.0690322	7.75821
-0.015653	-7.50334
-0.0925511	-7.55623
-0.170747	-7.57602
-0.25673	-7.5903
-0.355692	-7.60198
-0.433563	-7.60944
-0.498132	-7.61366
-0.560104	-7.61755
-0.606827	-7.6195
-0.658092	-7.62209
-0.727203	-7.62404
-0.782362	-7.62501
-0.824867	-7.62469
-0.869319	-7.63085
-0.915717	-7.63572
-0.955951	-7.63669
-0.997158	-7.63734
-1.03999	-7.63734
-1.08217	-7.63669
-1.10877	-7.63734
-1.12759	-7.63669
-1.14479	-7.63734
-1.15582	-7.63702
-1.16945	-7.63702
-1.15258	-7.63669
-1.14057	-7.63702
-1.13051	-7.63669
-1.11818	-7.63637
-1.09515	-7.63637
-1.06627	-7.63605
-1.02701	-7.63669
-0.99294	-7.63669
-0.948488	-7.63637
-0.900467	-7.63377
-0.833952	-7.62404
-0.758352	-7.62339
-0.619806	-7.61917
-0.44427	-7.60879
-0.283336	-7.59322
-0.0964447	-7.55623
0.0534579	7.75821
0.151771	7.75723
0.248136	7.75594
0.315301	7.75529
0.372082	7.75399
0.430161	7.75367
0.487267	7.75237
0.582659	7.75204
0.708227	7.75139
0.85456	7.75107
0.980777	7.75107
1.0726	7.75107
1.16021	7.75107
1.21958	7.75139
1.28448	7.75075
1.36527	7.75107
1.46423	7.75075
1.57584	7.75139
1.67026	7.75107
1.75138	7.75139
1.88149	7.75139
2.01549	7.75139
2.16053	7.75107
2.27669	7.75139
2.35553	7.75107
2.43373	7.75139
2.52653	7.75107
2.59304	7.75139
2.68811	7.75107
2.78837	7.75139
2.93308	7.75075
3.04437	7.75204
3.16734	7.75107
3.28772	7.75172
3.39479	7.75139
3.47623	7.75139
3.52069	7.75107
3.56611	7.75139
3.60699	7.75107
3.631	7.75139
3.67318	7.75107
3.7835	7.75139
3.97202	7.75107
4.1508	7.75172
4.33315	7.75075
4.49732	7.75172
4.68097	7.75075
4.81498	7.75139
4.9055	7.75107
4.96034	7.75107
5.00609	7.75107
5.0606	7.75139
5.16507	7.75107
5.3007	7.75139
5.45547	7.75075
5.58688	7.75139
5.741	7.75107
5.9386	7.75172
6.15405	7.75107
6.32731	7.75139
6.45288	7.75107
6.51583	7.75139
6.55995	7.75075
6.64172	7.75172
6.81661	7.75075
7.00415	7.75107
7.18877	7.75075
7.36463	7.75139
7.52264	7.75139
7.64464	7.75204
7.78579	7.75107
7.89513	7.75172
7.96781	7.75237
8.0207	7.75302
8.09922	7.75367
8.23355	7.75659
8.38638	7.75788
8.55413	7.75951
8.71928	7.75918
8.84258	7.75918
9.11967	7.75918
8.5564	7.75918
8.24231	7.75529
7.9584	7.75237
7.69039	7.75075
7.461	7.75107
7.24231	7.75042
6.99312	7.75204
6.63296	7.75075
6.20985	7.75107
5.80232	7.75107
5.45125	7.75139
5.09726	7.75042
4.76728	7.75107
4.4957	7.75107
4.18779	7.75139
3.89642	7.75075
3.60602	7.75172
3.30881	7.75075
2.96066	7.75172
2.64755	7.75075
2.36916	7.75139
2.11154	7.75075
1.92594	7.75139
1.78285	7.75042
1.62387	7.75139
1.45579	7.75042
1.29064	7.75139
1.15047	7.75075
1.00933	7.75139
0.887331	7.75075
0.754301	7.75172
0.639116	7.75172
0.543075	7.75302
0.435677	7.75302
0.317572	7.75529
0.202063	7.75561
0.0839575	7.75853
-0.0192221	-7.51015
-0.119157	-7.56434
-0.201896	-7.58251
-0.273602	-7.59257
-0.359585	-7.60263
-0.422856	-7.60814
-0.490344	-7.61366
-0.556211	-7.61723
-0.607476	-7.62015
-0.657444	-7.62145
-0.709682	-7.62339
-0.747969	-7.62404
-0.777171	-7.62534
-0.79599	-7.62469
-0.810915	-7.62534
-0.825192	-7.62469
-0.845957	-7.62696
-0.879377	-7.63248
-0.9261	-7.63637
-0.976716	-7.63637
-1.03252	-7.63799
-1.09612	-7.63734
-1.16296	-7.63734
-1.2616	-7.63702
-1.30929	-7.63767
-1.34563	-7.63669
-1.37548	-7.63767
-1.39365	-7.63669
-1.40598	-7.63637
-1.38489	-7.63669
-1.36413	-7.63799
-1.23953	-7.63637
-1.01273	-7.63702
-0.822596	-7.62404
-0.618832	-7.6195
-0.406633	-7.60522
-0.201571	-7.58121
0.0369102	7.75951
0.269876	7.75529
0.498947	7.75334
0.743918	7.75042
0.983373	7.75172
1.24294	7.75075
1.50868	7.75172
1.75949	7.75107
2.00576	7.75172
2.26306	7.75042
2.47558	7.75204
2.68486	7.75042
2.88441	7.75172
3.10732	7.75075
3.41329	7.75204
3.71569	7.75075
4.03658	7.75139
4.35975	7.75107
4.71212	7.75172
5.0408	7.75075
5.36722	7.75172
5.65145	7.75042
5.87501	7.75107
6.07325	7.75042
6.17676	7.75204
6.30006	7.7501
6.42822	7.75172
6.50642	7.75042
6.54308	7.75204
6.56677	7.75042
6.58429	7.75204
6.59564	7.75172
6.55184	7.75204
6.36884	7.75042
6.08656	7.75204
5.84029	7.7501
5.56384	7.75172
5.22964	7.75075
4.80557	7.75172
4.32763	7.75042
3.76987	7.75172
3.25754	7.75075
2.76241	7.75172
2.29064	7.75042
1.88798	7.75204
1.57682	7.75042
1.31757	7.75204
1.11965	7.75075
0.968447	7.75139
0.83347	7.75042
0.712769	7.75237
0.594989	7.75172
0.468772	7.75367
0.314003	7.75464
0.154042	7.75788
0.0077084	7.75853
-0.137652	-7.56953
-0.232071	-7.58802
-0.322596	-7.59906
-0.403063	-7.60782
-0.484504	-7.61333
-0.573732	-7.61885
-0.655172	-7.62177
-0.755756	-7.62566
-0.870617	-7.6315
-0.985477	-7.63864
-1.08768	-7.63734
-1.14868	-7.63832
-1.19151	-7.63832
-1.24278	-7.63832
-1.30053	-7.63767
-1.35407	-7.63799
-1.39917	-7.63767
-1.43356	-7.63832
-1.46309	-7.63734
-1.48418	-7.63767
-1.50138	-7.63702
-1.51176	-7.63799
-1.48353	-7.63734
-1.43389	-7.63767
-1.32519	-7.63767
-1.16588	-7.63734
-0.99878	-7.63702
-0.806048	-7.62501
-0.597093	-7.61885
-0.343686	-7.601
-0.0863863	-7.55266
0.204334	7.75594
0.486293	7.75334
0.760141	7.75042
1.0288	7.75107
1.30427	7.75107
1.53204	7.75172
1.72704	7.75075
1.91199	7.75139
2.12873	7.75107
2.34775	7.75204
2.5726	7.75042
2.77636	7.75172
3.01257	7.75042
3.24457	7.75172
3.50608	7.75042
3.73061	7.75139
3.9678	7.75075
4.23159	7.75139
4.48856	7.75075
4.81043	7.75172
5.07325	7.75075
5.32114	7.75172
5.5116	7.75075
5.62614	7.75204
5.71731	7.75042
5.81465	7.75139
5.9227	7.75107
6.0142	7.75107
6.1216	7.75107
6.22478	7.75172
6.34094	7.75075
6.42952	7.75139
6.46845	7.75075
6.47981	7.75042
6.46618	7.75075
6.43179	7.75172
6.27507	7.75075
6.0129	7.75172
5.73711	7.75107
5.50739	7.75172
5.24684	7.75042
4.9373	7.75204
4.58104	7.75075
4.15372	7.75172
3.70498	7.75075
3.28058	7.75204
2.85845	7.75042
2.49408	7.75204
2.2543	7.75107
2.06514	7.75139
1.94703	7.75042
1.87857	7.75172
1.79778	7.75075
1.71828	7.75172
1.62419	7.75075
1.43503	7.75204
1.23094	7.75075
1.01355	7.75172
0.833146	7.75075
0.686488	7.75237
0.553782	7.75204
0.46715	7.75399
0.389603	7.75334
0.340284	7.75496
0.299726	7.75464
0.248136	7.75691
0.167669	7.75659
0.079415	7.75886
0.000894644	7.75788
-0.0675673	-7.54584
-0.105205	-7.56077
-0.125971	-7.56661
-0.142519	-7.57083
-0.156146	-7.57342
-0.167178	-7.5757
-0.177236	-7.57829
-0.254134	-7.58965
-0.396899	-7.6062
-0.539014	-7.61593
-0.671395	-7.62242
-0.807346	-7.62469
-0.936807	-7.63734
-1.02376	-7.63702
-1.08152	-7.63767
-1.1211	-7.63702
-1.17496	-7.63799
-1.28788	-7.63734
-1.40241	-7.63734
-1.5919	-7.63734
-1.79015	-7.63767
-1.94557	-7.63734
-2.04193	-7.63767
-2.11137	-7.63669
-2.1847	-7.63702
-2.23759	-7.63702
-2.26679	-7.63734
-2.2921	-7.63669
-2.32389	-7.63734
-2.37451	-7.63702
-2.46082	-7.63702
-2.55686	-7.63734
-2.637	-7.63767
-2.67821	-7.63702
-2.74051	-7.63702
-2.77263	-7.63702
-2.79339	-7.63734
-2.81091	-7.63702
-2.82487	-7.63734
-2.83493	-7.63734
-2.84725	-7.63702
-2.81611	-7.63637
-2.77003	-7.63702
-2.61624	-7.63669
-2.36705	-7.63767
-2.07795	-7.63702
-1.76906	-7.63734
-1.39949	-7.63669
-1.06043	-7.63734
-0.785607	-7.62404
-0.557833	-7.61658
-0.345309	-7.60035
-0.168476	-7.57537
0.075197	7.75918
0.263062	7.75529
0.428539	7.75431
0.593367	7.75139
0.744242	7.75237
0.910368	7.75075
1.07065	7.75237
1.23678	7.75042
1.37403	7.75172
1.49765	7.75042
1.59531	7.75172
1.70693	7.75075
1.86559	7.75172
2.0275	7.75042
2.17059	7.75172
2.29745	7.75075
2.43081	7.75237
2.60115	7.75107
2.75949	7.75172
2.9068	7.75107
3.03496	7.75204
3.14658	7.75075
3.24813	7.75172
3.3325	7.75075
3.40582	7.75204
3.47364	7.75107
3.52166	7.75204
3.5739	7.75075
3.63522	7.75204
3.66961	7.75107
3.68908	7.75204
3.69979	7.75139
