-8.89141	-7.63215
-8.61724	-7.63248
-8.37356	-7.63248
-8.16233	-7.63313
-8.00334	-7.63215
-7.68017	-7.63215
-7.58381	-7.6328
-7.51567	-7.63248
-7.45142	-7.63248
-7.29276	-7.63183
-7.01599	-7.63248
-6.68049	-7.63248
-6.2973	-7.63215
-5.25122	-7.63215
-4.67172	-7.63248
-3.99164	-7.63248
-3.31643	-7.63248
-2.64446	-7.63248
-1.87191	-7.63215
-1.17561	-7.6328
-0.621752	-7.6156
-0.110072	-7.55623
0.325035	8.4172
0.665722	8.41298
1.00057	8.41233
1.04015	8.41298
1.05735	8.41233
1.07098	8.41266
1.08331	8.41233
1.09791	8.41298
1.15956	8.41266
1.25592	8.41298
1.38246	8.41266
1.50479	8.41331
1.60472	8.41266
1.74165	8.41331
1.89414	8.41233
2.01192	8.41266
2.16702	8.41233
2.32114	8.41363
2.48175	8.41298
2.62322	8.41298
2.76598	8.41266
2.86397	8.41331
2.94801	8.41266
3.02425	8.41363
3.09174	8.41266
3.16734	8.41331
3.31238	8.41233
3.47137	8.41331
3.64723	8.41266
3.79291	8.41363
3.92756	8.41266
4.0434	8.41363
4.12711	8.41266
4.18389	8.41396
4.23321	8.41266
4.26987	8.41363
4.31822	8.41266
4.36721	8.41331
4.41686	8.41298
4.4678	8.41331
4.51387	8.41266
4.55411	8.41331
4.5859	8.41298
4.619	8.41363
4.63847	8.41266
4.65177	8.41363
4.66442	8.41266
4.68292	8.41298
4.6933	8.41266
4.70628	8.41298
4.72575	8.41363
4.76339	8.41298
4.82795	8.41396
4.8909	8.41298
4.97202	8.41363
5.07293	8.41266
5.16021	8.41363
5.24716	8.41331
5.30881	8.41396
5.36462	8.41266
5.39869	8.41396
5.44119	8.41298
5.49863	8.41363
5.58753	8.41298
5.68357	8.41396
5.80622	8.41298
5.92627	8.41396
6.07488	8.41266
6.18292	8.41363
6.27312	8.41298
6.37371	8.41428
6.47072	8.41331
6.78091	8.41396
6.95645	8.41298
7.04795	8.41363
7.1268	8.41298
7.19461	8.41363
7.27021	8.41331
7.37501	8.41428
7.54146	8.41396
7.96327	8.42109
8.09273	8.42109
8.17774	8.42272
8.23582	8.42174
8.25594	8.42239
8.27346	8.42304
8.28709	8.42239
8.29909	8.42239
8.31791	8.42207
8.3283	8.42174
8.3416	8.42239
8.35198	8.42012
8.36464	8.42045
8.40292	8.42142
8.76049	8.42045
8.40876	8.42142
8.21376	8.42012
8.10669	8.42142
8.04114	8.41882
7.99053	8.42012
7.93277	8.41785
7.72154	8.41525
7.38669	8.41071
7.10992	8.41233
6.8033	8.41168
6.54243	8.41298
6.1813	8.41136
5.76598	8.41266
5.36949	8.41168
5.05735	8.41266
4.70563	8.41168
4.35326	8.41266
3.96163	8.41136
3.53821	8.41266
3.07779	8.41168
2.64268	8.41298
2.24294	8.41201
1.90712	8.41298
1.55281	8.41201
1.29713	8.41298
1.01971	8.41168
0.781556	8.41298
0.597909	8.41298
0.452549	8.4159
0.335417	8.41623
0.234509	8.41882
0.116728	8.42012
-0.0244136	-7.5108
-0.190864	-7.57505
-0.389111	-7.60003
-0.541285	-7.61171
-0.685347	-7.61755
-0.834277	-7.62047
-1.05069	-7.63183
-1.2298	-7.63215
-1.39982	-7.63183
-1.5455	-7.6328
-1.71293	-7.63183
-1.88976	-7.63215
-2.09579	-7.63215
-2.28398	-7.6328
-2.49586	-7.63183
-2.71033	-7.63248
-2.89592	-7.63215
-3.12305	-7.6328
-3.32973	-7.63215
-3.50494	-7.63248
-3.66491	-7.63248
-3.73791	-7.63215
-3.76322	-7.63215
-3.75316	-7.63248
-3.78334	-7.6328
-3.93032	-7.63183
-4.19346	-7.63248
-4.40144	-7.63215
-4.55686	-7.6328
-4.75057	-7.63183
-4.83331	-7.63215
-4.84661	-7.63248
-4.85764	-7.63215
-4.84758	-7.63313
-4.83039	-7.6328
-4.81416	-7.63248
-4.76744	-7.6328
-4.65031	-7.63248
-4.50916	-7.6328
-4.27458	-7.63215
-3.98191	-7.6328
-3.6516	-7.63215
-3.29047	-7.6328
-2.8784	-7.6328
-2.42513	-7.6328
-1.93421	-7.63313
-1.51111	-7.6328
-1.12694	-7.63248
-0.751863	-7.61982
-0.465036	-7.60652
-0.284958	-7.58965
-0.228177	-7.58121
-0.214874	-7.57959
-0.14479	-7.56596
0.23678	8.4185
0.63068	8.41331
1.07033	8.41298
1.65144	8.41266
2.4068	8.41363
3.10569	8.41298
3.70044	8.41331
4.16702	8.41266
4.36721	8.41331
4.43535	8.41266
4.45774	8.41363
4.48175	8.41298
4.60699	8.41331
4.87598	8.41298
5.14918	8.41331
5.45709	8.41266
5.91232	8.41363
6.46521	8.41266
7.14302	8.41363
7.8695	8.41817
8.76211	8.42304
7.91006	8.4185
7.32407	8.41201
6.70369	8.41233
6.08266	8.41201
5.42497	8.41201
4.77864	8.41201
3.86721	8.41266
2.8299	8.41266
1.9068	8.41233
1.13749	8.41233
0.594989	8.41396
0.180972	8.41882
-0.249267	-7.58413
-0.536418	-7.61139
-0.767112	-7.6195
-0.951408	-7.63248
-1.20254	-7.63183
-1.3823	-7.63215
-1.51598	-7.63248
-1.63473	-7.63248
-1.73207	-7.63215
-1.7908	-7.6328
-1.81968	-7.63215
-1.83525	-7.6328
-1.99002	-7.6328
-2.40825	-7.6328
-2.85829	-7.63313
-3.3041	-7.63248
-3.80151	-7.6328
-4.24148	-7.63215
-4.92837	-7.6328
-5.60618	-7.63215
-6.13961	-7.63248
-6.68503	-7.63215
-7.21132	-7.63313
-7.71587	-7.63215
-8.20386	-7.63313
-8.70744	-7.63248
-9.23405	-7.6328
-8.78596	-7.6328
-8.46571	-7.6328
-8.17953	-7.6328
-8.05299	-7.63248
-8.02314	-7.6328
-8.01275	-7.63248
-8.00172	-7.63248
-7.9842	-7.6328
-7.65811	-7.63248
-7.32131	-7.63313
-7.04097	-7.6328
-6.79568	-7.6328
-6.58867	-7.6328
-6.33396	-7.6328
-6.12468	-7.63248
-5.85505	-7.63313
-5.49002	-7.6328
-5.02799	-7.63313
-4.25641	-7.63248
-3.26484	-7.63345
-2.15907	-7.63313
-0.978014	-7.63313
0.151122	8.4198
1.27117	8.41266
2.31497	8.41331
3.23418	8.41298
3.91718	8.41331
4.32568	8.41298
4.47721	8.41331
4.49278	8.41266
4.50868	8.41396
4.52166	8.41428
4.5408	8.41396
4.56319	8.41331
4.80589	8.41428
5.08688	8.41266
5.2715	8.41396
5.45515	8.41331
5.71472	8.41428
5.9837	8.41331
6.38539	8.41428
6.85814	8.41298
7.31142	8.41428
7.72998	8.41655
8.23582	8.42304
8.76179	8.42239
8.31499	8.42045
8.01162	8.42012
7.67482	8.41428
7.27962	8.41233
6.8033	8.41168
6.32569	8.41233
5.86884	8.41201
5.42562	8.41266
5.00576	8.41201
4.51842	8.41233
4.04502	8.41201
3.54502	8.41266
3.24165	8.41233
3.02458	8.41298
2.81595	8.41201
2.65339	8.41266
2.55248	8.41201
2.43697	8.41298
2.25041	8.41233
2.0275	8.41266
1.74165	8.41233
1.38117	8.41298
1.13782	8.41266
0.92724	8.41363
0.711796	8.41266
0.539181	8.41461
0.361375	8.4159
0.213094	8.41915
0.0404793	8.42077
-0.230448	-7.58154
-0.406633	-7.60198
-0.500403	-7.60912
-0.600338	-7.61431
-0.695081	-7.61788
-0.759001	-7.6195
-0.816431	-7.61982
-0.874835	-7.62729
-0.942323	-7.63215
-1.03836	-7.6328
-1.1503	-7.63248
-1.3041	-7.6328
-1.41864	-7.63215
-1.50397	-7.63313
-1.58898	-7.63248
-1.66685	-7.63248
-1.72818	-7.63183
-1.81383	-7.6328
-1.91929	-7.63248
-2.04485	-7.63313
-2.19995	-7.6328
-2.33979	-7.63248
-2.4725	-7.63215
-2.62694	-7.6328
-2.75803	-7.63248
-2.88424	-7.63215
-2.99002	-7.63248
-3.07114	-7.63313
-3.14252	-7.63215
-3.20125	-7.63313
-3.26873	-7.63248
-3.37451	-7.63248
-3.47996	-7.63248
-3.60845	-7.63248
-3.74764	-7.63215
-3.85731	-7.63215
-3.93908	-7.6328
-3.98645	-7.6328
-4.02084	-7.63248
-4.04226	-7.63313
-4.0614	-7.63183
-4.0786	-7.63248
-4.09028	-7.63183
-4.1065	-7.6328
-4.14641	-7.63248
-4.21131	-7.6328
-4.33622	-7.63248
-4.48191	-7.6328
-4.58769	-7.63248
-4.67334	-7.63313
-4.73597	-7.63215
-4.75673	-7.6328
-4.76711	-7.6328
-4.78139	-7.63248
-4.82455	-7.63215
-4.87906	-7.63248
-4.94654	-7.63248
-5.0215	-7.6328
-5.19281	-7.63215
-5.39852	-7.6328
-5.61073	-7.63215
-5.84467	-7.6328
-6.11559	-7.63248
-6.28854	-7.63313
-6.42968	-7.63248
-6.56595	-7.6328
-6.68309	-7.63215
-6.75739	-7.6328
-6.78562	-7.63248
-6.796	-7.6328
-6.81579	-7.63313
-6.87809	-7.63248
-6.99652	-7.63248
-7.08964	-7.6328
-7.17757	-7.63313
-7.24409	-7.63248
-7.31093	-7.63313
-7.37712	-7.6328
-7.40697	-7.63313
-7.44137	-7.63248
-7.46667	-7.63313
-7.48387	-7.6328
-7.49912	-7.63248
-7.5121	-7.6328
-7.50009	-7.63248
-7.48549	-7.63313
-7.46278	-7.6328
-7.40567	-7.63215
-7.29438	-7.6328
-7.16687	-7.6328
-7.03156	-7.6328
-6.88231	-7.6328
-6.72008	-7.63313
-6.60067	-7.6328
-6.51047	-7.63313
-6.41183	-7.6328
-6.34726	-7.63313
-6.28951	-7.63215
-6.2217	-7.6328
-6.14934	-7.63215
-6.01696	-7.6328
-5.86348	-7.63215
-5.71715	-7.63248
-5.57893	-7.63248
-5.47834	-7.63248
-5.38522	-7.6328
-5.32779	-7.6328
-5.28821	-7.6328
-5.25998	-7.6328
-5.24473	-7.63248
-5.23272	-7.6328
-5.2152	-7.6328
-5.18989	-7.6328
-5.14836	-7.63248
-5.08055	-7.63313
-5.01371	-7.6328
-4.97412	-7.6328
-4.92805	-7.6328
-4.87581	-7.6328
-4.83006	-7.63248
-4.77458	-7.6328
-4.73013	-7.63248
-4.67205	-7.63313
-4.60748	-7.63248
-4.51533	-7.63313
-4.38489	-7.6328
-4.25576	-7.6328
-4.09223	-7.63248
-3.96406	-7.63313
-3.84953	-7.63248
-3.77425	-7.6328
-3.73532	-7.63248
-3.71617	-7.63345
-3.70157	-7.6328
-3.68957	-7.6328
-3.67302	-7.6328
-3.63733	-7.63248
-3.56919	-7.63248
-3.50332	-7.63313
-3.43486	-7.63248
-3.35991	-7.63345
-3.2762	-7.63248
-3.21098	-7.63345
-3.13376	-7.6328
-3.07016	-7.63313
-3.00722	-7.63248
-2.9235	-7.6328
-2.81838	-7.63313
-2.70903	-7.63248
-2.5906	-7.6328
-2.45173	-7.63313
-2.36186	-7.6328
-2.29307	-7.63313
-2.21455	-7.63248
-2.13668	-7.6328
-2.04161	-7.63248
-1.93486	-7.63313
-1.79274	-7.6328
-1.57081	-7.63313
-1.34855	-7.63248
-1.15744	-7.63313
-0.939728	-7.63215
-0.698975	-7.61917
-0.51695	-7.61009
-0.43551	-7.60457
-0.383271	-7.60003
-0.34758	-7.59679
-0.320325	-7.59419
-0.300857	-7.59192
-0.286581	-7.58997
-0.276522	-7.589
-0.265815	-7.58738
-0.280091	-7.58932
-0.291123	-7.59095
-0.301182	-7.59192
-0.316107	-7.59354
-0.343038	-7.59679
-0.418638	-7.6036
-0.487424	-7.60879
-0.564971	-7.61366
-0.662959	-7.61755
-0.75024	-7.61982
-0.832654	-7.6208
-0.935509	-7.63215
-1.0348	-7.63313
-1.14803	-7.63313
-1.28528	-7.63313
-1.39722	-7.6328
-1.50722	-7.6328
-1.6211	-7.6328
-1.7139	-7.63313
-1.7908	-7.6328
-1.85374	-7.63313
-1.88684	-7.63345
-1.91604	-7.63313
-1.95271	-7.6328
-2.02117	-7.63345
-2.08184	-7.6328
-2.13603	-7.63313
-2.1847	-7.6328
-2.21779	-7.6328
-2.2457	-7.63313
-2.25965	-7.6328
-2.24959	-7.63345
-2.22785	-7.63313
-2.19443	-7.63313
-2.11429	-7.63313
-2.00689	-7.6328
-1.90825	-7.63345
-1.82227	-7.63313
-1.75121	-7.63313
-1.69443	-7.63313
-1.62954	-7.63313
-1.55718	-7.63313
-1.47217	-7.63313
-1.3664	-7.6328
-1.23986	-7.63313
-1.12143	-7.63248
-0.94719	-7.6328
-0.768735	-7.61982
-0.597093	-7.61528
-0.45076	-7.6062
-0.336224	-7.59581
-0.251539	-7.5851
-0.171396	-7.5718
-0.122726	-7.56077
-0.0484239	-7.53124
0.0508622	8.42142
0.154691	8.41947
0.238078	8.41915
0.338338	8.41623
0.453522	8.41493
0.548266	8.41428
0.619648	8.41396
0.670265	8.41298
0.705631	8.41363
0.750732	8.41266
0.795508	8.41331
0.837688	8.41298
0.883438	8.41331
0.912315	8.41298
0.931458	8.41331
0.947357	8.41298
0.936001	8.41298
0.925294	8.41363
0.912639	8.41363
0.893496	8.41396
0.862023	8.41298
0.789018	8.41363
0.66994	8.41396
0.547293	8.41493
0.412315	8.4159
0.282854	8.41882
0.157935	8.4198
0.0239316	8.42239
-0.0724343	-7.54455
-0.198975	-7.57764
-0.297288	-7.59192
-0.375808	-7.60003
-0.454329	-7.60717
-0.508514	-7.61041
-0.57146	-7.61431
-0.64122	-7.61723
-0.711954	-7.61917
-0.774251	-7.6208
-0.819027	-7.62145
-0.858287	-7.62599
-0.90501	-7.63183
-0.947515	-7.63313
-0.999753	-7.63345
-1.04096	-7.63345
-1.1065	-7.63377
-1.16166	-7.63345
-1.21779	-7.63345
-1.27944	-7.63345
-1.35374	-7.63345
-1.42675	-7.63313
-1.48515	-7.63313
-1.52831	-7.63345
-1.55751	-7.63377
-1.57308	-7.63345
-1.58379	-7.63313
-1.5945	-7.63313
-1.576	-7.63313
-1.56432	-7.63313
-1.54258	-7.63345
-1.51371	-7.63345
-1.44557	-7.6328
-1.37483	-7.63345
-1.29664	-7.63313
-1.18275	-7.63313
-1.00657	-7.63345
-0.825841	-7.62112
-0.656146	-7.61755
-0.507865	-7.61074
-0.410526	-7.60295
-0.324543	-7.59451
-0.262246	-7.58705
-0.205465	-7.57829
-0.148683	-7.56726
-0.0961202	-7.55298
-0.0195466	-7.50399
0.0972605	8.42012
0.208876	8.41882
0.333795	8.41655
0.436326	8.41525
0.522309	8.41461
0.589797	8.41461
0.63652	8.41331
0.682919	8.41396
0.753327	8.41331
0.827305	8.41331
0.902257	8.41298
0.988889	8.41331
1.08882	8.41298
1.1787	8.41331
1.25592	8.41331
1.31141	8.41363
1.35067	8.41298
1.36332	8.41331
1.34645	8.41363
1.33607	8.41298
1.32309	8.41363
1.30329	8.41331
1.23516	8.41363
1.12159	8.41331
0.98824	8.41363
0.860725	8.41331
0.694924	8.41428
0.466176	8.41558
0.224126	8.4198
0.006735	8.42207
-0.197029	-7.57764
-0.361532	-7.59971
-0.518248	-7.61139
-0.650954	-7.61788
-0.796963	-7.62112
-0.954328	-7.63377
-1.08768	-7.63377
-1.22623	-7.63377
-1.35504	-7.6341
-1.47574	-7.6341
-1.55491	-7.63377
-1.6052	-7.6341
-1.62986	-7.63377
-1.6409	-7.63377
-1.625	-7.63377
-1.60715	-7.63377
-1.59385	-7.63313
-1.53772	-7.63345
-1.43356	-7.63313
-1.30345	-7.63377
-1.19995	-7.63377
-1.10812	-7.63345
-1.01338	-7.63377
-0.92902	-7.6328
-0.833628	-7.62145
-0.734017	-7.61982
-0.61137	-7.61593
-0.463738	-7.60782
-0.325192	-7.59484
-0.195082	-7.57667
-0.0669184	-7.5413
0.0213359	8.42109
0.0979095	8.42142
0.151771	8.4198
0.200765	8.41947
0.259493	8.41785
0.334768	8.41753
0.433081	8.41558
0.52458	8.41525
0.605372	8.41363
0.675456	8.41428
0.746514	8.41331
0.82763	8.41363
0.90031	8.41298
0.968772	8.41363
1.00868	8.41298
1.06189	8.41363
1.11154	8.41298
1.15307	8.41363
1.192	8.41298
1.23418	8.41363
1.27312	8.41331
1.29259	8.41363
1.30621	8.41298
1.31627	8.41396
1.30589	8.41363
1.29129	8.41298
1.27928	8.41396
1.25949	8.41396
1.22575	8.41363
1.13976	8.41331
1.02328	8.41428
0.90615	8.41331
0.771173	8.41396
0.621595	8.41396
0.485969	8.4159
0.345151	8.4172
0.221206	8.4198
0.108617	8.42109
-0.00948821	-7.48776
-0.123051	-7.56207
-0.246996	-7.5851
-0.33525	-7.59679
-0.410851	-7.60327
-0.472174	-7.60879
-0.533174	-7.61236
-0.588008	-7.6156
-0.641545	-7.61755
-0.683725	-7.61917
-0.709358	-7.61917
-0.720714	-7.62015
-0.709033	-7.62015
-0.698002	-7.61917
-0.685996	-7.6195
-0.654848	-7.6182
-0.582492	-7.61496
-0.476717	-7.60912
-0.388138	-7.60133
-0.246996	-7.58543
-0.0983914	-7.55396
0.0326921	8.42174
0.177079	8.42045
0.283179	8.41785
0.38214	8.4172
0.493107	8.41525
0.602776	8.41493
0.695573	8.41331
0.782854	8.41363
0.835092	8.41298
0.894145	8.41363
0.971043	8.41298
1.05313	8.41396
1.14755	8.41331
1.21244	8.41396
1.26987	8.41363
1.3273	8.41396
1.36949	8.41298
1.41718	8.41363
1.47072	8.41363
1.5103	8.41396
1.53756	8.41331
1.59531	8.41396
1.67351	8.41331
1.77117	8.41428
1.88052	8.41363
1.99635	8.41428
2.10537	8.41331
2.20563	8.41428
2.29291	8.41298
2.38344	8.41428
2.5142	8.41363
2.58104	8.41396
2.64333	8.41331
2.70109	8.41428
2.76144	8.41331
2.80232	8.41428
2.82698	8.41331
2.81238	8.41331
2.80037	8.41428
2.77928	8.41461
2.71504	8.41331
2.59499	8.41461
2.45936	8.41331
2.33217	8.41428
2.20433	8.41331
2.06287	8.41461
1.91069	8.41298
1.74132	8.41461
1.58753	8.41298
1.42497	8.41428
1.29291	8.41363
1.14755	8.41428
1.02101	8.41331
0.910693	8.41428
0.793237	8.41363
0.679998	8.41493
0.571952	8.41428
0.479804	8.41623
0.378571	8.41688
0.301024	8.41882
0.247488	8.4185
0.210499	8.42045
0.192329	8.4198
0.180648	8.42077
0.191355	8.42045
0.201738	8.41882
0.213094	8.4198
0.22802	8.41882
0.288046	8.4185
0.355859	8.41655
0.439246	8.41688
0.528798	8.41396
0.631004	8.41525
0.73678	8.41298
0.85164	8.41396
0.940543	8.41331
1.0142	8.41396
1.10634	8.41298
1.18227	8.41396
1.24489	8.41298
1.30978	8.41396
1.37695	8.41331
1.44995	8.41428
1.51939	8.41331
1.58882	8.41493
1.65015	8.41298
1.72542	8.41428
1.80329	8.41298
1.90063	8.41396
1.98662	8.41331
2.05767	8.41428
2.11738	8.41298
2.19233	8.41461
2.24035	8.41331
2.31433	8.41428
2.39285	8.41363
2.46066	8.41461
2.51874	8.41331
2.56871	8.41428
2.62159	8.41363
2.67545	8.41461
2.73126	8.41298
2.78318	8.41461
2.82438	8.41331
2.84515	8.41461
2.85975	8.41428
2.84807	8.41331
2.83477	8.41331
2.82146	8.41461
2.80978	8.41331
2.77961	8.41493
2.69492	8.41331
2.58039	8.41428
2.43405	8.41331
2.27734	8.41461
2.13457	8.41331
1.98597	8.41428
1.84839	8.41331
1.73321	8.41461
1.61251	8.41331
1.46326	8.41428
1.30232	8.41331
1.1495	8.41461
1.0301	8.41363
0.93016	8.41428
0.850667	8.41331
0.783827	8.41461
0.728668	8.41363
0.68811	8.41525
0.641712	8.41428
0.590122	8.41558
0.53042	8.41493
0.472341	8.41655
0.407448	8.41655
0.343205	8.41882
0.286748	8.41785
0.238727	8.4198
0.188759	8.42012
0.141388	8.42142
0.108292	8.42077
0.0696811	8.42239
0.0398304	8.42174
0.0187402	8.42272
0.00121911	8.42109
-0.0133818	-7.49685
-0.0240891	-7.51275
-0.0373921	-7.52475
-0.0234402	-7.5121
-0.0130573	-7.49328
0.00121911	8.42142
0.0375591	8.42272
0.125489	8.42012
0.225748	8.42012
0.308487	8.4172
0.385385	8.41753
0.493756	8.41525
0.61835	8.41428
0.731264	8.41363
0.840284	8.41396
0.947682	8.41298
1.03366	8.41428
1.13425	8.41298
1.23126	8.41396
1.31725	8.41331
1.38344	8.41428
1.44573	8.41266
1.4996	8.41428
1.53821	8.41298
1.59693	8.41428
1.65015	8.41331
1.70725	8.41428
1.76533	8.41363
1.83314	8.41396
1.90193	8.41331
1.93989	8.41428
1.97234	8.41331
1.99667	8.41461
2.00868	8.41363
2.01906	8.41428
2.009	8.41363
1.98986	8.41363
1.96585	8.41331
1.93113	8.41428
1.85651	8.41396
1.74911	8.41428
1.65242	8.41363
1.54178	8.41428
1.43892	8.41363
1.34255	8.41396
1.24457	8.41363
1.15826	8.41428
1.08233	8.41396
1.00154	8.41428
0.930809	8.41396
0.861374	8.41396
0.795832	8.41396
0.725423	8.41461
0.658259	8.41461
0.586877	8.41558
0.521335	8.41558
0.456118	8.41623
0.394794	8.4172
0.332822	8.41785
0.262737	8.41915
0.184866	8.42045
0.117702	8.42077
0.0359368	8.42239
-0.0270093	-7.51567
-0.0850884	-7.55006
-0.141545	-7.56661
-0.207411	-7.57991
-0.261921	-7.58802
-0.299559	-7.59322
-0.346931	-7.59808
-0.39333	-7.6023
-0.433563	-7.60587
-0.470552	-7.60879
-0.515653	-7.61236
-0.560104	-7.61463
-0.599689	-7.61658
-0.637002	-7.61788
-0.667502	-7.61917
-0.698975	-7.62015
-0.721687	-7.6208
-0.744075	-7.62112
-0.767761	-7.62112
-0.790798	-7.62177
-0.812862	-7.62209
-0.83233	-7.62242
-0.844659	-7.62404
-0.856665	-7.62599
-0.873212	-7.62891
-0.884569	-7.63021
-0.8956	-7.6315
-0.884569	-7.63021
-0.870941	-7.62826
-0.849202	-7.62469
-0.822596	-7.62145
-0.755756	-7.6208
-0.665555	-7.61885
-0.539014	-7.61301
-0.403063	-7.60327
-0.239533	-7.58478
-0.0880086	-7.55104
0.020038	8.42207
0.122244	8.42142
0.206929	8.41947
0.275391	8.41915
0.325035	8.41753
0.368837	8.41753
0.429836	8.4159
0.493107	8.4159
0.558324	8.41461
0.644307	8.41461
0.723801	8.41363
0.82114	8.41428
0.898039	8.41331
0.963256	8.41428
1.02166	8.41331
1.07422	8.41461
1.12679	8.41331
1.17254	8.41396
1.21374	8.41331
1.25949	8.41396
1.29973	8.41363
1.34969	8.41428
1.39285	8.41363
1.44444	8.41428
1.50479	8.41363
1.53788	8.41396
1.57682	8.41331
1.61348	8.41428
1.63912	8.41298
1.65956	8.41461
1.70141	8.41331
1.73483	8.41428
1.75917	8.41363
1.78837	8.41461
1.81303	8.41363
1.83834	8.41428
1.87435	8.41331
1.91167	8.41428
1.9373	8.41331
1.9678	8.41428
2.01322	8.41331
2.04891	8.41461
2.07941	8.41363
2.11056	8.41461
2.15047	8.41396
2.18681	8.41461
2.2092	8.41331
2.23061	8.41461
2.2556	8.41298
2.29486	8.41493
2.32795	8.41363
2.36656	8.41461
2.39901	8.41363
2.4334	8.41461
2.46228	8.41331
2.4824	8.41493
2.50576	8.41331
2.53269	8.41461
2.56222	8.41363
2.59791	8.41461
2.64236	8.41396
2.67967	8.41493
2.70141	8.41363
2.72575	8.41493
2.7556	8.41396
2.78447	8.41461
2.82795	8.41363
2.88149	8.41461
2.92335	8.41363
2.94736	8.41525
2.97072	8.41331
2.99505	8.41493
3.02847	8.41363
3.0713	8.41493
3.11316	8.41331
3.14496	8.41461
3.16215	8.41331
3.17545	8.41461
3.18681	8.41331
3.21634	8.41363
3.26403	8.41493
3.31303	8.41363
3.35391	8.41525
3.39674	8.41363
3.42529	8.41493
3.45222	8.41363
3.48435	8.41461
3.52458	8.41363
3.56449	8.41493
3.61316	8.41363
3.64852	8.41525
3.69233	8.41363
3.73418	8.41493
3.77701	8.41396
3.80913	8.41461
3.84807	8.41331
3.88473	8.41461
3.93373	8.41331
3.98045	8.41493
4.01809	8.41331
4.06546	8.41461
4.10829	8.41331
4.14755	8.41461
4.17643	8.41331
4.22575	8.41461
4.27507	8.41363
4.33379	8.41493
4.38246	8.41396
4.44249	8.41461
4.49732	8.41363
4.54924	8.41461
4.59012	8.41363
4.65469	8.41493
4.71893	8.41363
4.76404	8.41461
4.80881	8.41331
4.86365	8.41461
4.8935	8.41363
4.93633	8.41525
4.97948	8.41363
5.00966	8.41493
5.05735	8.41363
5.07942	8.41525
5.09499	8.41461
5.10764	8.41493
5.14755	8.41331
5.23419	8.41461
5.32796	8.41363
5.4201	8.41493
5.50641	8.41363
5.61089	8.41493
5.6641	8.41363
5.70401	8.41461
5.72867	8.41331
5.74392	8.41493
5.76177	8.41525
5.77864	8.41493
5.79778	8.41396
5.8166	8.41461
5.84321	8.41363
5.86332	8.41428
5.8802	8.41363
5.89155	8.41461
5.90713	8.41493
5.9214	8.41493
5.93763	8.41428
5.98695	8.41461
6.03497	8.41331
6.07682	8.41493
6.10797	8.41331
6.12939	8.41461
6.14529	8.41363
6.15534	8.41493
6.1667	8.41396
6.18033	8.41396
6.19331	8.41428
6.20628	8.41493
6.21634	8.41396
6.22738	8.41461
6.24198	8.41363
6.25431	8.41461
6.27475	8.41363
6.31239	8.41428
6.37923	8.41428
6.43795	8.41461
6.47559	8.41428
6.53497	8.41461
6.56936	8.41428
6.60148	8.41461
6.62874	8.41396
6.64821	8.41428
6.65892	8.41396
6.6706	8.41461
6.68649	8.41428
6.69655	8.41428
6.71051	8.41428
6.72348	8.41428
6.73711	8.41461
6.75171	8.41396
6.7874	8.41461
6.83283	8.41428
6.87339	8.41428
6.89967	8.41396
6.91524	8.41461
6.93082	8.41428
6.9412	8.41461
6.95223	8.41428
6.9691	8.41428
7.02621	8.41428
7.09662	8.41363
7.15405	8.41493
7.19818	8.41396
7.23062	8.41461
7.24717	8.41428
7.25885	8.41428
7.28027	8.41461
7.33997	8.41428
7.40097	8.41428
7.43958	8.41396
7.4743	8.41493
7.5181	8.41493
7.57391	8.4159
7.64172	8.4159
7.68034	8.41655
7.69396	8.41655
7.70435	8.41753
7.71668	8.4172
7.72933	8.41688
7.75496	8.41785
7.83348	8.41882
7.90552	8.42045
7.94737	8.42077
7.98274	8.42142
8.03563	8.42239
8.10539	8.42272
8.1573	8.42272
8.18586	8.42272
8.21376	8.42272
8.22804	8.42337
8.2673	8.42272
8.37664	8.42272
8.47496	8.42272
8.76211	8.42304
8.41071	8.42174
8.24815	8.42142
8.13913	8.42174
8.0246	8.42045
7.93958	8.4198
7.85782	8.41753
7.78481	8.41688
7.72965	8.4159
7.63264	8.41525
7.54114	8.41363
7.44575	8.41331
7.34646	8.41331
7.26469	8.41331
7.1972	8.41298
7.14983	8.41363
7.107	8.41331
7.07683	8.41331
7.05768	8.41298
7.04179	8.41363
7.02426	8.41331
6.97884	8.41363
6.92043	8.41298
6.85262	8.41363
6.78903	8.41331
6.74068	8.41363
6.70921	8.41363
6.66735	8.41331
6.61609	8.41363
6.55866	8.41396
6.49798	8.41331
6.45969	8.41396
6.4107	8.41363
6.3643	8.41396
6.31531	8.41363
6.25074	8.41396
6.13555	8.41363
6.00933	8.41396
5.95093	8.41331
5.92887	8.41363
5.90778	8.41331
5.8922	8.41396
5.8789	8.41428
5.86852	8.41363
5.85424	8.41428
5.82796	8.41363
5.80362	8.41428
5.76566	8.41363
5.73256	8.41461
5.71537	8.41396
5.67027	8.41461
5.41978	8.41363
5.25722	8.41428
5.11511	8.41396
4.94671	8.41461
4.82828	8.41428
4.76274	8.41428
4.71666	8.41428
4.69136	8.41428
4.67643	8.41461
4.65729	8.41493
4.58461	8.41428
4.43633	8.41428
4.26014	8.41428
4.07357	8.41428
3.8896	8.41428
3.70141	8.41428
3.49797	8.41363
3.34515	8.41493
3.15858	8.41396
2.99213	8.41461
2.79421	8.41428
2.6203	8.41461
2.45774	8.41396
2.30167	8.41461
2.13295	8.41363
1.98305	8.41461
1.81303	8.41396
1.65566	8.41428
1.48856	8.41428
1.30849	8.41461
1.12743	8.41396
0.983697	8.41461
0.826981	8.41396
0.611861	8.41558
0.299726	8.41882
0.00965518	8.42369
-0.248943	-7.58705
-0.473472	-7.60976
-0.611045	-7.61788
-0.721363	-7.62112
-0.805724	-7.62274
-0.877106	-7.63021
-0.944919	-7.63442
-0.997158	-7.63507
-1.02636	-7.6354
-1.05069	-7.63507
-1.07081	-7.6354
-1.08606	-7.63475
-1.11364	-7.63507
-1.15939	-7.63475
-1.22169	-7.6354
-1.29404	-7.63442
-1.35699	-7.63507
-1.41312	-7.63442
-1.45173	-7.63507
-1.49099	-7.63507
-1.51663	-7.63507
-1.54193	-7.63442
-1.56854	-7.63507
-1.59936	-7.63475
-1.63246	-7.63475
-1.66783	-7.63475
-1.69865	-7.63442
-1.72947	-7.63442
-1.75997	-7.63507
-1.79404	-7.63507
-1.82681	-7.63475
-1.85666	-7.63442
-1.88749	-7.63475
-1.91734	-7.63442
-1.95952	-7.63475
-2.09385	-7.63442
-2.18048	-7.63475
-2.30767	-7.6341
-2.44005	-7.63475
-2.5614	-7.63507
-2.71228	-7.63475
-2.85569	-7.6341
-2.98515	-7.63442
-3.09709	-7.63442
-3.16945	-7.63475
-3.198	-7.6341
-3.20838	-7.63475
-3.38522	-7.63475
-3.71682	-7.6341
-4.10293	-7.63475
-4.58963	-7.63377
-5.28626	-7.63475
-5.9128	-7.63475
-6.35894	-7.63475
-6.65421	-7.6341
-6.84629	-7.6341
-6.91086	-7.63377
-6.93682	-7.63442
-6.94688	-7.6341
-6.96278	-7.6341
-6.97543	-7.63475
-6.99879	-7.63442
-7.08413	-7.63442
-7.21521	-7.6341
-7.37096	-7.6341
-7.48712	-7.6341
-7.57862	-7.63507
-7.64838	-7.6341
-7.72949	-7.63442
-7.86609	-7.6341
-8.01794	-7.63507
-8.15487	-7.6341
-8.32457	-7.63442
-8.57862	-7.63442
-8.79342	-7.6341
-9.21945	-7.63442
-9.23243	-7.63475
-8.90179	-7.63377
-8.85507	-7.63442
-8.78401	-7.63377
-8.68505	-7.63442
-8.62081	-7.63345
-8.58739	-7.63442
-8.56694	-7.63377
-8.53515	-7.63442
-8.48518	-7.63345
-8.42775	-7.63442
-8.34695	-7.63377
-8.31061	-7.63442
-8.28693	-7.63442
-8.26811	-7.63442
-8.25189	-7.6341
-8.21976	-7.63442
-8.17077	-7.63475
-8.13086	-7.63475
-8.11009	-7.63377
-8.09484	-7.6341
-8.07635	-7.63475
-8.06532	-7.63345
-8.05299	-7.63475
-8.04033	-7.63377
-8.02865	-7.6341
-8.01308	-7.63377
-8.0014	-7.63442
-7.97803	-7.63442
-7.95175	-7.63442
-7.9245	-7.6341
-7.90827	-7.6341
-7.89659	-7.63377
-7.88394	-7.63442
-7.86707	-7.63377
-7.84143	-7.63442
-7.81385	-7.63377
-7.77654	-7.63442
-7.76064	-7.63377
-7.74572	-7.63442
-7.73306	-7.63377
-7.71846	-7.63442
-7.70062	-7.63442
-7.68829	-7.63377
-7.67466	-7.63475
-7.66038	-7.63377
-7.63669	-7.6341
-7.58478	-7.63377
-7.53806	-7.63475
-7.49198	-7.63377
-7.4498	-7.63442
-7.39172	-7.63377
-7.34046	-7.6341
-7.2827	-7.63377
-7.23922	-7.63442
-7.22138	-7.6341
-7.20775	-7.63442
-7.18828	-7.63442
-7.17336	-7.6341
-7.14383	-7.63442
-7.12598	-7.63313
-7.10944	-7.63377
-7.08575	-7.6341
-7.05038	-7.63442
-7.01664	-7.6341
-6.99101	-7.63442
-6.95531	-7.6341
-6.9167	-7.63442
-6.89334	-7.63377
-6.85311	-7.6341
-6.81385	-7.63313
-6.77653	-7.6341
-6.74214	-7.6341
-6.70028	-7.6341
-6.66102	-7.6341
-6.63377	-7.63442
-6.60586	-7.63377
-6.5705	-7.63442
-6.51599	-7.63377
-6.40372	-7.63442
-6.28659	-7.63377
-6.19217	-7.6341
-6.0945	-7.63345
-5.99587	-7.63475
-5.94298	-7.63345
-5.88847	-7.63442
-5.85278	-7.6341
-5.83623	-7.6341
-5.82001	-7.6341
-5.8067	-7.63345
-5.77718	-7.6341
-5.75414	-7.63377
-5.74376	-7.6341
-5.73045	-7.63475
-5.7191	-7.6341
-5.70158	-7.63442
-5.68568	-7.63377
-5.65745	-7.63377
-5.62598	-7.6341
-5.60716	-7.6341
-5.5958	-7.63442
-5.58023	-7.63377
-5.56465	-7.6341
-5.54713	-7.63377
-5.53026	-7.6341
-5.51436	-7.6341
-5.48581	-7.63442
-5.41377	-7.63377
-5.30767	-7.6341
-5.20936	-7.63377
-5.09223	-7.63475
-4.98743	-7.6341
-4.88749	-7.6341
-4.79567	-7.63377
-4.73532	-7.6341
-4.6555	-7.6341
-4.58931	-7.6341
-4.54648	-7.63377
-4.50981	-7.6341
-4.46536	-7.6341
-4.43032	-7.6341
-4.40469	-7.63377
-4.38879	-7.6341
-4.3651	-7.63377
-4.3505	-7.63345
-4.33914	-7.63442
-4.32909	-7.6341
-4.34207	-7.63442
-4.35764	-7.6341
-4.37743	-7.63377
-4.45433	-7.63442
-4.62532	-7.6341
-4.8505	-7.6341
-5.08087	-7.6341
-5.32292	-7.63442
-5.58023	-7.6341
-5.85213	-7.63442
-6.09775	-7.6341
-6.31157	-7.6341
-6.48938	-7.63377
-6.60392	-7.63377
-6.71975	-7.6341
-6.82812	-7.63442
-6.93877	-7.6341
-7.06661	-7.63377
-7.17465	-7.6341
-7.27913	-7.63442
-7.35733	-7.6341
-7.4034	-7.63377
-7.44299	-7.6341
-7.46927	-7.6341
-7.50853	-7.63377
-7.54812	-7.63442
-7.60847	-7.6341
-7.67401	-7.63442
-7.75707	-7.63377
-7.8291	-7.6341
-7.90146	-7.63377
-7.96311	-7.6341
-8.00983	-7.6341
-8.0293	-7.63442
-8.04163	-7.63442
-8.05948	-7.6341
-8.07992	-7.63377
-8.10425	-7.6341
-8.1487	-7.6341
-8.18667	-7.6341
-8.21392	-7.63377
-8.23209	-7.6341
-8.24215	-7.6341
-8.25545	-7.63442
-8.26843	-7.63377
-8.28109	-7.63377
-8.3051	-7.6341
-8.32878	-7.6341
-8.34468	-7.6341
-8.36058	-7.63377
-8.37973	-7.6341
-8.39562	-7.6341
-8.41185	-7.63442
-8.43683	-7.6341
-8.47771	-7.63442
-8.54099	-7.63377
-8.60328	-7.6341
-8.64482	-7.63377
-8.67337	-7.6341
-8.70809	-7.63442
-8.7295	-7.63442
-8.74281	-7.63377
-8.75546	-7.6341
-8.76844	-7.63442
-8.78304	-7.63345
-8.79861	-7.63377
-8.81484	-7.63442
-8.82749	-7.63377
-8.83852	-7.6341
-8.8528	-7.63442
-8.87129	-7.6341
-8.88427	-7.63377
-8.91672	-7.6341
-8.95014	-7.6341
-9.22594	-7.63345
-8.91997	-7.6341
-8.83463	-7.6341
-8.80348	-7.63442
-8.79277	-7.63377
-8.77201	-7.63377
-8.74378	-7.63507
-8.69706	-7.63345
-8.59777	-7.6341
-8.52054	-7.63377
-8.47187	-7.63442
-8.45338	-7.63377
-8.44073	-7.6341
-8.43034	-7.63377
-8.41769	-7.63442
-8.42937	-7.63377
-8.44105	-7.6341
-8.45403	-7.63345
-8.4696	-7.63442
-8.48712	-7.6341
-8.49881	-7.63442
-8.51276	-7.6341
-8.53028	-7.6341
-8.61918	-7.63377
-8.69349	-7.63377
-8.73437	-7.6341
-8.75189	-7.6341
-8.7626	-7.63475
-8.77363	-7.6341
-8.78369	-7.6341
-8.79504	-7.6341
-8.80965	-7.6341
-8.8197	-7.63345
-8.83236	-7.6341
-8.84631	-7.63475
-8.86091	-7.6341
-8.87551	-7.6341
-8.88979	-7.6341
-8.90439	-7.63345
-8.94398	-7.6341
-9.23178	-7.6341
-8.89336	-7.63377
-8.79342	-7.63442
-8.73567	-7.63442
-8.70582	-7.63442
-8.6831	-7.6341
-8.6698	-7.63377
-8.65974	-7.63442
-8.68375	-7.6341
-8.69641	-7.6341
-8.71328	-7.63442
-8.72366	-7.6341
-8.7587	-7.63442
-8.89368	-7.63377
-9.23178	-7.63442
-9.0517	-7.6341
-8.74929	-7.6341
-8.48388	-7.63377
-8.29958	-7.63377
-8.22301	-7.6341
-8.19673	-7.63377
-8.18407	-7.6341
-8.17401	-7.6341
-8.16201	-7.6341
-8.1221	-7.63377
-7.98485	-7.6341
-7.87777	-7.63377
-7.79925	-7.6341
-7.7428	-7.6341
-7.67466	-7.6341
-7.57342	-7.63442
-7.46278	-7.6341
-7.29308	-7.63442
-7.12306	-7.6341
-6.97413	-7.63377
-6.76939	-7.6341
-6.52897	-7.6341
-6.0825	-7.6341
-5.63603	-7.6341
-5.28529	-7.63442
-5.01793	-7.63442
-4.75608	-7.63442
-4.45076	-7.6341
-4.12759	-7.6341
-3.94654	-7.6341
-3.81092	-7.63377
-3.73596	-7.6341
-3.67107	-7.63442
-3.63408	-7.63377
-3.62045	-7.63442
-3.60585	-7.63442
-3.57633	-7.63442
-3.54161	-7.6341
-3.49132	-7.6341
-3.43259	-7.63377
-3.36835	-7.63442
-3.30799	-7.6341
-3.2577	-7.6341
-3.21714	-7.63442
-3.16166	-7.63475
-3.11429	-7.6341
-3.06951	-7.63442
-3.0163	-7.6341
-2.94719	-7.63475
-2.86997	-7.6341
-2.75965	-7.63377
-2.64641	-7.63377
-2.46212	-7.63442
-2.24927	-7.6341
-2.02247	-7.63442
-1.8187	-7.6341
-1.60748	-7.6341
-1.38424	-7.6341
-1.19054	-7.6341
-1.03025	-7.6341
-0.84758	-7.62469
-0.666853	-7.61885
-0.507541	-7.61106
-0.350825	-7.59808
-0.182428	-7.57472
-0.0341475	-7.52248
0.107968	8.42109
0.28253	8.41882
0.416209	8.41623
0.569681	8.41493
0.712445	8.41363
0.84872	8.41396
0.989213	8.41363
1.16832	8.41428
1.34742	8.41363
1.51647	8.41396
1.67578	8.41363
1.83347	8.41363
1.99408	8.41363
2.15501	8.41396
2.29421	8.41331
2.43697	8.41396
2.58882	8.41363
2.70985	8.41396
2.78804	8.41363
2.84775	8.41428
2.88117	8.41331
2.91426	8.41428
2.94184	8.41363
2.98467	8.41461
3.05508	8.41363
3.14268	8.41461
3.241	8.41396
3.3617	8.41396
3.48337	8.41396
3.6203	8.41428
3.70887	8.41396
3.77636	8.41428
3.83607	8.41428
3.90518	8.41428
4.00349	8.41428
4.1164	8.41461
4.2676	8.41363
4.45969	8.41461
4.67189	8.41396
4.8789	8.41461
5.08655	8.41363
5.26079	8.41428
5.41362	8.41363
5.57682	8.41461
5.74327	8.41363
5.91037	8.41461
6.10375	8.41396
6.27605	8.41428
6.46618	8.41396
6.64302	8.41461
6.82894	8.41396
7.00609	8.41461
7.18325	8.41396
7.37891	8.41461
7.53141	8.41461
7.64692	8.41655
7.76437	8.4172
7.8536	8.41947
7.92661	8.42045
7.98177	8.42207
8.01389	8.42207
8.03855	8.42239
8.06223	8.42207
8.08657	8.42239
8.13686	8.42207
8.27898	8.42304
8.52914	8.42239
8.76276	8.42337
