# AI0: U_in (V)	# AI1: U_out (V)	
-0.466983	-7.60684
-0.602285	-7.61528
-0.774575	-7.62015
-0.934536	-7.63215
-1.23986	-7.63313
-1.34985	-7.63248
-1.46633	-7.6328
-1.55459	-7.6328
-1.63343	-7.63248
-1.69735	-7.6328
-1.80572	-7.6328
-1.90923	-7.63248
-2.06497	-7.63248
-2.27814	-7.6328
-2.51792	-7.63313
-2.70125	-7.63248
-2.87419	-7.63248
-3.00916	-7.6328
-3.13668	-7.63215
-3.32941	-7.63248
-3.37646	-7.63313
-3.39333	-7.63215
-3.40404	-7.6328
-3.41604	-7.63248
-3.4433	-7.6328
-3.47769	-7.63248
-3.51143	-7.6328
-3.5348	-7.6328
-3.54648	-7.63248
-3.52733	-7.6328
-3.50462	-7.63313
-3.48288	-7.63215
-3.46471	-7.6328
-3.44297	-7.63215
-3.40404	-7.6328
-3.34563	-7.63248
-3.23012	-7.6328
-3.1224	-7.6328
-3.02506	-7.63313
-2.92805	-7.63215
-2.81481	-7.63313
-2.67399	-7.63183
-2.5614	-7.63248
-2.50527	-7.63215
-2.45076	-7.63313
-2.41247	-7.63215
-2.36186	-7.63313
-2.26614	-7.63248
-2.14901	-7.63248
-2.06659	-7.6328
-1.98807	-7.63313
-1.89852	-7.63248
-1.79664	-7.6328
-1.68502	-7.63215
-1.59255	-7.63313
-1.5322	-7.63248
-1.46244	-7.63313
-1.38262	-7.63248
-1.28171	-7.63313
-1.15712	-7.6328
-1.04615	-7.63345
-0.943946	-7.63183
-0.854069	-7.62404
-0.769384	-7.6195
-0.656146	-7.61723
-0.464387	-7.60652
-0.242129	-7.58381
-0.0383655	-7.52378
0.132952	8.41882
0.308162	8.41753
0.483373	8.41363
0.712769	8.41331
1.1761	8.41331
1.37273	8.41201
1.58039	8.41331
1.73483	8.41168
1.84547	8.41331
1.90875	8.41168
1.95904	8.41298
1.9983	8.41201
2.03139	8.41331
2.0593	8.41168
2.0885	8.41331
2.11705	8.41233
2.1482	8.41331
2.16994	8.41233
2.20855	8.41331
2.27182	8.41201
2.35164	8.41298
2.43989	8.41201
2.55054	8.41363
2.65826	8.41233
2.82958	8.41363
2.95871	8.41233
3.07422	8.41363
3.1813	8.41201
3.28707	8.41363
3.41588	8.41201
3.52393	8.41363
3.64041	8.41201
3.76533	8.41331
3.89771	8.41233
4.06027	8.41331
4.20855	8.41233
4.3617	8.41396
4.49343	8.41233
4.65177	8.41363
4.80265	8.41201
4.94833	8.41363
5.12938	8.41266
5.33153	8.41331
5.50544	8.41233
5.61349	8.41331
5.69266	8.41266
5.74165	8.41363
5.76793	8.41233
5.77831	8.41363
5.7556	8.41266
5.74133	8.41363
5.70304	8.41266
5.52134	8.41363
5.22672	8.41233
4.90031	8.41396
4.63652	8.41266
4.35424	8.41363
4.05086	8.41233
3.82601	8.41363
3.64204	8.41233
3.4996	8.41363
3.33022	8.41266
3.12614	8.41363
2.90258	8.41233
2.6323	8.41331
2.39934	8.41233
2.12062	8.41331
1.88376	8.41233
1.62322	8.41396
1.36721	8.41233
1.22705	8.41396
1.10797	8.41266
1.00706	8.41396
0.918155	8.41266
0.828603	8.41363
0.729317	8.41298
0.6336	8.41461
0.57033	8.41396
0.50933	8.41558
0.43957	8.41525
0.364295	8.4172
0.296482	8.41753
0.155989	8.42045
-0.0172754	-7.50399
-0.145114	-7.56661
-0.25965	-7.58738
-0.387814	-7.601
-0.535769	-7.61236
-0.651279	-7.61723
-0.752512	-7.61982
-0.823245	-7.62145
-0.894627	-7.63085
-0.960493	-7.6328
-1.00754	-7.63345
-1.05783	-7.63313
-1.09807	-7.63345
-1.13603	-7.63345
-1.17886	-7.63345
-1.23888	-7.63313
-1.30313	-7.63313
-1.38165	-7.63345
-1.49034	-7.63377
-1.66426	-7.63313
-1.79047	-7.63345
-1.93454	-7.63313
-2.04226	-7.63313
-2.15874	-7.63313
-2.25705	-7.6328
-2.31546	-7.6328
-2.35796	-7.63345
-2.40663	-7.6328
-2.46504	-7.63345
-2.53317	-7.63345
-2.64479	-7.63345
-2.80378	-7.63248
-2.97899	-7.63345
-3.10391	-7.63313
-3.20157	-7.6328
-3.27328	-7.6328
-3.36672	-7.6328
-3.46601	-7.6328
-3.58736	-7.63313
-3.65485	-7.6328
-3.69638	-7.63345
-3.71942	-7.63313
-3.73402	-7.6328
-3.7444	-7.63345
-3.73434	-7.63313
-3.72136	-7.63313
-3.67302	-7.6328
-3.5919	-7.63345
-3.48256	-7.6328
-3.39333	-7.63313
-3.31124	-7.6328
-3.24797	-7.63313
-3.16328	-7.63248
-3.07568	-7.63345
-2.98093	-7.6328
-2.85407	-7.63248
-2.74343	-7.63313
-2.64868	-7.63313
-2.54777	-7.6328
-2.45108	-7.63313
-2.36283	-7.6328
-2.27977	-7.63313
-2.17691	-7.63313
-2.09839	-7.63313
-2.02539	-7.6328
-1.95692	-7.63248
-1.88035	-7.6328
-1.76971	-7.6328
-1.67367	-7.63248
-1.57892	-7.63313
-1.50332	-7.63248
-1.40176	-7.6328
-1.2723	-7.6328
-1.14511	-7.63345
-0.991642	-7.63248
-0.835899	-7.6208
-0.724283	-7.61885
-0.594497	-7.61463
-0.468281	-7.60717
-0.345958	-7.59646
-0.221363	-7.58024
-0.102609	-7.5546
0.0369102	8.42142
0.178377	8.41882
0.305242	8.4172
0.387007	8.41558
0.477208	8.41525
0.55216	8.41396
0.589473	8.41428
0.609265	8.41298
0.622244	8.41396
0.636196	8.41396
0.649823	8.41266
0.689408	8.41331
0.785125	8.41201
0.885384	8.41298
1.00024	8.41233
1.15858	8.41331
1.30167	8.41266
1.40518	8.41331
1.49051	8.41201
1.54015	8.41266
1.56806	8.41266
1.58753	8.41331
1.57714	8.41363
1.56708	8.41266
1.55346	8.41331
1.53788	8.41298
1.49181	8.41331
1.38409	8.41266
1.26339	8.41266
1.12484	8.41298
0.976234	8.41331
0.787072	8.41266
0.585255	8.41461
0.362023	8.41655
0.124191	8.42109
-0.0925511	-7.55233
-0.288203	-7.59095
-0.472499	-7.60847
-0.655172	-7.6182
-0.798586	-7.6208
-0.940052	-7.63313
-1.05556	-7.63377
-1.16036	-7.63345
-1.29696	-7.63377
-1.43486	-7.63345
-1.56594	-7.63313
-1.74278	-7.63377
-1.90696	-7.63345
-2.05589	-7.63345
-2.20903	-7.63345
-2.33103	-7.63313
-2.43486	-7.63345
-2.52247	-7.63313
-2.5945	-7.63313
-2.63376	-7.6328
-2.6503	-7.63345
-2.66101	-7.63313
-2.67269	-7.63377
-2.66263	-7.6328
-2.64966	-7.6328
-2.60748	-7.63313
-2.52766	-7.6328
-2.40663	-7.63313
-2.29274	-7.63313
-2.13408	-7.63345
-1.97315	-7.6328
-1.79112	-7.63313
-1.57698	-7.6328
-1.32324	-7.6328
-1.04161	-7.63248
-0.793394	-7.62047
-0.539987	-7.61171
-0.313836	-7.59322
-0.0779502	-7.54584
0.14885	8.41947
0.356832	8.41655
0.543723	8.41396
0.687786	8.41363
0.807837	8.41298
0.923996	8.41331
1.00154	8.41266
1.05086	8.41298
1.07844	8.41266
1.10278	8.41331
1.12192	8.41298
1.13198	8.41331
1.14333	8.41331
1.16118	8.41331
1.17254	8.41298
1.15534	8.41298
1.14041	8.41331
1.1031	8.41266
0.985644	8.41331
0.813678	8.41298
0.607967	8.41461
0.361699	8.41688
0.0998563	8.42109
-0.199949	-7.57797
-0.491642	-7.60944
-0.751214	-7.62047
-0.985153	-7.63345
-1.16393	-7.63377
-1.33493	-7.63345
-1.53609	-7.63345
-1.6967	-7.63345
-1.78334	-7.63345
-1.81838	-7.63377
-1.79761	-7.63345
-1.78041	-7.63377
-1.69086	-7.63345
-1.54972	-7.63313
-1.43843	-7.63313
-1.32844	-7.63313
-1.23272	-7.6328
-1.12986	-7.63313
-0.955951	-7.6328
-0.751863	-7.62015
-0.441999	-7.60555
-0.138949	-7.56499
0.181621	8.41882
0.502841	8.41525
0.787721	8.41298
1.0262	8.41331
1.20888	8.41298
1.33379	8.41298
1.47007	8.41298
1.62062	8.41331
1.76923	8.41266
1.9188	8.41298
2.09791	8.41266
2.24262	8.41331
2.36592	8.41298
2.45125	8.41331
2.53074	8.41298
2.58623	8.41331
2.62906	8.41298
2.65534	8.41331
2.64333	8.41331
2.62614	8.41363
2.60505	8.41298
2.55605	8.41298
2.40907	8.41266
2.23191	8.41331
2.04956	8.41331
1.82795	8.41331
1.58882	8.41298
1.32438	8.41396
1.05021	8.41298
0.77312	8.41363
0.490511	8.41558
0.182919	8.41947
-0.128567	-7.56369
-0.416042	-7.60392
-0.669449	-7.61885
-0.909877	-7.63183
-1.09385	-7.6341
-1.22493	-7.63377
-1.32389	-7.63377
-1.37775	-7.63345
-1.40112	-7.6341
-1.41474	-7.63442
-1.43064	-7.63345
-1.44135	-7.6341
-1.45271	-7.63313
-1.44232	-7.63313
-1.41766	-7.63345
-1.29372	-7.63345
-1.13408	-7.63345
-0.961791	-7.63313
-0.795016	-7.6208
-0.627593	-7.61625
-0.38392	-7.60068
-0.042908	-7.52767
0.354561	8.41655
0.759817	8.41331
1.10375	8.41266
1.40615	8.41331
1.70952	8.41298
1.87889	8.41331
1.96488	8.41298
1.9957	8.41331
2.00576	8.41331
1.99505	8.41331
1.98078	8.41298
1.97007	8.41298
1.95352	8.41396
1.91102	8.41331
1.77766	8.41363
1.56124	8.41298
1.314	8.41331
1.0275	8.41331
0.705631	8.41396
0.387656	8.41655
0.0803884	8.42109
-0.234666	-7.58381
-0.520195	-7.61106
-0.830707	-7.62177
-1.16945	-7.63345
-1.52311	-7.6341
-1.84012	-7.63377
-2.08671	-7.6341
-2.30118	-7.63377
-2.4381	-7.63345
-2.52084	-7.63313
-2.55718	-7.63377
-2.57081	-7.63345
-2.58314	-7.63345
-2.5945	-7.63313
-2.5627	-7.63345
-2.44751	-7.63345
-2.17042	-7.63345
-1.84206	-7.63377
-1.53317	-7.63377
-1.23467	-7.63345
-1.02539	-7.63345
-0.823245	-7.62112
-0.636678	-7.6169
-0.438106	-7.60555
-0.252188	-7.58575
-0.0656205	-7.5413
0.135223	8.4198
0.347098	8.41688
0.569032	8.41461
0.756248	8.41266
0.935676	8.41298
1.05475	8.41266
1.16637	8.41331
1.23775	8.41266
1.27701	8.41331
1.29389	8.41266
1.30427	8.41298
1.29389	8.41298
1.28123	8.41298
1.26501	8.41331
1.23483	8.41266
1.14593	8.41363
1.01322	8.41298
0.846449	8.41396
0.658908	8.41363
0.45482	8.41655
0.214392	8.41882
-0.0711364	-7.5439
-0.282687	-7.59062
-0.420585	-7.6049
-0.497158	-7.61009
-0.556535	-7.61333
-0.585412	-7.61496
-0.610396	-7.61625
-0.63538	-7.61723
-0.653874	-7.6182
-0.672044	-7.61852
-0.682752	-7.61885
-0.694108	-7.6195
-0.709682	-7.6195
-0.719741	-7.61982
-0.737262	-7.62047
-0.748618	-7.6208
-0.738235	-7.62047
-0.728177	-7.61982
-0.718118	-7.6195
-0.696379	-7.61917
-0.661013	-7.61755
-0.566918	-7.61431
-0.447191	-7.60587
-0.292746	-7.59159
-0.0970936	-7.55363
0.178701	8.41915
0.603749	8.41428
1.30589	8.41233
2.16345	8.41331
2.7676	8.41233
3.02815	8.41363
3.0846	8.41298
3.09693	8.41363
3.11154	8.41331
3.12743	8.41298
3.13847	8.41363
3.14982	8.41331
3.12646	8.41396
3.11056	8.41298
3.0885	8.41363
3.05021	8.41331
3.01744	8.41331
2.95969	8.41298
2.87695	8.41363
2.71374	8.41298
2.48467	8.41363
2.16605	8.41363
1.88246	8.41363
1.60342	8.41298
1.41167	8.41396
1.26987	8.41331
1.09337	8.41363
0.951575	8.41266
0.796806	8.41396
0.631329	8.41428
0.459038	8.4159
0.298428	8.41753
0.102452	8.42142
-0.202544	-7.57862
-0.449462	-7.60652
-0.667177	-7.61917
-0.874835	-7.62858
-1.10391	-7.63442
-1.30735	-7.63345
-1.50786	-7.63345
-1.65095	-7.63377
-1.74278	-7.6341
-1.77685	-7.63377
-1.7603	-7.63345
-1.74829	-7.6341
-1.73531	-7.63345
-1.69962	-7.63377
-1.58736	-7.63345
-1.46082	-7.63345
-1.31221	-7.6328
-1.14252	-7.63377
-0.91085	-7.6315
-0.695081	-7.61917
-0.506892	-7.61041
-0.365101	-7.59906
-0.257703	-7.58673
-0.199624	-7.57732
-0.138301	-7.56499
-0.0643227	-7.54065
0.0284741	8.42207
0.174808	8.41915
0.369811	8.4172
0.623866	8.41331
0.895443	8.41331
1.15307	8.41233
1.3909	8.41363
1.47072	8.41298
1.49862	8.41331
1.52458	8.41266
1.55995	8.41331
1.59693	8.41331
1.63749	8.41363
1.65761	8.41298
1.66832	8.41363
1.67967	8.41266
1.66118	8.41298
1.63619	8.41298
1.61932	8.41396
1.54891	8.41298
1.38019	8.41396
1.25657	8.41331
1.14366	8.41363
1.03756	8.41298
0.910368	8.41363
0.767604	8.41363
0.629382	8.41461
0.485644	8.41525
0.323088	8.41817
0.139116	8.42012
-0.00916375	-7.48679
-0.140572	-7.56629
-0.303128	-7.59289
-0.457898	-7.60782
-0.610072	-7.61625
-0.742453	-7.6208
-0.842388	-7.62242
-0.944594	-7.63345
-1.07438	-7.63377
-1.15095	-7.63377
-1.17626	-7.63345
-1.15809	-7.63377
-1.13668	-7.63345
-1.09839	-7.6341
-0.992615	-7.63377
-0.860558	-7.62631
-0.754783	-7.62047
-0.635704	-7.61723
-0.541285	-7.61236
-0.475743	-7.60879
-0.42318	-7.60425
-0.352123	-7.59808
-0.269709	-7.58835
-0.18405	-7.57537
-0.0948223	-7.55298
-0.0351209	-7.52248
0.0262029	8.42207
0.0800639	8.42045
0.132627	8.42045
0.169616	8.41947
0.204983	8.4198
0.228344	8.41817
0.251706	8.41882
0.283828	8.4172
0.336066	8.41785
0.385385	8.41558
0.425618	8.41623
0.465203	8.41493
0.488889	8.41558
0.519713	8.41428
0.545995	8.41525
0.571627	8.41363
0.599207	8.41461
0.625813	8.41331
0.653392	8.41428
0.682919	8.41331
0.729317	8.41396
0.796806	8.41266
0.870135	8.41363
0.926916	8.41298
0.978181	8.41396
1.01841	8.41266
1.04502	8.41363
1.07584	8.41266
1.10926	8.41396
1.14431	8.41331
1.18324	8.41363
1.23159	8.41266
1.28318	8.41396
1.31887	8.41298
1.35878	8.41428
1.38474	8.41266
1.41815	8.41396
1.45482	8.41266
1.50381	8.41428
1.55508	8.41298
1.61316	8.41363
1.68097	8.41298
1.73808	8.41396
1.7968	8.41298
1.86559	8.41396
1.91459	8.41298
1.98078	8.41396
2.02815	8.41266
2.06481	8.41396
2.0898	8.41331
2.10472	8.41396
2.1164	8.41428
2.12646	8.41428
2.11218	8.41428
2.09661	8.41396
2.08266	8.41428
2.06935	8.41298
2.03237	8.41428
1.97915	8.41298
1.92756	8.41428
1.88895	8.41298
1.86397	8.41396
1.82503	8.41331
1.79875	8.41396
1.77928	8.41298
1.76533	8.41396
1.74878	8.41331
1.73094	8.41396
1.71342	8.41331
1.70076	8.41428
1.67708	8.41331
1.65988	8.41428
1.64204	8.41331
1.62484	8.41396
1.61381	8.41331
1.60245	8.41396
1.59045	8.41298
1.57909	8.41428
1.56287	8.41331
1.55054	8.41363
1.53366	8.41363
1.51485	8.41396
1.49505	8.41331
1.47786	8.41396
1.45936	8.41266
1.44638	8.41396
1.43632	8.41298
1.41069	8.41298
1.39706	8.41396
1.38117	8.41331
1.36429	8.41428
1.34223	8.41331
1.32536	8.41396
1.31108	8.41298
1.29973	8.41428
1.28058	8.41363
1.253	8.41396
1.23126	8.41331
1.21439	8.41428
1.18259	8.41298
1.15145	8.41428
1.12419	8.41331
1.09856	8.41428
1.07714	8.41331
1.06319	8.41396
1.05216	8.41331
1.0408	8.41396
1.02296	8.41298
1.00057	8.41428
0.971692	8.41331
0.944112	8.41396
0.919778	8.41363
0.905826	8.41396
0.886358	8.41428
0.874028	8.41331
0.857156	8.41363
0.840608	8.41363
0.827954	8.41396
0.814002	8.41331
0.793561	8.41331
0.777987	8.41396
0.758843	8.41363
0.738402	8.41428
0.71861	8.41396
0.701738	8.41428
0.685839	8.41396
0.668642	8.41428
0.649823	8.41428
0.630031	8.41461
0.61251	8.41428
0.592718	8.41525
0.568707	8.41493
0.554431	8.41525
0.541777	8.41493
0.522633	8.41558
0.503814	8.41558
0.476884	8.41558
0.445411	8.4159
0.419454	8.41688
0.401933	8.41655
0.389603	8.4172
0.37922	8.4172
0.368188	8.4172
0.350992	8.4172
0.333471	8.41753
0.317896	8.4172
0.298104	8.4185
0.281232	8.41817
0.263711	8.4185
0.242945	8.41882
0.21861	8.41915
0.179026	8.41947
0.150148	8.42045
0.131329	8.42045
0.113808	8.42077
0.0962872	8.42077
0.0797395	8.42142
0.0599472	8.42142
0.0404793	8.42142
0.0132243	8.42142
-0.011435	-7.49036
-0.0325252	-7.52086
-0.0523175	-7.53416
-0.0698386	-7.54325
-0.0834661	-7.54876
-0.0964447	-7.55331
-0.107801	-7.5572
-0.118184	-7.56045
-0.12954	-7.56272
-0.143816	-7.56661
-0.160364	-7.5705
-0.181779	-7.57407
-0.195082	-7.57667
-0.213252	-7.57991
-0.233693	-7.58348
-0.25381	-7.5864
-0.270682	-7.58835
-0.287554	-7.59095
-0.300857	-7.59192
-0.316107	-7.59484
-0.32941	-7.59549
-0.34174	-7.59743
-0.359585	-7.59906
-0.376133	-7.60035
-0.387165	-7.60198
-0.404361	-7.60263
-0.421233	-7.60457
-0.437132	-7.60555
-0.450111	-7.60652
-0.464712	-7.60782
-0.47477	-7.60847
-0.485802	-7.60912
-0.499754	-7.61041
-0.509812	-7.61139
-0.499754	-7.61009
-0.488073	-7.60912
-0.478015	-7.60879
-0.467632	-7.60782
-0.456925	-7.60717
-0.444919	-7.60652
-0.434536	-7.60522
-0.419936	-7.60457
-0.409877	-7.60392
-0.398845	-7.6023
-0.385218	-7.60068
-0.373537	-7.60003
-0.363479	-7.59971
-0.345633	-7.59743
-0.331032	-7.59614
-0.319676	-7.59451
-0.309293	-7.59322
-0.298586	-7.59224
-0.288528	-7.59062
-0.271655	-7.58867
-0.254459	-7.5864
-0.239533	-7.58413
-0.226879	-7.58251
-0.212927	-7.58024
-0.199949	-7.57797
-0.185348	-7.57505
-0.173018	-7.57342
-0.162635	-7.57083
-0.152253	-7.56823
-0.14187	-7.56629
-0.126944	-7.56174
-0.113317	-7.55882
-0.0996893	-7.55428
-0.0831416	-7.54909
-0.065945	-7.54195
-0.0493973	-7.53287
-0.0373921	-7.5241
-0.0188977	-7.50691
-0.00429678	-7.46538
0.00997965	8.42109
0.0216604	8.42239
0.0326921	8.42109
0.0437239	8.42207
0.0537823	8.42045
0.0690322	8.42077
0.0868777	8.42045
0.0979095	8.42077
0.108941	8.42012
0.121595	8.4198
0.134249	8.41915
0.152744	8.41915
0.167345	8.41915
0.178377	8.42012
0.188435	8.41817
0.201414	8.4198
0.217637	8.41915
0.235158	8.41882
0.246514	8.41817
0.256897	8.4172
0.267604	8.4185
0.280583	8.41688
0.290641	8.41688
0.280583	8.41753
0.2702	8.4172
0.260142	8.41817
0.249759	8.41785
0.237105	8.4185
0.220557	8.41882
0.205307	8.41882
0.189084	8.41947
0.170914	8.41915
0.156313	8.42012
0.14593	8.41947
0.135872	8.42012
0.123218	8.41947
0.111861	8.42012
0.0936914	8.42077
0.0768193	8.42077
0.0664364	8.42077
0.0547557	8.42109
0.0433995	8.42077
0.0304209	8.42142
0.0138732	8.42142
0.00284143	8.42174
-0.00494571	-7.467
-0.00948821	-7.48679
-0.0153286	-7.4988
-0.0250625	-7.5121
-0.0351209	-7.52248
-0.0461527	-7.53059
-0.0575089	-7.53708
-0.0682163	-7.54195
-0.0828172	-7.54812
-0.0944979	-7.55168
-0.107152	-7.55655
-0.119482	-7.5598
-0.135705	-7.56466
-0.153226	-7.56791
-0.16588	-7.57115
-0.179508	-7.57342
-0.194433	-7.57634
-0.212603	-7.57926
-0.233369	-7.58283
-0.249916	-7.58543
-0.263868	-7.5877
-0.27782	-7.589
-0.293395	-7.59095
-0.306698	-7.59289
-0.321623	-7.59419
-0.333628	-7.59516
-0.344984	-7.59711
-0.364128	-7.59938
-0.375808	-7.60003
-0.392681	-7.60165
-0.403063	-7.60263
-0.413771	-7.60392
-0.430967	-7.6049
-0.44427	-7.60587
-0.458547	-7.60749
-0.475743	-7.60847
-0.493265	-7.60976
-0.515004	-7.61074
-0.525711	-7.61171
-0.537716	-7.61236
-0.550695	-7.61333
-0.564322	-7.61398
-0.574381	-7.61431
-0.584763	-7.61431
-0.595795	-7.6156
-0.605854	-7.61625
-0.615912	-7.61625
-0.629215	-7.6169
-0.642194	-7.61755
-0.655497	-7.61788
-0.645114	-7.61723
-0.631162	-7.6169
-0.619481	-7.61593
-0.6078	-7.6156
-0.591577	-7.6156
-0.576652	-7.61463
-0.56562	-7.61398
-0.545179	-7.61268
-0.533823	-7.61204
-0.515004	-7.61106
-0.50235	-7.61041
-0.48418	-7.60912
-0.472823	-7.60879
-0.460169	-7.60717
-0.450111	-7.60652
-0.434212	-7.60555
-0.417664	-7.60425
-0.403388	-7.60295
-0.391058	-7.60198
-0.380026	-7.60035
-0.367372	-7.60003
-0.347256	-7.59743
-0.334277	-7.59646
-0.321298	-7.59484
-0.305724	-7.59289
-0.290474	-7.59127
-0.268411	-7.58835
-0.257054	-7.58673
-0.241156	-7.58413
-0.228177	-7.58251
-0.216172	-7.58056
-0.202544	-7.57894
-0.183077	-7.57505
-0.166204	-7.57148
-0.154524	-7.56921
-0.141221	-7.56629
-0.128567	-7.56272
-0.116237	-7.5598
-0.10553	-7.55623
-0.0932	-7.55233
-0.0802214	-7.54747
-0.061727	-7.53968
-0.0471261	-7.53157
-0.0257114	-7.51372
-0.00299893	-7.45402
0.0122509	8.42174
0.0268518	8.42207
0.0391814	8.42142
0.057027	8.42077
0.0693566	8.42142
0.0875266	8.42109
0.101803	8.42045
0.118675	8.42012
0.135223	8.42012
0.167345	8.41915
0.207578	8.41915
0.238403	8.41817
0.262737	8.41817
0.279285	8.41753
0.289992	8.41785
0.304269	8.4172
0.31595	8.4172
0.331524	8.41753
0.350667	8.41688
0.362997	8.41688
0.350992	8.4172
0.340284	8.4172
0.327306	8.4172
0.306865	8.41785
0.289019	8.41753
0.268902	8.41817
0.248136	8.41817
0.217961	8.41915
0.184866	8.41915
0.162153	8.42012
0.145281	8.42012
0.128085	8.42077
0.108617	8.42012
0.0936914	8.42077
0.079415	8.42077
0.0677343	8.42109
0.057027	8.42077
0.0459952	8.42142
0.0229582	8.42142
0.006735	8.42174
-0.00883929	-7.48387
-0.0250625	-7.51242
-0.0373921	-7.52346
-0.051993	-7.53319
-0.0656205	-7.54065
-0.0795725	-7.54714
-0.0912532	-7.55136
-0.103907	-7.55558
-0.129864	-7.56337
-0.147386	-7.56726
-0.170747	-7.57213
-0.18989	-7.5757
-0.206114	-7.57862
-0.224608	-7.58154
-0.243427	-7.58446
-0.256081	-7.58608
-0.273602	-7.58867
-0.294692	-7.59159
-0.320974	-7.59484
-0.342389	-7.59679
-0.370293	-7.59971
-0.391707	-7.60133
-0.416691	-7.60392
-0.437457	-7.60522
-0.457249	-7.60717
-0.474446	-7.60814
-0.497483	-7.61009
-0.517924	-7.61106
-0.5322	-7.61204
-0.546152	-7.61268
-0.564971	-7.61398
-0.581194	-7.61398
-0.592875	-7.61528
-0.604231	-7.61528
-0.615263	-7.61625
-0.627917	-7.61658
-0.64122	-7.61723
-0.652252	-7.61755
-0.633433	-7.61723
-0.622401	-7.61658
-0.601636	-7.6156
-0.583466	-7.61528
-0.556535	-7.61333
-0.531551	-7.61236
-0.497483	-7.60976
-0.463089	-7.60749
-0.436808	-7.60555
-0.415718	-7.60425
-0.390085	-7.60133
-0.374511	-7.60068
-0.352447	-7.59776
-0.329086	-7.59549
-0.312538	-7.59387
-0.29891	-7.59224
-0.278794	-7.58965
-0.260299	-7.58705
-0.239209	-7.58446
-0.218768	-7.58121
-0.200273	-7.57797
-0.175938	-7.57407
-0.159391	-7.56985
-0.145114	-7.56693
-0.124998	-7.56207
-0.113641	-7.55882
-0.101312	-7.5546
-0.0779502	-7.54682
-0.0597802	-7.53935
-0.0399879	-7.52703
-0.0179243	-7.50334
0.00349036	8.42239
0.0193891	8.42109
0.0362613	8.42207
0.0550802	8.42142
0.0677343	8.42142
0.0878511	8.42077
0.10083	8.42109
0.115106	8.42012
0.132303	8.4198
0.146904	8.4198
0.159233	8.42012
0.175781	8.41882
0.200116	8.41915
0.217637	8.41817
0.239376	8.41882
0.25787	8.41785
0.27312	8.41785
0.29129	8.4172
0.30946	8.41785
0.323737	8.41688
0.344502	8.4172
0.362348	8.41655
0.3763	8.41655
0.390901	8.4159
0.405826	8.41623
0.427565	8.41558
0.44898	8.41558
0.465203	8.41525
0.480777	8.41558
0.500894	8.41461
0.51874	8.41493
0.534638	8.41525
0.548266	8.41493
0.527825	8.41558
0.514522	8.41493
0.495703	8.41493
0.469421	8.4159
0.436326	8.41558
0.403879	8.41655
0.374678	8.41623
0.347098	8.4172
0.324061	8.4172
0.301673	8.4185
0.278312	8.41753
0.263386	8.4185
0.246839	8.41915
0.236131	8.41882
0.224775	8.41817
0.205307	8.41947
0.183568	8.41947
0.166047	8.42012
0.153717	8.4198
0.141712	8.42045
0.128734	8.4198
0.116404	8.42109
0.101479	8.42045
0.0865532	8.42109
0.0716279	8.42077
0.0567025	8.42142
0.0395059	8.42109
0.0213359	8.42174
0.00478822	8.42142
-0.00851482	-7.48582
-0.0224668	-7.50983
-0.0412857	-7.52735
-0.0516686	-7.53384
-0.0747055	-7.5452
-0.0990404	-7.55396
-0.124998	-7.56239
-0.154524	-7.56856
-0.172369	-7.57277
-0.18405	-7.57505
-0.194757	-7.57667
-0.215848	-7.58089
-0.234342	-7.58283
-0.246347	-7.58575
-0.257703	-7.58738
-0.232395	-7.58283
-0.219092	-7.58154
-0.205465	-7.57829
-0.178534	-7.5744
-0.149008	-7.56758
-0.122402	-7.56174
-0.0964447	-7.55331
-0.0662695	-7.5413
-0.0263604	-7.5147
0.0223093	8.42174
0.0589738	8.42174
0.0826597	8.42045
0.0998563	8.42109
0.115106	8.42012
0.128085	8.42045
0.142037	8.42077
0.157286	8.41915
0.171238	8.41915
0.189408	8.41882
0.203685	8.4185
0.214717	8.41915
0.232887	8.41915
0.255275	8.41785
0.279934	8.41817
0.305567	8.41688
0.321141	8.41753
0.340284	8.41753
0.350343	8.41655
0.362348	8.41688
0.373055	8.41688
0.383763	8.4172
0.39447	8.41525
0.381491	8.4159
0.37046	8.41623
0.33996	8.41753
0.312056	8.41688
0.275391	8.4185
0.240674	8.41882
0.211148	8.41947
0.199791	8.4198
0.179026	8.41947
0.168643	8.42045
0.148526	8.42077
0.135547	8.41947
0.116404	8.42109
0.0962872	8.42012
0.084282	8.4198
0.0677343	8.42012
0.0524845	8.42012
0.03399	8.42077
0.0223093	8.42077
-0.0208445	-7.50788
-0.0432325	-7.528
-0.05686	-7.53611
-0.0675673	-7.54195
-0.0532909	-7.53514
-0.0419346	-7.52865
-0.0276582	-7.51437
-0.0127329	-7.49458
0.029123	8.42239
0.0690322	8.42077
0.104074	8.42142
0.13068	8.4198
0.155664	8.42045
0.194275	8.41817
0.226722	8.41947
0.254626	8.41753
0.276689	8.41882
0.29778	8.41688
0.31595	8.41753
0.326332	8.41623
0.33704	8.41785
0.349045	8.41558
0.362672	8.4159
0.375651	8.4159
0.389603	8.41558
0.400959	8.41525
0.419129	8.41623
0.442815	8.41493
0.459038	8.41558
0.472017	8.41461
0.482075	8.41461
0.471368	8.4159
0.455469	8.41493
0.432757	8.41655
0.380193	8.41623
0.322439	8.41785
0.258519	8.41785
0.195898	8.4198
0.145606	8.4198
0.116404	8.42109
0.0959627	8.42012
0.084282	8.42045
0.0683832	8.42142
0.0492398	8.42045
0.0271763	8.42207
0.00803286	8.42109
-0.00786589	-7.48128
-0.0250625	-7.51307
-0.0390145	-7.52508
-0.0503707	-7.53287
-0.0623759	-7.53968
-0.0753545	-7.54584
-0.0919022	-7.55168
-0.124349	-7.56109
-0.14479	-7.56693
-0.165556	-7.5718
-0.178534	-7.5744
-0.192486	-7.57602
-0.210981	-7.57991
-0.231422	-7.58283
-0.2444	-7.58543
-0.261273	-7.58673
-0.278794	-7.58932
-0.290474	-7.59095
-0.279443	-7.5903
-0.265491	-7.58867
-0.25381	-7.58608
-0.234666	-7.58381
-0.212278	-7.57991
-0.183077	-7.57505
-0.151604	-7.56791
-0.109099	-7.55785
-0.0753545	-7.54584
-0.0364188	-7.52378
0.010953	8.42239
0.0476175	8.42109
0.0761704	8.42142
0.0959627	8.42077
0.109266	8.42077
0.119649	8.4198
0.131329	8.42012
0.14885	8.42012
0.160856	8.42045
0.17643	8.41947
0.187786	8.41915
0.207578	8.41915
0.226073	8.4185
0.248136	8.41817
0.269876	8.41785
0.29421	8.41753
0.313029	8.4172
0.32471	8.41655
0.300375	8.41753
0.278961	8.41785
0.261115	8.41753
0.240025	8.4185
0.209201	8.41947
0.167994	8.4198
0.139441	8.42045
0.10959	8.42045
0.0764948	8.42045
0.038208	8.42109
0.0021925	8.42174
-0.029605	-7.51697
-0.0487484	-7.53189
-0.0623759	-7.53935
-0.0828172	-7.54812
-0.119482	-7.56045
-0.155173	-7.56921
-0.185023	-7.57537
-0.210332	-7.57926
-0.226879	-7.58218
-0.236938	-7.58348
-0.226879	-7.58186
-0.214874	-7.58024
-0.204816	-7.57829
-0.176263	-7.57342
-0.146737	-7.56758
-0.0967691	-7.55363
-0.0675673	-7.5426
-0.0416102	-7.52767
-0.0169509	-7.50107
-0.000727677	-7.43358
0.0164689	8.42142
0.0375591	8.42174
0.0602716	8.42077
0.0907713	8.42142
0.125489	8.42012
0.162478	8.42045
0.219908	8.4185
0.271822	8.4185
0.314652	8.4172
0.344502	8.41753
0.36689	8.41623
0.381816	8.41655
0.39739	8.41688
0.411018	8.41623
0.426916	8.41623
0.459038	8.41525
0.484671	8.41558
0.498623	8.41428
0.513873	8.41396
0.523931	8.41363
0.53399	8.41396
0.544697	8.41461
0.529447	8.41558
0.514197	8.41558
0.49765	8.41461
0.442815	8.41623
0.386683	8.41623
0.343529	8.41785
0.297455	8.4172
0.259817	8.41915
0.240998	8.41817
0.222504	8.4198
0.205307	8.41882
0.190382	8.42077
0.169292	8.41882
0.157611	8.41947
0.142037	8.41915
0.121595	8.42012
0.103425	8.4198
0.0849309	8.42012
0.0706545	8.42174
0.0586493	8.42045
0.0404793	8.42207
0.0229582	8.42109
0.00381482	8.42207
-0.0250625	-7.51437
-0.0487484	-7.53254
-0.0691897	-7.54292
-0.088982	-7.55039
-0.107801	-7.55688
-0.137327	-7.56434
-0.155822	-7.56921
-0.171071	-7.5718
-0.183726	-7.57505
-0.20514	-7.57764
-0.218119	-7.58121
-0.233044	-7.58316
-0.246023	-7.5851
-0.257379	-7.58673
-0.272953	-7.58867
-0.304751	-7.59289
-0.33233	-7.59581
-0.358936	-7.59906
-0.384569	-7.60165
-0.395925	-7.60133
-0.410526	-7.6036
-0.400143	-7.60295
-0.377755	-7.601
-0.344335	-7.59776
-0.32065	-7.59419
-0.296964	-7.59224
-0.255108	-7.5864
-0.222661	-7.58121
-0.193459	-7.57699
-0.152253	-7.56888
-0.109748	-7.5585
-0.0873597	-7.55071
-0.0691897	-7.54325
-0.0500463	-7.53351
-0.0312273	-7.51956
-0.00202553	-7.44721
0.0326921	8.42239
0.0615695	8.42077
0.0875266	8.42174
0.115106	8.42012
0.138468	8.42077
0.159233	8.41915
0.187462	8.42012
0.214717	8.4185
0.232887	8.41915
0.258844	8.41753
0.2702	8.41882
0.286099	8.4185
0.302646	8.41785
0.316923	8.41655
0.335093	8.41753
0.358779	8.4159
0.372731	8.4172
0.386034	8.41558
0.396741	8.41558
0.386683	8.4159
0.375326	8.41558
0.365268	8.4172
0.353587	8.41623
0.337364	8.41753
0.316923	8.41655
0.306865	8.41785
0.289668	8.41688
0.271498	8.4185
0.252679	8.41817
0.234509	8.41915
0.220557	8.4185
0.209525	8.41947
0.193951	8.4185
0.182595	8.41947
0.167669	8.41947
0.153717	8.42045
0.14009	8.41947
0.12776	8.42077
0.0953138	8.42045
0.0618939	8.42142
0.0271763	8.42077
0.00381482	8.42207
-0.0185732	-7.50301
-0.0367432	-7.52378
-0.0545888	-7.53546
-0.0662695	-7.54163
-0.088982	-7.55104
-0.109748	-7.55752
-0.133434	-7.56401
-0.155173	-7.56888
-0.166853	-7.5718
-0.182428	-7.57472
-0.197678	-7.57732
-0.211629	-7.57991
-0.236289	-7.58381
-0.261273	-7.58738
-0.281714	-7.59062
-0.304751	-7.59224
-0.315134	-7.59419
-0.32649	-7.59484
-0.338171	-7.59614
-0.358936	-7.59841
-0.375808	-7.60035
-0.399494	-7.60198
-0.419287	-7.60425
-0.431616	-7.60522
-0.419611	-7.60425
-0.404037	-7.6023
-0.388138	-7.60068
-0.352447	-7.59873
-0.320001	-7.59419
-0.286581	-7.59062
-0.227528	-7.58251
-0.167827	-7.5718
-0.103907	-7.55525
-0.0506952	-7.53384
-0.00267446	-7.45045
0.0414527	8.42109
0.0784416	8.42142
0.105697	8.42045
0.127111	8.42077
0.141063	8.4198
0.162478	8.42012
0.185839	8.41915
0.206929	8.41947
0.217961	8.41817
0.234509	8.41817
0.24911	8.41785
0.269551	8.41785
0.280583	8.41785
0.292264	8.41753
0.307189	8.4172
0.317572	8.41655
0.332173	8.41688
0.345476	8.41688
0.356183	8.41623
0.371433	8.41623
0.384411	8.41655
0.40031	8.4159
0.413938	8.41623
0.428539	8.41525
0.451576	8.41558
0.47299	8.41525
0.507383	8.41558
0.545995	8.41428
0.580712	8.41461
0.606345	8.41396
0.626786	8.41428
0.643983	8.41363
0.661828	8.41396
0.674807	8.41331
0.685839	8.41363
0.697844	8.41363
0.685839	8.41396
0.669616	8.41396
0.655015	8.41396
0.626786	8.41461
0.585579	8.41396
0.551186	8.41525
0.527825	8.41525
0.508357	8.4159
0.495703	8.41525
0.481751	8.41558
0.462283	8.4159
0.444762	8.41623
0.422374	8.41655
0.397715	8.41688
0.374029	8.41655
0.353587	8.41753
0.322763	8.41785
0.286423	8.4185
0.250732	8.4185
0.213419	8.41915
0.168967	8.42012
0.142686	8.42109
0.127436	8.42109
0.114133	8.42109
0.0936914	8.42077
0.0755214	8.42142
0.0547557	8.42109
0.0239316	8.42207
-0.00235	-7.45305
-0.0328496	-7.52086
-0.0542643	-7.53611
-0.07503	-7.54552
-0.0896309	-7.55071
-0.102934	-7.55558
-0.115588	-7.55947
-0.134407	-7.56434
-0.152253	-7.56888
-0.171396	-7.57277
-0.187619	-7.5757
-0.204491	-7.57862
-0.220066	-7.58154
-0.234991	-7.58348
-0.252188	-7.5864
-0.271006	-7.58867
-0.291448	-7.59127
-0.316107	-7.59387
-0.334601	-7.59646
-0.348878	-7.59743
-0.363154	-7.59938
-0.373537	-7.60068
-0.397548	-7.60263
-0.427723	-7.6049
-0.44427	-7.60652
-0.459845	-7.60782
-0.471201	-7.60847
-0.492616	-7.60912
-0.506892	-7.61074
-0.524738	-7.61139
-0.535445	-7.61268
-0.55037	-7.61333
-0.535769	-7.61236
-0.521168	-7.61171
-0.50819	-7.61106
-0.491642	-7.61009
-0.475095	-7.60912
-0.455627	-7.60717
-0.436483	-7.60587
-0.409228	-7.60392
-0.378404	-7.60133
-0.343038	-7.59743
-0.315783	-7.59419
-0.294368	-7.59127
-0.26614	-7.58835
-0.239209	-7.58446
-0.218443	-7.58186
-0.198975	-7.57764
-0.179832	-7.5744
-0.164907	-7.57148
-0.142194	-7.56629
-0.123375	-7.56142
-0.0938489	-7.55266
-0.047775	-7.53189
0.00997965	8.42272
0.0622184	8.42142
0.100181	8.42109
0.122569	8.42045
0.141063	8.42045
0.157286	8.42012
0.173185	8.4198
0.185515	8.41947
0.202063	8.41882
0.224451	8.4185
0.241323	8.41882
0.260142	8.41817
0.281232	8.41817
0.304918	8.4172
0.323088	8.4172
0.351316	8.41655
0.375002	8.41655
0.396741	8.4159
0.416209	8.41623
0.438921	8.41558
0.45774	8.4159
0.469746	8.41558
0.480777	8.4159
0.491485	8.41493
0.505761	8.41525
0.494729	8.41558
0.484671	8.4159
0.47299	8.4159
0.46131	8.41623
0.445735	8.41558
0.425943	8.41655
0.401933	8.41655
0.3763	8.4172
0.35229	8.41688
0.328928	8.41785
0.302646	8.41785
0.281556	8.4185
0.261115	8.41817
0.241647	8.41882
0.218935	8.41915
0.195898	8.41947
0.173185	8.4198
0.156313	8.42012
0.145281	8.42045
0.134898	8.42109
0.120946	8.42045
0.0888245	8.42142
0.056378	8.42109
0.0236071	8.42174
-0.00591911	-7.47349
-0.0406368	-7.52735
-0.0691897	-7.54325
-0.0932	-7.55233
-0.113966	-7.55915
-0.127918	-7.56239
-0.14479	-7.56693
-0.155822	-7.56921
-0.168476	-7.5718
-0.185348	-7.5757
-0.202544	-7.57862
-0.224933	-7.58218
-0.254134	-7.58608
-0.27198	-7.589
-0.290799	-7.59159
-0.30248	-7.59257
-0.313511	-7.59354
-0.332006	-7.59614
-0.344011	-7.59711
-0.361208	-7.59906
-0.377106	-7.60035
-0.401441	-7.60295
-0.419936	-7.60425
-0.433239	-7.60555
-0.457249	-7.60749
-0.46893	-7.60814
-0.485477	-7.60912
-0.470228	-7.60847
-0.451409	-7.60684
-0.433563	-7.60587
-0.400468	-7.6023
-0.348229	-7.59808
-0.312862	-7.59354
-0.267437	-7.58867
-0.226879	-7.58251
-0.18405	-7.5757
-0.148359	-7.56791
-0.0935245	-7.55266
-0.0351209	-7.52281
0.0333411	8.42109
0.0910957	8.42142
0.140414	8.42012
0.190057	8.42012
0.233211	8.4185
0.271822	8.41882
0.308487	8.4172
0.345476	8.41753
0.373055	8.41558
0.401284	8.4172
0.435352	8.41558
0.46715	8.41558
0.48532	8.41493
0.505761	8.41558
0.520362	8.41493
0.531394	8.41558
0.545995	8.41428
0.556378	8.41493
0.568058	8.41493
0.579415	8.41428
0.567085	8.41525
0.555404	8.41525
0.544048	8.41461
0.526202	8.41525
0.482075	8.41525
0.419129	8.41655
0.368837	8.41688
0.31595	8.41817
0.241972	8.4185
0.161829	8.42077
0.102128	8.42077
0.0544313	8.42239
-0.00494571	-7.47057
-0.0691897	-7.54292
-0.107476	-7.55785
-0.128891	-7.56304
-0.149981	-7.56888
-0.1688	-7.57213
-0.183726	-7.57537
-0.203518	-7.57862
-0.226879	-7.58251
-0.247969	-7.58575
-0.265166	-7.58867
-0.288528	-7.59095
-0.317729	-7.59451
-0.340117	-7.59679
-0.367697	-7.60003
-0.395276	-7.60165
-0.424478	-7.6049
-0.439728	-7.60587
-0.452382	-7.60749
-0.469903	-7.60879
-0.490993	-7.61009
-0.510461	-7.61041
-0.527009	-7.61268
-0.541934	-7.61268
-0.555886	-7.61398
-0.539338	-7.61268
-0.527982	-7.61236
-0.51403	-7.61074
-0.494562	-7.61074
-0.464387	-7.60749
-0.437457	-7.60652
-0.419936	-7.60425
-0.395601	-7.60263
-0.372564	-7.60003
-0.34174	-7.59743
-0.301506	-7.59192
-0.237587	-7.58446
-0.173343	-7.57245
-0.104232	-7.55688
-0.0607536	-7.53968
-0.0198711	-7.50691
0.00997965	8.42272
0.0411282	8.42109
0.0670854	8.42207
0.0962872	8.42045
0.120622	8.42109
0.142037	8.4198
0.157935	8.42045
0.169292	8.41915
0.18519	8.4198
0.203036	8.41915
0.21861	8.4198
0.23678	8.41817
0.259817	8.41817
0.286423	8.4172
0.314976	8.41785
0.333146	8.41655
0.352938	8.41753
0.36689	8.41655
0.379869	8.41623
0.364944	8.41655
0.353912	8.41623
0.343853	8.41785
0.328928	8.4172
0.312705	8.41785
0.270524	8.41753
0.203685	8.4198
0.121271	8.4198
0.0580004	8.42207
-0.00591911	-7.47576
-0.0646472	-7.54
-0.103258	-7.55525
-0.1237	-7.56109
-0.149981	-7.56856
-0.166204	-7.57148
-0.187295	-7.5757
-0.219741	-7.58089
-0.257703	-7.58705
-0.283985	-7.5903
-0.322596	-7.59516
-0.345633	-7.59679
-0.379378	-7.601
-0.420909	-7.60392
-0.453031	-7.60717
-0.481259	-7.60912
-0.515004	-7.61139
-0.543557	-7.61236
-0.565296	-7.61496
-0.589306	-7.61528
-0.607152	-7.61658
-0.621752	-7.61658
-0.636029	-7.61755
-0.611694	-7.61658
-0.593848	-7.61528
-0.563349	-7.61431
-0.510786	-7.61074
-0.459196	-7.60847
-0.418313	-7.60425
-0.368346	-7.60035
-0.328437	-7.59581
-0.291772	-7.59224
-0.245374	-7.5851
-0.196704	-7.57764
-0.148359	-7.56726
-0.088982	-7.55136
-0.0432325	-7.52767
0.0180913	8.42109
0.0713034	8.42174
0.119324	8.4198
0.155989	8.42077
0.190706	8.41882
0.224451	8.41947
0.257221	8.41817
0.290641	8.4185
0.318545	8.41655
0.351316	8.4172
0.388305	8.4159
0.431134	8.41655
0.474613	8.41428
0.510953	8.4159
0.545995	8.41461
0.57909	8.41493
0.613808	8.41363
0.656962	8.41461
0.681945	8.41331
0.707578	8.41428
0.737753	8.41266
0.761763	8.41396
0.782529	8.41331
0.801673	8.41396
0.811731	8.41266
0.801673	8.41428
0.789992	8.41298
0.766955	8.41363
0.725748	8.41331
0.679025	8.41428
0.626786	8.41396
0.595638	8.41493
0.573899	8.41428
0.562218	8.4159
0.545346	8.41493
0.491485	8.4159
0.40972	8.41623
0.349045	8.41785
0.29129	8.41785
0.229642	8.4198
0.172861	8.41947
0.135872	8.42109
0.104074	8.42045
0.0764948	8.42239
0.0456707	8.42142
0.00576161	8.42239
-0.0322007	-7.52021
-0.0584823	-7.53741
-0.0854129	-7.54974
-0.107476	-7.5572
-0.140247	-7.56661
-0.175938	-7.57375
-0.220066	-7.58186
-0.264517	-7.58802
-0.29891	-7.59257
-0.32357	-7.59549
-0.339793	-7.59776
-0.357963	-7.59873
-0.370617	-7.60035
-0.384245	-7.60133
-0.406308	-7.60392
-0.427723	-7.60457
-0.44784	-7.60684
-0.468281	-7.60814
-0.488073	-7.60944
-0.503647	-7.61041
-0.52344	-7.61204
-0.533498	-7.61268
-0.521493	-7.61204
-0.510137	-7.61139
-0.500078	-7.61041
-0.511759	-7.61106
-0.523764	-7.61171
-0.512408	-7.61139
