# Zeit (s)	# Kanal 1 (V)	# Kanal 2 (V)	# D0-D7	
-0.005	5.0125	2.43075	222
-0.00499	4.95	2.43075	222
-0.00498	4.95	2.49325	222
-0.00497	5.0125	2.49325	222
-0.00496	4.95	2.5245	222
-0.00495	5.0125	2.5245	222
-0.00494	4.8875	2.5245	222
-0.00493	5.0125	2.5245	222
-0.00492	4.95	2.55575	222
-0.00491	5.0125	2.55575	222
-0.0049	5.0125	2.587	222
-0.00489	5.0125	2.587	222
-0.00488	4.95	2.61825	222
-0.00487	5.0125	2.587	254
-0.00486	5.0125	2.61825	254
-0.00485	5.0125	2.6495	254
-0.00484	4.95	2.6495	254
-0.00483	4.95	2.6495	254
-0.00482	4.95	2.6495	254
-0.00481	5.0125	2.6495	254
-0.0048	4.95	2.712	254
-0.00479	5.0125	2.712	254
-0.00478	4.95	2.712	254
-0.00477	4.95	2.74325	254
-0.00476	4.95	2.74325	254
-0.00475	4.95	2.7745	254
-0.00474	4.95	2.7745	254
-0.00473	5.0125	2.80575	254
-0.00472	5.0125	2.837	254
-0.00471	5.0125	2.80575	254
-0.0047	5.0125	2.837	255
-0.00469	4.95	2.837	241
-0.00468	4.95	2.86825	241
-0.00467	5.0125	2.86825	241
-0.00466	5.0125	2.8995	241
-0.00465	5.0125	2.86825	241
-0.00464	5.075	2.8995	241
-0.00463	5.0125	2.8995	241
-0.00462	4.95	2.93075	241
-0.00461	5.0125	2.93075	241
-0.0046	4.95	2.93075	241
-0.00459	5.0125	2.962	241
-0.00458	4.95	2.99325	241
-0.00457	4.95	2.962	241
-0.00456	4.95	2.962	241
-0.00455	4.95	2.99325	241
-0.00454	4.95	3.0245	249
-0.00453	5.0125	3.05575	217
-0.00452	5.0125	3.0245	217
-0.00451	4.95	3.05575	217
-0.0045	4.95	3.05575	217
-0.00449	4.95	3.05575	217
-0.00448	5.0125	3.087	217
-0.00447	5.0125	3.087	217
-0.00446	4.95	3.11825	217
-0.00445	5.0125	3.11825	217
-0.00444	4.95	3.1495	217
-0.00443	5.0125	3.1495	217
-0.00442	4.95	3.18075	217
-0.00441	5.0125	3.18075	217
-0.0044	5.0125	3.18075	217
-0.00439	5.0125	3.1495	217
-0.00438	5.0125	3.1495	253
-0.00437	4.95	3.212	165
-0.00436	5.0125	3.24325	165
-0.00435	4.95	3.212	165
-0.00434	5.0125	3.212	165
-0.00433	5.0125	3.24325	165
-0.00432	5.0125	3.24325	165
-0.00431	5.0125	3.2745	165
-0.0043	4.95	3.2745	165
-0.00429	4.95	3.2745	165
-0.00428	5.0125	3.337	165
-0.00427	5.0125	3.30575	165
-0.00426	5.0125	3.2745	165
-0.00425	4.95	3.337	165
-0.00424	4.95	3.36825	165
-0.00423	4.95	3.337	165
-0.00422	4.95	3.36825	165
-0.00421	4.95	3.36825	245
-0.0042	4.95	3.3995	245
-0.00419	5.0125	3.3995	245
-0.00418	4.95	3.3995	245
-0.00417	4.95	3.43075	245
-0.00416	4.95	3.43075	245
-0.00415	4.95	3.462	245
-0.00414	5.0125	3.462	245
-0.00413	4.95	3.462	245
-0.00412	4.95	3.462	245
-0.00411	5.0125	3.462	245
-0.0041	5.0125	3.5245	245
-0.00409	4.95	3.49325	245
-0.00408	5.0125	3.5245	245
-0.00407	4.95	3.5245	245
-0.00406	4.95	3.5245	245
-0.00405	5.0125	3.5245	253
-0.00404	5.0125	3.55575	237
-0.00403	4.95	3.55575	237
-0.00402	5.0125	3.55575	237
-0.00401	4.95	3.587	237
-0.004	5.0125	3.587	237
-0.00399	4.95	3.61825	237
-0.00398	5.0125	3.587	237
-0.00397	5.0125	3.61825	237
-0.00396	5.0125	3.61825	237
-0.00395	4.95	3.61825	237
-0.00394	5.0125	3.61825	237
-0.00393	4.95	3.6495	237
-0.00392	5.0125	3.6495	237
-0.00391	4.95	3.712	237
-0.0039	5.0125	3.712	237
-0.00389	5.0125	3.68075	237
-0.00388	5.0125	3.68075	253
-0.00387	5.0125	3.712	253
-0.00386	4.95	3.712	253
-0.00385	4.95	3.74325	253
-0.00384	5.0125	3.74325	253
-0.00383	4.95	3.712	253
-0.00382	4.95	3.712	253
-0.00381	4.95	3.74325	253
-0.0038	5.0125	3.7745	253
-0.00379	4.95	3.7745	253
-0.00378	4.95	3.80575	253
-0.00377	4.95	3.80575	253
-0.00376	5.0125	3.837	253
-0.00375	5.0125	3.837	253
-0.00374	4.95	3.837	253
-0.00373	4.95	3.80575	253
-0.00372	5.0125	3.837	255
-0.00371	4.8875	3.86825	227
-0.0037	4.95	3.837	227
-0.00369	4.95	3.837	227
-0.00368	4.95	3.837	227
-0.00367	4.95	3.86825	227
-0.00366	4.95	3.8995	227
-0.00365	5.0125	3.86825	227
-0.00364	5.0125	3.8995	227
-0.00363	5.0125	3.93075	227
-0.00362	4.95	3.8995	227
-0.00361	4.95	3.8995	227
-0.0036	4.95	3.93075	227
-0.00359	4.95	3.93075	227
-0.00358	5.0125	3.8995	227
-0.00357	4.95	3.93075	227
-0.00356	4.95	3.93075	243
-0.00355	5.0125	3.93075	179
-0.00354	5.0125	3.962	179
-0.00353	5.0125	3.962	179
-0.00352	4.8875	3.962	179
-0.00351	5.0125	3.962	179
-0.0035	4.95	3.99325	179
-0.00349	5.0125	3.99325	179
-0.00348	4.95	3.99325	179
-0.00347	4.95	3.99325	179
-0.00346	4.95	4.0245	179
-0.00345	4.95	4.0245	179
-0.00344	5.0125	4.0245	179
-0.00343	4.95	4.0245	179
-0.00342	5.0125	4.0245	179
-0.00341	4.95	4.0245	179
-0.0034	4.95	4.0245	179
-0.00339	5.0125	4.05575	251
-0.00338	4.95	4.05575	203
-0.00337	4.95	4.0245	203
-0.00336	4.95	4.05575	203
-0.00335	4.95	4.05575	203
-0.00334	5.0125	4.087	203
-0.00333	4.95	4.087	203
-0.00332	5.0125	4.087	203
-0.00331	4.95	4.087	203
-0.0033	4.95	4.087	203
-0.00329	5.0125	4.11825	203
-0.00328	5.0125	4.11825	203
-0.00327	5.0125	4.11825	203
-0.00326	5.0125	4.11825	203
-0.00325	4.95	4.11825	203
-0.00324	4.95	4.11825	203
-0.00323	4.95	4.11825	235
-0.00322	4.95	4.1495	235
-0.00321	5.0125	4.11825	235
-0.0032	5.0125	4.1495	235
-0.00319	4.95	4.1495	235
-0.00318	4.95	4.11825	235
-0.00317	4.95	4.1495	235
-0.00316	4.95	4.18075	235
-0.00315	5.0125	4.1495	235
-0.00314	4.95	4.18075	235
-0.00313	4.95	4.18075	235
-0.00312	4.95	4.18075	235
-0.00311	4.95	4.18075	235
-0.0031	4.95	4.212	235
-0.00309	4.95	4.18075	235
-0.00308	5.0125	4.18075	235
-0.00307	4.95	4.212	235
-0.00306	4.95	4.18075	251
-0.00305	5.0125	4.212	219
-0.00304	5.0125	4.212	219
-0.00303	4.95	4.24325	219
-0.00302	4.95	4.24325	219
-0.00301	4.95	4.212	219
-0.003	4.95	4.212	219
-0.00299	5.0125	4.24325	219
-0.00298	5.0125	4.212	219
-0.00297	4.95	4.212	219
-0.00296	4.95	4.24325	219
-0.00295	5.0125	4.24325	219
-0.00294	4.95	4.212	219
-0.00293	4.95	4.24325	219
-0.00292	5.0125	4.24325	219
-0.00291	4.95	4.212	219
-0.0029	4.95	4.24325	251
-0.00289	5.0125	4.24325	187
-0.00288	4.95	4.24325	187
-0.00287	4.95	4.24325	187
-0.00286	5.0125	4.24325	187
-0.00285	4.95	4.24325	187
-0.00284	4.95	4.2745	187
-0.00283	4.95	4.212	187
-0.00282	4.95	4.2745	187
-0.00281	4.95	4.24325	187
-0.0028	5.0125	4.2745	187
-0.00279	4.95	4.24325	187
-0.00278	5.0125	4.24325	187
-0.00277	4.95	4.2745	187
-0.00276	4.95	4.2745	187
-0.00275	4.95	4.2745	187
-0.00274	4.95	4.24325	251
-0.00273	4.825	4.2745	123
-0.00272	4.95	4.2745	123
-0.00271	4.95	4.2745	123
-0.0027	4.95	4.2745	123
-0.00269	5.0125	4.2745	123
-0.00268	4.95	4.2745	123
-0.00267	5.0125	4.2745	123
-0.00266	4.95	4.2745	123
-0.00265	4.95	4.2745	123
-0.00264	5.0125	4.30575	123
-0.00263	4.95	4.2745	123
-0.00262	4.95	4.24325	123
-0.00261	4.95	4.2745	123
-0.0026	4.95	4.2745	123
-0.00259	5.0125	4.24325	123
-0.00258	4.95	4.2745	123
-0.00257	4.95	4.30575	251
-0.00256	5.0125	4.2745	251
-0.00255	4.95	4.2745	251
-0.00254	5.0125	4.30575	251
-0.00253	4.95	4.2745	251
-0.00252	4.95	4.2745	251
-0.00251	4.95	4.24325	251
-0.0025	4.95	4.2745	251
-0.00249	5.0125	4.2745	251
-0.00248	4.95	4.2745	251
-0.00247	5.0125	4.2745	251
-0.00246	4.95	4.24325	251
-0.00245	4.95	4.24325	251
-0.00244	4.95	4.24325	251
-0.00243	4.95	4.2745	251
-0.00242	5.0125	4.24325	251
-0.00241	5.0125	4.2745	251
-0.0024	4.95	4.24325	123
-0.00239	5.0125	4.24325	123
-0.00238	4.95	4.2745	123
-0.00237	5.0125	4.24325	123
-0.00236	5.0125	4.2745	123
-0.00235	4.95	4.24325	123
-0.00234	4.95	4.2745	123
-0.00233	4.95	4.24325	123
-0.00232	4.95	4.24325	123
-0.00231	5.0125	4.24325	123
-0.0023	4.95	4.24325	123
-0.00229	5.0125	4.24325	123
-0.00228	5.0125	4.24325	123
-0.00227	5.0125	4.2745	123
-0.00226	5.0125	4.24325	123
-0.00225	5.0125	4.212	123
-0.00224	4.95	4.212	123
-0.00223	5.0125	4.212	59
-0.00222	5.0125	4.24325	59
-0.00221	4.95	4.212	59
-0.0022	4.95	4.212	59
-0.00219	4.95	4.212	59
-0.00218	4.95	4.212	59
-0.00217	4.95	4.18075	59
-0.00216	5.0125	4.212	59
-0.00215	4.95	4.18075	59
-0.00214	5.0125	4.18075	59
-0.00213	4.8875	4.18075	59
-0.00212	4.95	4.212	59
-0.00211	4.95	4.212	59
-0.0021	4.95	4.18075	59
-0.00209	5.0125	4.18075	59
-0.00208	4.95	4.18075	187
-0.00207	4.95	4.18075	155
-0.00206	4.95	4.11825	155
-0.00205	4.95	4.18075	155
-0.00204	4.95	4.1495	155
-0.00203	5.0125	4.18075	155
-0.00202	5.0125	4.1495	155
-0.00201	4.95	4.11825	155
-0.002	5.0125	4.11825	155
-0.00199	5.0125	4.11825	155
-0.00198	5.0125	4.11825	155
-0.00197	4.95	4.087	155
-0.00196	5.0125	4.087	155
-0.00195	4.95	4.1495	155
-0.00194	4.95	4.1495	155
-0.00193	4.95	4.11825	155
-0.00192	4.95	4.087	251
-0.00191	0.0124999	4.11825	107
-0.0019	4.95	4.087	107
-0.00189	4.95	4.087	107
-0.00188	4.95	4.087	107
-0.00187	5.0125	4.087	107
-0.00186	4.95	4.05575	107
-0.00185	4.95	4.087	107
-0.00184	4.95	4.0245	107
-0.00183	4.95	4.05575	107
-0.00182	4.95	4.0245	107
-0.00181	4.95	3.99325	107
-0.0018	5.0125	3.99325	107
-0.00179	4.95	3.99325	107
-0.00178	4.95	4.0245	107
-0.00177	4.95	4.0245	107
-0.00176	4.8875	3.99325	107
-0.00175	4.95	3.99325	107
-0.00174	4.95	3.99325	11
-0.00173	5.0125	3.99325	11
-0.00172	4.95	3.962	11
-0.00171	5.0125	3.99325	11
-0.0017	5.0125	3.962	11
-0.00169	4.95	3.93075	11
-0.00168	4.95	3.962	11
-0.00167	4.95	3.93075	11
-0.00166	4.95	3.93075	11
-0.00165	5.0125	3.8995	11
-0.00164	5.0125	3.93075	11
-0.00163	4.95	3.8995	11
-0.00162	4.95	3.8995	11
-0.00161	5.0125	3.8995	11
-0.0016	4.95	3.86825	11
-0.00159	5.0125	3.8995	91
-0.00158	5.0125	3.837	83
-0.00157	4.95	3.8995	83
-0.00156	4.95	3.86825	83
-0.00155	5.0125	3.86825	83
-0.00154	4.95	3.837	83
-0.00153	4.95	3.837	83
-0.00152	5.075	3.837	83
-0.00151	5.0125	3.837	83
-0.0015	5.0125	3.837	83
-0.00149	4.95	3.80575	83
-0.00148	4.95	3.80575	83
-0.00147	5.0125	3.80575	83
-0.00146	4.95	3.7745	83
-0.00145	4.95	3.7745	83
-0.00144	4.95	3.74325	83
-0.00143	5.0125	3.74325	115
-0.00142	4.95	3.7745	35
-0.00141	5.0125	3.74325	35
-0.0014	5.0125	3.712	35
-0.00139	4.95	3.712	35
-0.00138	4.95	3.712	35
-0.00137	5.0125	3.712	35
-0.00136	5.0125	3.712	35
-0.00135	4.95	3.68075	35
-0.00134	4.95	3.68075	35
-0.00133	5.0125	3.6495	35
-0.00132	5.0125	3.68075	35
-0.00131	4.95	3.6495	35
-0.0013	5.0125	3.6495	35
-0.00129	4.95	3.61825	35
-0.00128	5.0125	3.61825	35
-0.00127	4.95	3.61825	35
-0.00126	4.95	3.61825	35
-0.00125	4.95	3.587	3
-0.00124	4.95	3.587	3
-0.00123	4.95	3.587	3
-0.00122	5.0125	3.587	3
-0.00121	4.95	3.587	3
-0.0012	4.95	3.55575	3
-0.00119	5.0125	3.55575	3
-0.00118	5.0125	3.55575	3
-0.00117	5.0125	3.5245	3
-0.00116	5.0125	3.5245	3
-0.00115	5.0125	3.49325	3
-0.00114	5.0125	3.462	3
-0.00113	4.95	3.462	3
-0.00112	4.95	3.462	3
-0.00111	5.0125	3.462	3
-0.0011	4.95	3.43075	47
-0.00109	3.45	3.43075	45
-0.00108	4.95	3.43075	45
-0.00107	5.0125	3.43075	45
-0.00106	4.95	3.3995	45
-0.00105	4.95	3.36825	45
-0.00104	5.0125	3.36825	45
-0.00103	5.0125	3.36825	45
-0.00102	4.95	3.36825	45
-0.00101	4.95	3.337	45
-0.001	4.95	3.36825	45
-0.00099	5.0125	3.30575	45
-0.00098	4.95	3.337	45
-0.00097	4.95	3.2745	45
-0.00096	5.0125	3.2745	45
-0.00095	5.0125	3.2745	45
-0.00094	4.95	3.2745	45
-0.00093	4.95	3.24325	61
-0.00092	4.95	3.2745	53
-0.00091	4.95	3.24325	53
-0.0009	5.0125	3.212	53
-0.00089	5.0125	3.24325	53
-0.00088	5.0125	3.24325	53
-0.00087	5.0125	3.212	53
-0.00086	4.95	3.18075	53
-0.00085	4.95	3.18075	53
-0.00084	4.95	3.18075	53
-0.00083	5.0125	3.1495	53
-0.00082	5.0125	3.1495	53
-0.00081	5.0125	3.1495	53
-0.0008	5.0125	3.11825	53
-0.00079	4.95	3.11825	53
-0.00078	4.95	3.11825	53
-0.00077	5.0125	3.087	117
-0.00076	5.0125	3.087	69
-0.00075	5.0125	3.05575	69
-0.00074	5.0125	3.0245	69
-0.00073	5.0125	3.0245	69
-0.00072	5.0125	3.0245	69
-0.00071	5.0125	3.0245	69
-0.0007	4.95	2.99325	69
-0.00069	5.0125	3.0245	69
-0.00068	5.0125	2.962	69
-0.00067	4.95	2.962	69
-0.00066	4.95	2.962	69
-0.00065	4.95	2.93075	69
-0.00064	5.0125	2.93075	69
-0.00063	5.0125	2.93075	69
-0.00062	4.95	2.93075	69
-0.00061	4.95	2.8995	93
-0.0006	4.95	2.8995	25
-0.00059	4.95	2.8995	25
-0.00058	4.95	2.86825	25
-0.00057	5.0125	2.86825	25
-0.00056	5.0125	2.837	25
-0.00055	4.95	2.837	25
-0.00054	4.95	2.837	25
-0.00053	4.95	2.80575	25
-0.00052	5.0125	2.837	25
-0.00051	5.0125	2.74325	25
-0.0005	4.95	2.7745	25
-0.00049	4.8875	2.74325	25
-0.00048	4.95	2.74325	25
-0.00047	4.95	2.74325	25
-0.00046	4.95	2.712	25
-0.00045	5.0125	2.712	25
-0.00044	4.95	2.68075	25
-0.00043	4.95	2.68075	9
-0.00042	4.95	2.68075	9
-0.00041	4.95	2.6495	9
-0.0004	5.0125	2.61825	9
-0.00039	4.95	2.61825	9
-0.00038	5.0125	2.61825	9
-0.00037	4.95	2.61825	9
-0.00036	4.95	2.587	9
-0.00035	5.0125	2.587	9
-0.00034	5.0125	2.55575	9
-0.00033	5.0125	2.587	9
-0.00032	5.0125	2.55575	9
-0.00031	5.0125	2.55575	9
-0.0003	4.95	2.5245	9
-0.00029	4.95	2.5245	9
-0.00028	5.0125	2.49325	41
-0.00027	4.95	2.49325	33
-0.00026	4.95	2.462	33
-0.00025	4.95	2.462	33
-0.00024	4.95	2.43075	33
-0.00023	5.0125	2.43075	33
-0.00022	5.0125	2.43075	33
-0.00021	4.95	2.43075	33
-0.0002	4.95	2.3995	33
-0.00019	5.0125	2.36825	33
-0.00018	4.95	2.36825	33
-0.00017	4.95	2.337	33
-0.00016	4.95	2.337	33
-0.00015	5.0125	2.36825	33
-0.00014	4.95	2.30575	33
-0.00013	5.0125	2.30575	33
-0.00012	5.0125	2.30575	33
-0.00011	4.95	2.2745	33
-0.0001	4.95	2.30575	1
-0.00009	4.95	2.2745	1
-0.00008	4.95	2.24325	1
-0.00007	5.0125	2.212	1
-0.00006	4.95	2.212	1
-0.00005	4.95	2.212	1
-0.00004	4.95	2.18075	1
-0.00003	4.95	2.18075	1
-0.00002	4.95	2.1495	1
-0.00001	4.95	2.18075	1
-0.0000000000000000140946	5.0125	2.18075	1
0.00001	4.95	2.1495	1
0.00002	4.95	2.11825	1
0.00003	5.0125	2.11825	1
0.00004	4.95	2.087	1
0.00005	4.95	2.087	15
0.00006	5.0125	2.11825	14
0.00007	4.95	2.05575	14
0.00008	5.0125	2.05575	14
0.00009	4.95	2.05575	14
0.0001	4.95	2.0245	14
0.00011	5.0125	2.0245	14
0.00012	4.95	1.99325	14
0.00013	4.95	1.99325	14
0.00014	5.0125	1.93075	14
0.00015	5.0125	1.962	14
0.00016	4.95	1.93075	14
0.00017	4.95	1.93075	14
0.00018	4.95	1.962	14
0.00019	5.0125	1.8995	14
0.0002	5.0125	1.8995	14
0.00021	4.95	1.86825	46
0.00022	5.0125	1.86825	38
0.00023	4.95	1.86825	38
0.00024	4.95	1.837	38
0.00025	5.0125	1.837	38
0.00026	4.95	1.80575	38
0.00027	5.0125	1.80575	38
0.00028	5.0125	1.80575	38
0.00029	4.95	1.80575	38
0.0003	5.0125	1.74325	38
0.00031	5.0125	1.74325	38
0.00032	5.0125	1.74325	38
0.00033	4.95	1.712	38
0.00034	4.95	1.74325	38
0.00035	4.95	1.712	38
0.00036	4.95	1.68075	38
0.00037	4.95	1.712	38
0.00038	4.95	1.68075	62
0.00039	4.95	1.68075	26
0.0004	4.95	1.6495	26
0.00041	5.0125	1.6495	26
0.00042	5.0125	1.61825	26
0.00043	5.0125	1.61825	26
0.00044	4.95	1.61825	26
0.00045	4.95	1.587	26
0.00046	4.95	1.587	26
0.00047	5.0125	1.55575	26
0.00048	4.95	1.55575	26
0.00049	4.95	1.55575	26
0.0005	4.95	1.55575	26
0.00051	5.0125	1.5245	26
0.00052	4.95	1.49325	26
0.00053	5.0125	1.49325	26
0.00054	5.0125	1.49325	26
0.00055	5.0125	1.49325	10
0.00056	4.95	1.462	10
0.00057	5.0125	1.43075	10
0.00058	4.95	1.462	10
0.00059	4.95	1.3995	10
0.0006	4.95	1.3995	10
0.00061	4.95	1.36825	10
0.00062	4.95	1.36825	10
0.00063	5.0125	1.36825	10
0.00064	4.95	1.337	10
0.00065	5.0125	1.36825	10
0.00066	4.8875	1.337	10
0.00067	4.95	1.36825	10
0.00068	5.0125	1.30575	10
0.00069	5.0125	1.337	10
0.0007	5.0125	1.2745	10
0.00071	4.95	1.30575	26
0.00072	4.95	1.2745	18
0.00073	4.95	1.2745	18
0.00074	4.95	1.30575	18
0.00075	4.95	1.212	18
0.00076	4.95	1.2745	18
0.00077	5.0125	1.24325	18
0.00078	5.0125	1.212	18
0.00079	5.075	1.212	18
0.0008	4.95	1.212	18
0.00081	5.0125	1.18075	18
0.00082	5.0125	1.18075	18
0.00083	5.0125	1.18075	18
0.00084	4.95	1.1495	18
0.00085	5.0125	1.1495	18
0.00086	5.0125	1.1495	18
0.00087	4.95	1.11825	18
0.00088	4.95	1.087	2
0.00089	4.95	1.11825	2
0.0009	5.0125	1.11825	2
0.00091	5.0125	1.087	2
0.00092	4.95	1.05575	2
0.00093	5.0125	1.05575	2
0.00094	5.0125	1.05575	2
0.00095	4.95	1.05575	2
0.00096	5.0125	0.99325	2
0.00097	4.95	0.99325	2
0.00098	4.95	0.99325	2
0.00099	4.95	0.962	2
0.001	5.0125	0.962	2
0.00101	4.95	0.962	2
0.00102	4.95	0.93075	2
0.00103	5.0125	0.93075	46
0.00104	5.0125	0.962	44
0.00105	5.0125	0.93075	44
0.00106	5.0125	0.8995	44
0.00107	4.95	0.93075	44
0.00108	4.95	0.93075	44
0.00109	5.0125	0.8995	44
0.0011	5.0125	0.8995	44
0.00111	5.0125	0.8995	44
0.00112	4.95	0.86825	44
0.00113	4.95	0.86825	44
0.00114	4.95	0.86825	44
0.00115	5.0125	0.837	44
0.00116	4.95	0.837	44
0.00117	5.0125	0.837	44
0.00118	5.075	0.80575	44
0.00119	5.0125	0.837	44
0.0012	5.0125	0.80575	44
0.00121	4.95	0.80575	12
0.00122	4.95	0.80575	12
0.00123	4.95	0.80575	12
0.00124	5.0125	0.74325	12
0.00125	4.95	0.7745	12
0.00126	5.0125	0.7745	12
0.00127	4.95	0.74325	12
0.00128	5.0125	0.74325	12
0.00129	5.0125	0.74325	12
0.0013	4.95	0.74325	12
0.00131	5.0125	0.712	12
0.00132	4.8875	0.712	12
0.00133	4.95	0.712	12
0.00134	4.95	0.712	12
0.00135	4.95	0.6495	12
0.00136	5.0125	0.68075	108
0.00137	5.0125	0.68075	100
0.00138	5.0125	0.68075	100
0.00139	4.95	0.6495	100
0.0014	4.95	0.6495	100
0.00141	4.95	0.61825	100
0.00142	5.0125	0.61825	100
0.00143	4.95	0.6495	100
0.00144	5.0125	0.587	100
0.00145	5.0125	0.61825	100
0.00146	4.95	0.61825	100
0.00147	5.0125	0.587	100
0.00148	4.95	0.61825	100
0.00149	4.95	0.61825	100
0.0015	4.95	0.587	100
0.00151	4.95	0.587	100
0.00152	4.95	0.55575	100
0.00153	5.0125	0.587	100
0.00154	4.95	0.5245	4
0.00155	5.0125	0.5245	4
0.00156	5.0125	0.55575	4
0.00157	4.95	0.5245	4
0.00158	4.95	0.55575	4
0.00159	4.95	0.5245	4
0.0016	5.0125	0.5245	4
0.00161	5.0125	0.49325	4
0.00162	5.0125	0.49325	4
0.00163	4.95	0.49325	4
0.00164	5.0125	0.5245	4
0.00165	4.95	0.49325	4
0.00166	5.0125	0.462	4
0.00167	5.0125	0.462	4
0.00168	4.95	0.49325	4
0.00169	4.95	0.462	92
0.0017	4.95	0.43075	88
0.00171	4.95	0.462	88
0.00172	4.95	0.462	88
0.00173	4.95	0.462	88
0.00174	5.0125	0.462	88
0.00175	4.95	0.462	88
0.00176	4.8875	0.43075	88
0.00177	4.95	0.3995	88
0.00178	5.0125	0.43075	88
0.00179	4.95	0.43075	88
0.0018	4.95	0.3995	88
0.00181	4.95	0.3995	88
0.00182	4.95	0.3995	88
0.00183	4.95	0.43075	88
0.00184	4.95	0.3995	88
0.00185	4.95	0.43075	120
0.00186	4.95	0.3995	104
0.00187	5.0125	0.3995	104
0.00188	5.0125	0.36825	104
0.00189	4.95	0.36825	104
0.0019	4.95	0.36825	104
0.00191	4.95	0.3995	104
0.00192	5.0125	0.36825	104
0.00193	5.0125	0.36825	104
0.00194	4.95	0.36825	104
0.00195	5.0125	0.36825	104
0.00196	5.0125	0.337	104
0.00197	5.0125	0.36825	104
0.00198	4.95	0.337	104
0.00199	4.95	0.337	104
0.002	4.95	0.36825	104
0.00201	4.8875	0.337	104
0.00202	4.95	0.30575	104
0.00203	4.95	0.36825	40
0.00204	5.0125	0.337	40
0.00205	5.0125	0.337	40
0.00206	4.95	0.30575	40
0.00207	5.0125	0.30575	40
0.00208	4.95	0.337	40
0.00209	5.0125	0.337	40
0.0021	4.95	0.337	40
0.00211	4.95	0.30575	40
0.00212	4.95	0.2745	40
0.00213	5.0125	0.337	40
0.00214	5.0125	0.2745	40
0.00215	4.95	0.2745	40
0.00216	5.0125	0.30575	40
0.00217	4.95	0.2745	40
0.00218	4.95	0.30575	104
0.00219	4.95	0.30575	72
0.0022	5.0125	0.2745	72
0.00221	5.0125	0.30575	72
0.00222	5.0125	0.30575	72
0.00223	4.95	0.2745	72
0.00224	4.95	0.2745	72
0.00225	4.95	0.30575	72
0.00226	4.95	0.337	72
0.00227	4.95	0.30575	72
0.00228	5.0125	0.30575	72
0.00229	4.95	0.2745	72
0.0023	4.95	0.2745	72
0.00231	4.95	0.2745	72
0.00232	4.95	0.2745	72
0.00233	5.0125	0.2745	72
0.00234	5.0125	0.2745	72
0.00235	4.95	0.2745	200
0.00236	4.95	0.2745	136
0.00237	5.0125	0.24325	136
0.00238	5.0125	0.30575	136
0.00239	5.0125	0.30575	136
0.0024	4.95	0.30575	136
0.00241	4.95	0.2745	136
0.00242	4.95	0.2745	136
0.00243	5.0125	0.30575	136
0.00244	5.0125	0.2745	136
0.00245	4.95	0.2745	136
0.00246	4.95	0.2745	136
0.00247	5.0125	0.2745	136
0.00248	5.0125	0.30575	136
0.00249	4.95	0.30575	136
0.0025	5.0125	0.2745	136
0.00251	5.0125	0.2745	136
0.00252	4.95	0.2745	136
0.00253	5.0125	0.2745	136
0.00254	4.95	0.30575	136
0.00255	5.0125	0.2745	136
0.00256	4.95	0.30575	136
0.00257	5.0125	0.30575	136
0.00258	4.95	0.30575	136
0.00259	4.95	0.2745	136
0.0026	4.95	0.2745	136
0.00261	5.0125	0.337	136
0.00262	5.0125	0.30575	136
0.00263	4.95	0.30575	136
0.00264	4.95	0.30575	136
0.00265	5.0125	0.337	136
0.00266	4.95	0.337	136
0.00267	4.95	0.337	200
0.00268	5.0125	0.30575	72
0.00269	4.95	0.337	72
0.0027	5.0125	0.30575	72
0.00271	4.95	0.337	72
0.00272	4.95	0.337	72
0.00273	5.0125	0.337	72
0.00274	4.95	0.36825	72
0.00275	5.0125	0.337	72
0.00276	5.0125	0.337	72
0.00277	5.0125	0.36825	72
0.00278	4.95	0.36825	72
0.00279	5.0125	0.337	72
0.0028	4.8875	0.36825	72
0.00281	5.0125	0.36825	72
0.00282	5.0125	0.36825	72
0.00283	4.95	0.36825	72
0.00284	4.95	0.36825	232
0.00285	5.0125	0.36825	168
0.00286	4.95	0.3995	168
0.00287	4.95	0.3995	168
0.00288	4.95	0.36825	168
0.00289	5.0125	0.36825	168
0.0029	4.95	0.3995	168
0.00291	4.95	0.3995	168
0.00292	4.95	0.3995	168
0.00293	4.95	0.3995	168
0.00294	4.95	0.43075	168
0.00295	4.95	0.43075	168
0.00296	4.95	0.43075	168
0.00297	4.95	0.3995	168
0.00298	5.0125	0.43075	168
0.00299	5.0125	0.43075	168
0.003	5.0125	0.43075	232
0.00301	5.0125	0.43075	232
0.00302	5.0125	0.462	232
0.00303	4.95	0.3995	232
0.00304	5.0125	0.43075	232
0.00305	4.95	0.462	232
0.00306	4.95	0.43075	232
0.00307	5.0125	0.49325	232
0.00308	4.95	0.49325	232
0.00309	5.0125	0.49325	232
0.0031	4.95	0.462	232
0.00311	4.95	0.462	232
0.00312	4.95	0.5245	232
0.00313	5.0125	0.49325	232
0.00314	4.95	0.5245	232
0.00315	5.0125	0.49325	232
0.00316	4.95	0.5245	232
0.00317	5.075	0.5245	248
0.00318	4.95	0.5245	184
0.00319	4.95	0.49325	184
0.0032	5.0125	0.5245	184
0.00321	4.95	0.587	184
0.00322	4.95	0.55575	184
0.00323	4.95	0.55575	184
0.00324	4.95	0.5245	184
0.00325	5.0125	0.587	184
0.00326	4.95	0.587	184
0.00327	4.95	0.587	184
0.00328	4.95	0.61825	184
0.00329	4.95	0.61825	184
0.0033	4.95	0.61825	184
0.00331	5.0125	0.61825	184
0.00332	4.95	0.587	184
0.00333	4.95	0.6495	248
0.00334	4.95	0.61825	248
0.00335	5.0125	0.6495	248
0.00336	5.0125	0.6495	248
0.00337	4.95	0.6495	248
0.00338	4.95	0.68075	248
0.00339	5.0125	0.6495	248
0.0034	5.0125	0.712	248
0.00341	4.95	0.68075	248
0.00342	4.95	0.68075	248
0.00343	5.0125	0.68075	248
0.00344	5.0125	0.74325	248
0.00345	4.95	0.712	248
0.00346	4.95	0.74325	248
0.00347	4.95	0.7745	248
0.00348	5.0125	0.712	248
0.00349	4.95	0.74325	252
0.0035	0.0749998	0.7745	228
0.00351	5.0125	0.7745	228
0.00352	4.8875	0.74325	228
0.00353	4.95	0.7745	228
0.00354	4.95	0.7745	228
0.00355	5.0125	0.80575	228
0.00356	5.0125	0.837	228
0.00357	5.0125	0.837	228
0.00358	5.0125	0.837	228
0.00359	5.0125	0.837	228
0.0036	4.95	0.86825	228
0.00361	4.95	0.837	228
0.00362	4.95	0.86825	228
0.00363	5.0125	0.86825	228
0.00364	5.0125	0.8995	228
0.00365	5.0125	0.86825	228
0.00366	5.0125	0.86825	244
0.00367	4.95	0.86825	244
0.00368	5.0125	0.93075	244
0.00369	4.95	0.93075	244
0.0037	4.95	0.93075	244
0.00371	4.95	0.93075	244
0.00372	4.95	0.93075	244
0.00373	4.95	0.962	244
0.00374	4.95	0.99325	244
0.00375	5.0125	0.99325	244
0.00376	4.95	0.99325	244
0.00377	4.95	0.99325	244
0.00378	4.95	1.0245	244
0.00379	4.95	1.0245	244
0.0038	4.95	1.0245	244
0.00381	5.0125	1.0245	244
0.00382	5.0125	1.05575	252
0.00383	4.95	1.05575	236
0.00384	5.0125	1.087	236
0.00385	4.95	1.087	236
0.00386	4.95	1.087	236
0.00387	4.95	1.11825	236
0.00388	4.95	1.11825	236
0.00389	5.0125	1.11825	236
0.0039	5.0125	1.11825	236
0.00391	4.95	1.1495	236
0.00392	5.0125	1.1495	236
0.00393	5.0125	1.1495	236
0.00394	4.95	1.18075	236
0.00395	4.95	1.18075	236
0.00396	5.0125	1.18075	236
0.00397	4.95	1.212	236
0.00398	4.95	1.18075	252
0.00399	5.0125	1.24325	252
0.004	4.95	1.2745	252
0.00401	4.95	1.2745	252
0.00402	5.0125	1.24325	252
0.00403	5.0125	1.2745	252
0.00404	4.95	1.30575	252
0.00405	5.0125	1.30575	252
0.00406	4.95	1.30575	252
0.00407	5.0125	1.30575	252
0.00408	5.0125	1.337	252
0.00409	4.95	1.337	252
0.0041	5.0125	1.337	252
0.00411	5.0125	1.36825	252
0.00412	4.95	1.36825	252
0.00413	4.95	1.36825	252
0.00414	5.0125	1.3995	252
0.00415	5.0125	1.3995	254
0.00416	5.0125	1.3995	226
0.00417	5.0125	1.43075	226
0.00418	4.95	1.43075	226
0.00419	4.95	1.43075	226
0.0042	4.95	1.462	226
0.00421	5.0125	1.49325	226
0.00422	5.0125	1.49325	226
0.00423	4.95	1.49325	226
0.00424	4.95	1.49325	226
0.00425	5.0125	1.5245	226
0.00426	4.95	1.5245	226
0.00427	4.95	1.5245	226
0.00428	5.0125	1.587	226
0.00429	4.95	1.587	226
0.0043	4.95	1.587	226
0.00431	4.95	1.587	242
0.00432	0.0124999	1.61825	242
0.00433	4.95	1.61825	242
0.00434	4.95	1.6495	242
0.00435	5.0125	1.61825	242
0.00436	4.95	1.6495	242
0.00437	5.0125	1.68075	242
0.00438	4.95	1.68075	242
0.00439	4.95	1.712	242
0.0044	5.0125	1.712	242
0.00441	5.075	1.68075	242
0.00442	4.95	1.712	242
0.00443	4.95	1.74325	242
0.00444	4.95	1.74325	242
0.00445	4.95	1.7745	242
0.00446	5.0125	1.7745	242
0.00447	4.95	1.80575	242
0.00448	4.95	1.80575	250
0.00449	4.95	1.80575	218
0.0045	4.95	1.837	218
0.00451	5.0125	1.837	218
0.00452	5.0125	1.837	218
0.00453	5.0125	1.86825	218
0.00454	5.075	1.86825	218
0.00455	4.95	1.86825	218
0.00456	5.0125	1.8995	218
0.00457	4.95	1.93075	218
0.00458	4.95	1.93075	218
0.00459	5.0125	1.962	218
0.0046	4.95	1.93075	218
0.00461	4.95	1.962	218
0.00462	4.95	1.962	218
0.00463	5.0125	1.99325	218
0.00464	5.075	1.99325	254
0.00465	4.95	2.0245	230
0.00466	4.95	2.0245	230
0.00467	4.95	2.0245	230
0.00468	4.95	2.05575	230
0.00469	4.95	2.05575	230
0.0047	4.95	2.05575	230
0.00471	5.0125	2.087	230
0.00472	5.0125	2.11825	230
0.00473	5.0125	2.087	230
0.00474	5.0125	2.11825	230
0.00475	5.0125	2.1495	230
0.00476	5.0125	2.1495	230
0.00477	5.0125	2.18075	230
0.00478	4.95	2.1495	230
0.00479	5.0125	2.18075	230
0.0048	4.95	2.212	246
0.00481	5.0125	2.212	246
0.00482	5.0125	2.18075	246
0.00483	5.0125	2.24325	246
0.00484	4.95	2.24325	246
0.00485	5.0125	2.2745	246
0.00486	5.0125	2.2745	246
0.00487	5.0125	2.2745	246
0.00488	4.95	2.2745	246
0.00489	4.95	2.337	246
0.0049	5.0125	2.30575	246
0.00491	5.0125	2.337	246
0.00492	5.0125	2.337	246
0.00493	4.95	2.36825	246
0.00494	5.0125	2.337	246
0.00495	4.95	2.3995	246
0.00496	4.95	2.3995	246
0.00497	4.95	2.3995	254
0.00498	5.0125	2.43075	222
0.00499	4.95	2.43075	222
