# Zeit (s)	# Kanal 1 (V)	# Kanal 2 (V)	# D0-D7	
-1	5.0125	0.9875	0
-0.998	4.95	0.9875	0
-0.996	4.95	0.9875	0
-0.994	5.0125	0.9875	0
-0.992	4.95	0.9875	0
-0.99	4.95	0.9875	0
-0.988	5.0125	0.925	0
-0.986	4.95	0.9875	0
-0.984	5.0125	0.9875	0
-0.982	5.0125	0.925	0
-0.98	5.0125	0.9875	0
-0.978	4.95	0.9875	0
-0.976	4.95	0.9875	0
-0.974	4.95	0.925	0
-0.972	4.95	0.9875	0
-0.97	4.95	0.9875	0
-0.968	5.0125	1.05	0
-0.966	5.075	0.9875	0
-0.964	5.0125	0.925	0
-0.962	4.95	0.9875	0
-0.96	5.0125	0.9875	0
-0.958	5.0125	0.9875	0
-0.956	5.0125	0.9875	0
-0.954	5.0125	0.925	0
-0.952	4.95	0.925	0
-0.95	5.0125	0.9875	0
-0.948	4.95	0.9875	0
-0.946	4.95	0.9875	0
-0.944	4.95	0.9875	0
-0.942	4.95	0.925	0
-0.94	4.95	0.9875	0
-0.938	5.0125	1.05	0
-0.936	4.95	0.925	0
-0.934	5.0125	0.925	0
-0.932	4.95	0.9875	0
-0.93	5.0125	0.9875	0
-0.928	4.95	0.925	0
-0.926	4.95	0.9875	0
-0.924	4.95	0.8625	0
-0.922	4.95	0.9875	0
-0.92	5.0125	0.925	0
-0.918	4.95	0.9875	0
-0.916	4.95	1.05	0
-0.914	5.0125	0.9875	0
-0.912	4.95	0.9875	0
-0.91	4.95	0.925	0
-0.908	5.0125	0.9875	0
-0.906	5.0125	0.9875	0
-0.904	4.95	0.9875	0
-0.902	4.95	0.925	0
-0.9	5.0125	0.9875	0
-0.898	4.95	1.05	0
-0.896	4.95	0.9875	0
-0.894	4.95	0.9875	0
-0.892	5.0125	0.9875	0
-0.89	4.95	0.9875	0
-0.888	4.95	0.925	0
-0.886	4.95	0.9875	0
-0.884	5.0125	0.925	0
-0.882	4.95	0.9875	0
-0.88	5.0125	0.9875	0
-0.878	5.0125	0.9875	0
-0.876	4.95	0.925	0
-0.874	5.0125	0.9875	0
-0.872	4.95	0.9875	0
-0.87	4.95	0.9875	0
-0.868	5.0125	1.05	0
-0.866	4.95	0.9875	0
-0.864	4.95	0.9875	0
-0.862	4.95	0.925	0
-0.86	5.0125	0.9875	0
-0.858	4.95	0.925	0
-0.856	5.075	0.9875	0
-0.854	4.95	0.9875	0
-0.852	5.0125	0.925	0
-0.85	5.0125	0.925	0
-0.848	4.95	0.9875	0
-0.846	4.95	0.9875	0
-0.844	5.0125	0.925	0
-0.842	5.0125	0.925	0
-0.84	4.95	0.925	0
-0.838	5.0125	0.925	0
-0.836	5.0125	0.925	0
-0.834	5.0125	1.05	0
-0.832	5.0125	0.9875	0
-0.83	4.95	0.925	0
-0.828	5.0125	0.9875	0
-0.826	5.0125	0.9875	0
-0.824	4.95	0.925	0
-0.822	4.95	0.925	0
-0.82	5.0125	0.9875	0
-0.818	5.0125	0.9875	0
-0.816	4.95	0.925	0
-0.814	4.95	0.925	0
-0.812	4.95	0.9875	0
-0.81	5.0125	0.9875	0
-0.808	4.95	0.9875	0
-0.806	5.0125	1.05	0
-0.804	5.0125	0.925	0
-0.802	5.0125	0.9875	0
-0.8	5.0125	0.925	0
-0.798	5.075	0.9875	0
-0.796	4.95	0.9875	0
-0.794	5.0125	0.9875	0
-0.792	4.95	1.05	0
-0.79	4.95	0.9875	0
-0.788	4.95	0.9875	0
-0.786	5.0125	0.9875	0
-0.784	5.0125	0.9875	0
-0.782	5.0125	0.9875	0
-0.78	5.0125	0.9875	0
-0.778	4.95	0.9875	0
-0.776	4.95	0.925	0
-0.774	5.0125	0.9875	0
-0.772	5.0125	0.925	0
-0.77	4.95	0.9875	0
-0.768	4.95	0.9875	0
-0.766	5.0125	0.9875	0
-0.764	5.0125	0.9875	0
-0.762	4.95	0.9875	0
-0.76	5.0125	0.9875	0
-0.758	4.95	0.9875	0
-0.756	4.95	0.9875	0
-0.754	5.0125	0.9875	0
-0.752	5.0125	0.9875	0
-0.75	5.0125	0.9875	0
-0.748	4.95	0.925	0
-0.746	4.95	0.9875	0
-0.744	4.95	1.05	0
-0.742	5.0125	0.9875	0
-0.74	5.0125	0.925	0
-0.738	5.0125	1.05	0
-0.736	5.0125	0.9875	0
-0.734	4.95	0.925	0
-0.732	5.0125	0.9875	0
-0.73	4.95	0.9875	0
-0.728	4.95	0.9875	0
-0.726	5.0125	0.9875	0
-0.724	5.0125	0.9875	0
-0.722	5.0125	0.925	0
-0.72	5.0125	0.9875	0
-0.718	4.95	0.925	0
-0.716	4.95	0.925	0
-0.714	4.95	0.9875	0
-0.712	4.95	0.9875	0
-0.71	5.0125	0.925	0
-0.708	4.95	0.9875	0
-0.706	5.0125	0.9875	0
-0.704	5.0125	0.9875	0
-0.702	4.95	0.925	0
-0.7	4.95	0.925	0
-0.698	4.95	0.925	0
-0.696	5.0125	0.9875	0
-0.694	4.95	0.9875	0
-0.692	5.0125	0.9875	0
-0.69	5.0125	0.9875	0
-0.688	5.0125	0.9875	0
-0.686	5.0125	1.05	0
-0.684	4.95	0.9875	0
-0.682	5.0125	1.05	0
-0.68	5.0125	0.9875	0
-0.678	5.0125	1.05	0
-0.676	4.95	0.9875	0
-0.674	4.95	0.9875	0
-0.672	4.95	0.9875	0
-0.67	5.0125	0.925	0
-0.668	5.0125	0.9875	0
-0.666	5.0125	0.9875	0
-0.664	4.95	1.05	0
-0.662	5.0125	1.05	0
-0.66	5.0125	0.9875	0
-0.658	4.95	0.9875	0
-0.656	4.95	1.05	0
-0.654	5.0125	0.9875	0
-0.652	4.95	0.9875	0
-0.65	4.95	0.9875	0
-0.648	5.0125	0.9875	0
-0.646	4.95	0.925	0
-0.644	5.0125	0.9875	0
-0.642	5.0125	0.9875	0
-0.64	4.95	0.9875	0
-0.638	5.0125	0.9875	0
-0.636	5.0125	0.9875	0
-0.634	5.0125	0.9875	0
-0.632	4.8875	0.925	0
-0.63	5.0125	0.9875	0
-0.628	4.95	0.925	0
-0.626	4.95	0.9875	0
-0.624	5.0125	0.925	0
-0.622	4.95	0.9875	0
-0.62	5.0125	0.9875	0
-0.618	4.95	0.925	0
-0.616	4.95	0.9875	0
-0.614	4.95	0.925	0
-0.612	4.95	0.925	0
-0.61	5.0125	0.9875	0
-0.608	5.0125	0.9875	0
-0.606	5.0125	0.9875	0
-0.604	4.95	0.9875	0
-0.602	4.95	0.925	0
-0.6	4.95	0.925	0
-0.598	4.95	0.9875	0
-0.596	4.95	0.925	0
-0.594	5.0125	0.9875	0
-0.592	5.0125	0.925	0
-0.59	4.95	0.9875	0
-0.588	5.0125	0.925	0
-0.586	5.0125	0.925	0
-0.584	4.95	0.9875	0
-0.582	5.0125	0.9875	0
-0.58	4.95	0.925	0
-0.578	4.95	0.9875	0
-0.576	5.0125	0.9875	0
-0.574	5.0125	0.9875	0
-0.572	4.95	0.9875	0
-0.57	4.95	0.9875	0
-0.568	4.95	0.925	0
-0.566	4.95	0.9875	0
-0.564	5.0125	0.9875	0
-0.562	5.0125	0.9875	0
-0.56	4.95	0.9875	0
-0.558	5.0125	0.9875	0
-0.556	5.0125	0.9875	0
-0.554	5.0125	0.9875	0
-0.552	4.95	0.9875	0
-0.55	5.0125	0.9875	0
-0.548	4.95	0.9875	0
-0.546	5.0125	0.9875	0
-0.544	5.0125	0.9875	0
-0.542	5.0125	0.925	0
-0.54	4.95	0.9875	0
-0.538	5.0125	0.925	0
-0.536	4.8875	0.925	0
-0.534	4.95	0.925	0
-0.532	4.95	0.925	0
-0.53	5.0125	0.9875	0
-0.528	5.0125	0.9875	0
-0.526	5.0125	0.9875	0
-0.524	4.95	0.925	0
-0.522	5.0125	0.9875	0
-0.52	5.0125	0.9875	0
-0.518	5.0125	0.9875	0
-0.516	4.95	0.9875	0
-0.514	5.0125	0.9875	0
-0.512	5.0125	0.9875	0
-0.51	5.0125	0.9875	0
-0.508	5.0125	0.9875	0
-0.506	4.95	0.925	0
-0.504	5.0125	0.9875	0
-0.502	5.0125	0.9875	0
-0.5	4.95	0.9875	0
-0.498	5.0125	0.9875	0
-0.496	4.95	1.05	0
-0.494	4.95	0.925	0
-0.492	4.95	0.9875	0
-0.49	4.95	0.9875	0
-0.488	5.0125	0.9875	0
-0.486	5.0125	1.05	0
-0.484	5.0125	0.925	0
-0.482	5.0125	0.9875	0
-0.48	4.95	0.9875	0
-0.478	5.0125	0.925	0
-0.476	5.0125	0.9875	0
-0.474	4.95	0.9875	0
-0.472	5.0125	0.9875	0
-0.47	5.0125	0.9875	0
-0.468	5.0125	0.9875	0
-0.466	5.0125	0.9875	0
-0.464	5.0125	0.925	0
-0.462	5.0125	0.9875	0
-0.46	4.95	0.925	0
-0.458	4.95	0.9875	0
-0.456	5.0125	0.925	0
-0.454	5.0125	0.9875	0
-0.452	5.0125	0.9875	0
-0.45	4.95	0.9875	0
-0.448	5.075	1.05	0
-0.446	4.95	0.9875	0
-0.444	5.0125	0.925	0
-0.442	4.95	0.9875	0
-0.44	4.95	0.9875	0
-0.438	4.95	0.9875	0
-0.436	5.0125	0.925	0
-0.434	4.95	0.9875	0
-0.432	4.95	0.9875	0
-0.43	5.0125	0.9875	0
-0.428	4.95	0.9875	0
-0.426	5.0125	0.925	0
-0.424	5.0125	0.9875	0
-0.422	4.95	0.9875	44
-0.42	5.0125	1.05	44
-0.418	5.0125	0.9875	44
-0.416	5.0125	0.9875	44
-0.414	5.0125	0.9875	44
-0.412	4.95	0.9875	44
-0.41	4.8875	0.9875	44
-0.408	5.0125	0.9875	44
-0.406	5.0125	1.05	44
-0.404	4.95	0.925	44
-0.402	4.95	0.925	44
-0.4	4.95	0.925	44
-0.398	4.95	0.9875	44
-0.396	5.0125	0.9875	44
-0.394	5.0125	1.05	44
-0.392	5.0125	0.9875	44
-0.39	5.0125	0.9875	44
-0.388	5.0125	0.9875	44
-0.386	5.0125	0.925	44
-0.384	4.95	0.925	44
-0.382	4.95	0.925	44
-0.38	4.95	0.925	44
-0.378	5.0125	0.9875	44
-0.376	5.0125	0.925	44
-0.374	4.95	0.925	44
-0.372	4.95	0.9875	44
-0.37	4.95	0.9875	44
-0.368	4.95	0.9875	44
-0.366	4.95	0.9875	44
-0.364	4.95	0.9875	44
-0.362	5.0125	0.9875	44
-0.36	4.95	0.925	44
-0.358	5.0125	0.925	44
-0.356	5.0125	0.9875	44
-0.354	5.0125	0.9875	44
-0.352	5.0125	0.9875	44
-0.35	5.0125	0.9875	44
-0.348	4.95	0.925	44
-0.346	5.0125	1.05	44
-0.344	4.95	0.9875	44
-0.342	4.95	0.9875	44
-0.34	4.95	0.9875	44
-0.338	4.95	0.9875	44
-0.336	5.0125	0.9875	44
-0.334	4.95	0.9875	44
-0.332	5.0125	0.9875	44
-0.33	4.95	0.925	44
-0.328	4.95	0.9875	44
-0.326	4.95	0.9875	44
-0.324	4.95	0.9875	44
-0.322	5.0125	0.9875	44
-0.32	5.0125	0.9875	44
-0.318	5.0125	0.925	44
-0.316	4.95	0.9875	44
-0.314	5.0125	0.9875	44
-0.312	4.8875	0.9875	44
-0.31	5.0125	0.9875	44
-0.308	4.95	0.9875	44
-0.306	5.0125	0.925	44
-0.304	4.95	0.9875	44
-0.302	5.0125	0.9875	44
-0.3	5.0125	0.9875	44
-0.298	4.95	0.925	44
-0.296	5.0125	0.9875	44
-0.294	4.95	0.925	44
-0.292	5.0125	0.9875	44
-0.29	5.0125	0.9875	44
-0.288	5.0125	0.9875	44
-0.286	4.95	0.9875	44
-0.284	5.0125	0.9875	44
-0.282	5.0125	0.925	44
-0.28	5.0125	0.925	44
-0.278	4.95	0.9875	44
-0.276	5.0125	0.9875	44
-0.274	5.0125	0.9875	44
-0.272	4.95	0.9875	44
-0.27	4.95	0.9875	44
-0.268	4.95	0.9875	44
-0.266	5.0125	0.8625	44
-0.264	4.95	0.925	44
-0.262	5.0125	0.925	44
-0.26	4.95	0.9875	44
-0.258	4.95	0.9875	44
-0.256	5.0125	0.925	44
-0.254	4.95	0.9875	44
-0.252	4.8875	0.9875	44
-0.25	4.95	0.9875	44
-0.248	5.0125	0.925	44
-0.246	4.95	0.9875	44
-0.244	4.95	0.925	44
-0.242	5.0125	0.9875	44
-0.24	4.95	0.925	44
-0.238	5.0125	0.9875	44
-0.236	5.0125	0.9875	44
-0.234	5.0125	0.9875	44
-0.232	4.95	0.9875	44
-0.23	4.95	0.9875	44
-0.228	4.95	0.925	44
-0.226	5.0125	0.9875	44
-0.224	5.0125	0.9875	44
-0.222	4.95	0.9875	44
-0.22	5.0125	0.9875	44
-0.218	5.0125	0.9875	44
-0.216	5.0125	0.9875	44
-0.214	5.0125	0.9875	44
-0.212	4.95	0.925	44
-0.21	4.95	0.9875	44
-0.208	4.95	0.925	44
-0.206	4.95	0.9875	44
-0.204	5.0125	0.9875	44
-0.202	4.95	0.9875	44
-0.2	5.0125	0.9875	44
-0.198	5.0125	0.925	44
-0.196	4.95	0.925	44
-0.194	4.95	0.9875	44
-0.192	4.95	0.925	44
-0.19	4.95	0.9875	44
-0.188	5.0125	0.9875	44
-0.186	4.95	0.925	44
-0.184	4.95	0.9875	44
-0.182	5.0125	0.925	44
-0.18	4.95	0.925	44
-0.178	4.95	0.925	44
-0.176	5.0125	0.925	44
-0.174	5.0125	0.9875	44
-0.172	4.95	0.9875	44
-0.17	4.95	0.9875	44
-0.168	4.95	1.05	44
-0.166	5.0125	0.9875	44
-0.164	4.95	0.9875	44
-0.162	4.95	1.05	44
-0.16	5.0125	1.05	44
-0.158	4.95	0.925	44
-0.156	4.95	0.925	44
-0.154	4.95	0.9875	44
-0.152	4.95	0.925	44
-0.15	5.0125	0.9875	44
-0.148	4.95	0.925	44
-0.146	4.95	0.9875	44
-0.144	5.0125	0.9875	44
-0.142	5.0125	0.9875	44
-0.14	5.0125	0.925	44
-0.138	5.0125	0.9875	44
-0.136	5.0125	0.9875	44
-0.134	4.95	0.9875	44
-0.132	5.0125	0.9875	44
-0.13	4.95	0.9875	44
-0.128	4.95	0.9875	44
-0.126	5.0125	0.9875	44
-0.124	5.0125	0.9875	44
-0.122	4.95	0.925	44
-0.12	5.0125	0.9875	44
-0.118	5.0125	0.9875	44
-0.116	4.95	0.9875	44
-0.114	5.0125	0.9875	44
-0.112	5.0125	0.925	44
-0.11	5.0125	0.9875	44
-0.108	4.95	0.925	44
-0.106	4.95	0.925	44
-0.104	5.0125	0.9875	44
-0.102	5.0125	0.9875	44
-0.1	5.0125	0.9875	44
-0.098	5.0125	0.9875	44
-0.096	4.95	0.9875	44
-0.094	4.95	0.9875	44
-0.092	4.95	0.925	44
-0.09	5.0125	0.9875	44
-0.088	5.0125	0.925	44
-0.086	4.95	0.9875	44
-0.084	4.95	0.9875	44
-0.082	5.0125	0.9875	44
-0.08	4.95	0.9875	44
-0.078	5.0125	0.9875	44
-0.076	5.0125	0.925	44
-0.074	5.0125	0.9875	44
-0.072	4.95	0.9875	44
-0.07	4.95	1.05	44
-0.068	4.95	0.9875	44
-0.066	5.0125	0.9875	44
-0.064	4.95	0.925	44
-0.062	5.0125	0.9875	44
-0.06	5.0125	0.9875	44
-0.058	4.95	0.9875	44
-0.056	4.95	0.925	44
-0.054	4.95	0.9875	44
-0.052	4.95	0.925	44
-0.05	4.95	0.925	44
-0.048	4.95	0.9875	44
-0.046	4.95	0.9875	44
-0.044	4.95	0.925	44
-0.042	5.0125	0.9875	44
-0.04	4.95	0.925	44
-0.038	5.0125	0.925	44
-0.036	5.0125	0.9875	44
-0.034	4.95	0.9875	44
-0.032	5.0125	0.9875	44
-0.03	5.0125	0.9875	44
-0.028	4.95	0.925	44
-0.026	5.0125	1.05	44
-0.024	4.95	0.9875	44
-0.022	4.95	0.9875	44
-0.02	5.0125	0.925	44
-0.018	5.0125	0.925	44
-0.016	5.0125	0.925	44
-0.014	4.95	0.9875	44
-0.012	4.95	0.9875	44
-0.01	4.95	0.9875	44
-0.008	4.95	0.9875	44
-0.006	5.0125	1.05	44
-0.004	4.95	0.9875	44
-0.002	4.95	0.9875	44
0.0000000000000000208167	4.95	0.925	44
0.002	5.0125	0.8625	44
0.004	5.0125	0.9875	44
0.006	4.95	0.9875	44
0.008	5.075	0.9875	44
0.01	5.0125	0.9875	44
0.012	4.95	0.925	44
0.014	5.0125	0.925	44
0.016	4.95	0.925	44
0.018	5.0125	0.9875	44
0.02	5.0125	0.9875	44
0.022	5.0125	0.9875	44
0.024	5.0125	0.9875	44
0.026	4.95	0.925	44
0.028	5.0125	0.9875	44
0.03	4.95	0.9875	44
0.032	4.95	0.9875	44
0.034	5.0125	0.925	44
0.036	5.0125	0.9875	44
0.038	4.95	0.9875	44
0.04	5.0125	0.9875	44
0.042	4.95	0.9875	44
0.044	5.0125	0.9875	44
0.046	4.95	0.9875	44
0.048	4.95	0.9875	44
0.05	5.0125	0.925	44
0.052	4.95	0.9875	44
0.054	4.95	0.9875	44
0.056	4.95	0.9875	44
0.058	5.075	0.9875	44
0.06	5.0125	0.925	44
0.062	4.95	0.9875	44
0.064	5.0125	0.925	44
0.066	4.95	0.9875	44
0.068	4.95	0.9875	44
0.07	4.95	0.925	44
0.072	4.95	1.05	44
0.074	4.95	0.9875	44
0.076	4.95	0.9875	44
0.078	5.0125	0.925	44
0.08	5.0125	0.925	44
0.082	4.95	1.05	44
0.084	4.95	1.05	44
0.086	4.95	0.9875	44
0.088	4.95	0.925	44
0.09	4.95	0.925	44
0.092	5.0125	0.9875	44
0.094	4.95	0.9875	44
0.096	5.0125	0.9875	44
0.098	5.0125	0.9875	44
0.1	4.95	0.9875	44
0.102	5.0125	0.925	44
0.104	5.0125	0.9875	44
0.106	5.0125	1.05	44
0.108	4.95	0.925	44
0.11	4.95	0.925	44
0.112	4.95	0.9875	44
0.114	5.0125	0.9875	44
0.116	5.0125	0.9875	44
0.118	5.0125	0.9875	44
0.12	4.95	0.9875	44
0.122	5.0125	0.9875	44
0.124	5.0125	0.9875	44
0.126	5.0125	0.9875	44
0.128	4.95	0.925	44
0.13	5.0125	0.9875	44
0.132	4.95	0.9875	44
0.134	5.0125	0.9875	44
0.136	4.95	0.9875	44
0.138	4.95	0.925	44
0.14	5.0125	0.925	44
0.142	4.95	1.05	44
0.144	5.0125	1.05	44
0.146	5.0125	0.9875	44
0.148	4.95	0.9875	44
0.15	4.95	0.925	44
0.152	4.95	0.9875	44
0.154	4.95	1.05	44
0.156	5.0125	0.925	44
0.158	4.95	0.9875	44
0.16	4.95	0.9875	44
0.162	5.0125	1.05	44
0.164	4.95	1.05	44
0.166	5.0125	0.9875	44
0.168	5.0125	0.9875	44
0.17	4.8875	0.925	44
0.172	4.95	0.9875	44
0.174	4.95	0.9875	44
0.176	4.95	0.925	44
0.178	4.95	0.925	44
0.18	5.0125	0.9875	44
0.182	4.95	0.9875	44
0.184	4.95	0.9875	44
0.186	4.95	1.05	44
0.188	4.8875	0.925	44
0.19	5.0125	1.05	44
0.192	4.95	0.9875	44
0.194	5.0125	0.9875	44
0.196	5.0125	0.9875	44
0.198	5.0125	0.9875	44
0.2	4.95	0.9875	44
0.202	4.95	0.9875	44
0.204	5.0125	0.9875	44
0.206	4.95	0.9875	44
0.208	4.95	0.9875	44
0.21	5.0125	0.925	44
0.212	5.0125	0.9875	44
0.214	4.95	0.925	44
0.216	4.95	0.9875	44
0.218	5.0125	0.9875	44
0.22	5.0125	0.9875	44
0.222	4.95	1.05	44
0.224	5.0125	0.925	44
0.226	4.95	0.9875	44
0.228	4.95	0.925	44
0.23	4.95	0.925	44
0.232	5.0125	0.925	44
0.234	4.95	0.9875	44
0.236	5.0125	0.9875	44
0.238	5.0125	0.925	44
0.24	4.8875	1.05	44
0.242	4.95	0.9875	44
0.244	5.0125	0.9875	44
0.246	5.0125	0.9875	44
0.248	5.0125	0.925	44
0.25	5.0125	0.9875	44
0.252	4.95	0.9875	44
0.254	4.95	0.9875	44
0.256	5.0125	1.05	44
0.258	5.0125	0.9875	44
0.26	4.95	0.9875	44
0.262	4.95	0.9875	44
0.264	5.0125	0.9875	44
0.266	5.0125	0.9875	44
0.268	5.0125	0.9875	44
0.27	4.95	0.925	44
0.272	5.075	0.925	44
0.274	4.95	0.9875	44
0.276	5.0125	0.925	44
0.278	4.95	0.925	44
0.28	4.95	0.9875	44
0.282	4.95	0.9875	44
0.284	5.0125	0.9875	44
0.286	5.0125	0.9875	44
0.288	4.95	0.9875	44
0.29	5.0125	1.05	44
0.292	4.95	0.9875	44
0.294	4.95	0.9875	44
0.296	4.95	0.925	44
0.298	4.95	0.9875	44
0.3	4.95	0.9875	44
0.302	4.95	1.05	44
0.304	4.95	0.9875	44
0.306	4.95	0.9875	44
0.308	5.0125	0.9875	44
0.31	5.0125	0.9875	44
0.312	4.95	0.9875	44
0.314	4.95	0.9875	44
0.316	4.95	1.05	44
0.318	5.0125	0.9875	44
0.32	4.95	0.9875	44
0.322	5.0125	0.925	44
0.324	4.95	0.925	44
0.326	5.0125	0.9875	44
0.328	5.0125	0.9875	44
0.33	5.0125	0.9875	44
0.332	5.0125	0.925	44
0.334	5.0125	0.9875	44
0.336	4.95	0.9875	44
0.338	4.95	0.925	44
0.34	4.95	0.9875	44
0.342	5.0125	0.925	44
0.344	4.95	0.925	44
0.346	4.95	0.9875	44
0.348	4.95	0.9875	44
0.35	4.95	1.05	44
0.352	5.0125	0.925	44
0.354	4.95	0.9875	44
0.356	5.0125	0.9875	44
0.358	4.95	0.9875	44
0.36	4.95	0.9875	44
0.362	5.0125	0.9875	44
0.364	5.0125	0.925	44
0.366	5.0125	0.9875	44
0.368	5.0125	0.925	44
0.37	5.0125	0.9875	44
0.372	5.0125	1.05	44
0.374	4.95	0.9875	44
0.376	5.0125	0.9875	44
0.378	5.0125	0.9875	44
0.38	5.0125	0.9875	44
0.382	4.95	0.9875	44
0.384	5.0125	0.925	44
0.386	4.95	0.9875	44
0.388	4.95	0.9875	44
0.39	5.0125	0.9875	44
0.392	5.0125	0.925	44
0.394	4.95	0.9875	44
0.396	4.95	0.9875	44
0.398	5.0125	0.9875	44
0.4	5.0125	0.9875	44
0.402	5.0125	0.9875	44
0.404	4.95	0.9875	44
0.406	5.0125	0.925	44
0.408	5.0125	0.925	44
0.41	4.95	0.9875	44
0.412	4.95	0.9875	44
0.414	5.0125	0.925	44
0.416	4.95	0.9875	44
0.418	4.95	0.9875	44
0.42	4.95	0.9875	44
0.422	4.95	0.9875	44
0.424	4.95	0.9875	44
0.426	5.0125	0.9875	44
0.428	5.0125	0.9875	44
0.43	4.95	0.925	44
0.432	4.95	0.9875	44
0.434	4.95	1.05	44
0.436	5.0125	0.9875	44
0.438	4.95	0.9875	44
0.44	4.95	0.9875	44
0.442	5.0125	0.9875	44
0.444	4.95	0.9875	44
0.446	5.0125	0.9875	44
0.448	4.95	0.9875	44
0.45	5.0125	0.9875	44
0.452	4.95	0.9875	44
0.454	5.0125	0.9875	44
0.456	4.95	0.925	44
0.458	5.0125	0.9875	44
0.46	5.0125	1.05	44
0.462	5.0125	0.9875	44
0.464	4.95	0.925	44
0.466	5.0125	0.9875	44
0.468	5.0125	1.05	44
0.47	5.0125	0.9875	44
0.472	4.95	0.925	44
0.474	5.0125	0.925	44
0.476	4.95	0.9875	44
0.478	5.0125	0.925	44
0.48	4.95	0.925	44
0.482	5.0125	0.9875	44
0.484	4.95	0.9875	44
0.486	4.95	0.9875	44
0.488	5.0125	0.9875	44
0.49	5.0125	0.925	44
0.492	5.0125	0.9875	44
0.494	4.95	1.05	44
0.496	5.0125	0.9875	44
0.498	5.0125	0.9875	44
0.5	5.0125	0.9875	44
0.502	5.0125	0.925	44
0.504	4.95	0.9875	44
0.506	4.95	0.9875	44
0.508	4.95	0.925	44
0.51	5.0125	0.9875	44
0.512	5.0125	0.925	44
0.514	5.0125	0.9875	44
0.516	4.95	0.9875	44
0.518	5.0125	0.9875	44
0.52	4.95	0.9875	44
0.522	4.95	0.9875	44
0.524	5.0125	0.9875	44
0.526	4.95	1.05	44
0.528	5.0125	0.9875	44
0.53	5.0125	0.9875	44
0.532	4.95	0.9875	44
0.534	4.95	0.925	44
0.536	5.0125	0.9875	44
0.538	4.95	0.9875	44
0.54	5.0125	0.9875	44
0.542	5.0125	1.05	44
0.544	4.95	0.9875	44
0.546	4.95	1.05	44
0.548	5.0125	0.9875	44
0.55	4.95	0.9875	44
0.552	4.95	0.9875	44
0.554	4.95	0.9875	44
0.556	5.0125	0.925	44
0.558	4.95	0.9875	44
0.56	5.0125	0.9875	44
0.562	5.0125	0.9875	44
0.564	5.0125	0.9875	44
0.566	5.0125	0.9875	44
0.568	5.0125	0.9875	44
0.57	5.0125	0.9875	44
0.572	5.0125	0.9875	44
0.574	4.95	0.9875	44
0.576	4.95	0.9875	44
0.578	5.0125	0.9875	44
0.58	5.0125	0.9875	44
0.582	4.95	0.9875	44
0.584	5.0125	0.925	44
0.586	5.0125	0.925	44
0.588	5.0125	0.9875	44
0.59	5.0125	0.925	44
0.592	5.0125	0.9875	44
0.594	5.0125	0.9875	44
0.596	5.0125	0.925	44
0.598	5.0125	0.925	44
0.6	4.95	0.925	44
0.602	5.0125	0.925	44
0.604	4.95	1.05	44
0.606	4.95	0.925	44
0.608	4.95	0.9875	44
0.61	4.95	0.9875	44
0.612	5.0125	0.925	44
0.614	5.0125	0.9875	44
0.616	5.0125	0.9875	44
0.618	5.0125	0.9875	44
0.62	5.0125	0.925	44
0.622	5.0125	0.9875	44
0.624	5.0125	1.05	44
0.626	4.95	0.925	44
0.628	5.0125	0.9875	44
0.63	4.95	0.9875	44
0.632	5.0125	0.9875	44
0.634	5.0125	0.9875	44
0.636	4.95	0.9875	44
0.638	4.95	0.925	44
0.64	5.0125	0.9875	44
0.642	4.95	0.925	44
0.644	4.95	0.925	44
0.646	5.0125	0.9875	44
0.648	4.95	0.9875	44
0.65	4.95	0.925	44
0.652	4.95	0.9875	44
0.654	5.0125	0.9875	44
0.656	4.95	0.925	44
0.658	5.0125	0.9875	44
0.66	5.0125	0.925	44
0.662	5.0125	0.925	44
0.664	5.0125	0.9875	44
0.666	4.95	0.9875	44
0.668	4.95	0.9875	44
0.67	4.95	0.925	44
0.672	4.95	1.05	44
0.674	4.95	0.925	44
0.676	5.0125	0.9875	44
0.678	5.0125	0.9875	44
0.68	5.0125	0.9875	44
0.682	4.95	0.925	44
0.684	4.95	0.9875	44
0.686	4.95	0.925	44
0.688	5.0125	0.9875	44
0.69	4.95	0.9875	44
0.692	4.95	0.9875	44
0.694	4.95	0.9875	44
0.696	4.95	0.9875	44
0.698	5.0125	0.925	44
0.7	5.0125	0.925	44
0.702	5.0125	0.9875	44
0.704	4.95	0.9875	44
0.706	5.0125	0.9875	44
0.708	4.95	0.9875	44
0.71	4.95	0.9875	44
0.712	4.95	0.9875	44
0.714	4.95	0.9875	44
0.716	5.0125	0.9875	44
0.718	5.0125	0.9875	44
0.72	5.0125	0.925	44
0.722	4.95	0.9875	44
0.724	4.95	0.9875	44
0.726	5.0125	0.925	44
0.728	5.0125	0.925	44
0.73	5.0125	0.9875	44
0.732	5.0125	0.9875	44
0.734	4.95	0.9875	44
0.736	4.95	0.9875	44
0.738	4.95	0.9875	44
0.74	5.0125	0.9875	44
0.742	4.95	0.9875	44
0.744	5.0125	0.9875	44
0.746	4.95	0.9875	44
0.748	5.0125	0.9875	44
0.75	5.0125	0.9875	44
0.752	5.0125	0.9875	44
0.754	4.95	0.9875	44
0.756	5.0125	0.925	44
0.758	5.0125	0.925	44
0.76	5.0125	0.9875	44
0.762	4.95	0.9875	44
0.764	4.95	0.9875	44
0.766	5.0125	0.925	44
0.768	4.95	0.9875	44
0.77	5.0125	0.9875	44
0.772	4.95	0.9875	44
0.774	4.95	0.9875	44
0.776	4.95	0.9875	44
0.778	5.0125	0.9875	44
0.78	4.95	0.925	44
0.782	4.95	1.05	44
0.784	5.0125	0.9875	44
0.786	4.95	0.925	44
0.788	4.95	0.9875	44
0.79	4.95	0.925	44
0.792	4.95	0.9875	44
0.794	4.95	0.925	44
0.796	4.95	0.9875	44
0.798	5.0125	0.9875	44
0.8	4.95	0.925	44
0.802	4.95	0.9875	44
0.804	5.0125	0.9875	44
0.806	4.95	0.925	44
0.808	4.95	0.925	44
0.81	5.0125	0.9875	44
0.812	4.95	0.925	44
0.814	5.0125	0.925	44
0.816	4.95	0.9875	44
0.818	4.95	0.9875	44
0.82	4.95	1.05	44
0.822	5.0125	0.9875	44
0.824	4.95	0.9875	44
0.826	4.95	0.925	44
0.828	4.95	0.9875	44
0.83	5.0125	0.9875	44
0.832	5.075	0.9875	44
0.834	4.95	0.9875	44
0.836	4.95	1.05	44
0.838	5.0125	0.9875	44
0.84	4.95	0.9875	44
0.842	4.95	0.9875	44
0.844	5.0125	0.9875	44
0.846	4.95	0.9875	44
0.848	5.0125	0.9875	44
0.85	5.0125	0.9875	44
0.852	4.95	0.9875	44
0.854	5.0125	0.925	44
0.856	4.95	0.9875	44
0.858	5.0125	0.9875	44
0.86	4.95	0.925	44
0.862	5.0125	0.9875	44
0.864	5.0125	0.9875	44
0.866	4.95	0.9875	44
0.868	4.95	0.9875	44
0.87	5.0125	0.9875	44
0.872	4.95	0.925	44
0.874	5.0125	0.925	44
0.876	4.95	0.9875	44
0.878	4.95	1.05	44
0.88	5.0125	0.925	44
0.882	5.0125	0.9875	44
0.884	5.0125	0.9875	44
0.886	4.95	0.9875	44
0.888	4.95	0.925	44
0.89	5.0125	0.9875	44
0.892	4.95	0.9875	44
0.894	4.95	1.05	44
0.896	5.0125	0.925	44
0.898	5.0125	0.9875	44
0.9	5.0125	0.925	44
0.902	5.0125	0.925	44
0.904	5.0125	0.9875	44
0.906	5.0125	0.925	44
0.908	4.95	0.9875	44
0.91	5.0125	0.9875	44
0.912	5.0125	0.9875	44
0.914	4.95	0.925	44
0.916	4.95	0.9875	44
0.918	4.95	0.9875	44
0.92	5.0125	0.925	44
0.922	4.95	0.9875	44
0.924	4.95	0.9875	44
0.926	5.0125	1.05	44
0.928	4.95	0.925	44
0.93	4.95	0.9875	44
0.932	4.95	0.9875	44
0.934	4.95	0.925	44
0.936	4.95	0.925	44
0.938	4.95	0.925	44
0.94	4.95	0.9875	44
0.942	4.95	0.925	44
0.944	4.95	0.925	44
0.946	4.95	0.9875	44
0.948	4.95	0.9875	44
0.95	4.95	0.925	44
0.952	5.0125	0.9875	44
0.954	5.0125	0.925	44
0.956	5.0125	0.9875	44
0.958	5.0125	0.9875	44
0.96	4.95	0.925	44
0.962	5.0125	0.925	44
0.964	5.0125	0.9875	44
0.966	4.95	0.9875	44
0.968	5.0125	0.925	44
0.97	5.0125	0.925	44
0.972	4.95	0.9875	44
0.974	5.0125	0.9875	44
0.976	4.95	0.9875	44
0.978	4.95	1.05	44
0.98	5.0125	0.9875	44
0.982	5.0125	1.05	44
0.984	5.0125	0.925	44
0.986	4.95	0.9875	44
0.988	5.0125	0.925	44
0.99	5.0125	0.9875	44
0.992	4.95	0.925	44
0.994	5.0125	0.925	44
0.996	5.0125	0.9875	44
0.998	4.8875	1.05	44
