# Zeit (s)	# Kanal 1 (V)	# Kanal 2 (V)	# D0-D7	
-1	4.95	3.1125	0
-0.998	5.0125	3.1125	0
-0.996	5.0125	3.05	0
-0.994	5.0125	3.1125	0
-0.992	5.0125	3.1125	0
-0.99	5.0125	3.1125	0
-0.988	4.95	3.05	0
-0.986	4.95	3.1125	0
-0.984	5.0125	3.1125	0
-0.982	5.0125	3.1125	0
-0.98	4.95	3.1125	0
-0.978	5.0125	3.1125	0
-0.976	5.0125	3.175	0
-0.974	5.0125	3.1125	0
-0.972	5.0125	3.1125	0
-0.97	4.95	3.175	0
-0.968	4.95	3.1125	0
-0.966	4.95	3.1125	0
-0.964	5.0125	3.1125	0
-0.962	4.95	3.1125	0
-0.96	5.0125	3.1125	0
-0.958	5.0125	3.1125	0
-0.956	5.075	3.1125	0
-0.954	5.0125	3.1125	0
-0.952	4.95	3.1125	0
-0.95	4.95	3.1125	0
-0.948	5.0125	3.1125	0
-0.946	4.95	3.175	0
-0.944	4.95	3.05	0
-0.942	4.95	3.05	0
-0.94	5.0125	3.175	0
-0.938	4.95	3.1125	0
-0.936	5.0125	3.1125	0
-0.934	4.95	3.1125	0
-0.932	5.0125	3.1125	0
-0.93	5.0125	3.05	0
-0.928	4.95	3.1125	0
-0.926	5.0125	3.1125	0
-0.924	4.95	3.1125	0
-0.922	4.95	3.1125	0
-0.92	4.95	3.1125	0
-0.918	4.95	3.05	0
-0.916	4.95	3.1125	0
-0.914	4.95	3.1125	0
-0.912	5.0125	3.1125	0
-0.91	5.0125	3.1125	0
-0.908	5.0125	3.1125	0
-0.906	4.95	3.1125	0
-0.904	5.0125	3.05	0
-0.902	4.95	3.175	0
-0.9	5.0125	3.1125	0
-0.898	4.95	3.1125	0
-0.896	4.95	3.1125	0
-0.894	4.95	3.1125	0
-0.892	4.95	3.1125	0
-0.89	5.0125	3.1125	0
-0.888	4.95	3.175	0
-0.886	5.0125	3.1125	0
-0.884	5.0125	3.1125	0
-0.882	4.95	3.175	0
-0.88	5.0125	3.1125	0
-0.878	5.0125	3.1125	0
-0.876	5.0125	3.1125	0
-0.874	5.0125	3.1125	0
-0.872	4.95	3.1125	0
-0.87	5.0125	3.1125	0
-0.868	5.0125	3.1125	0
-0.866	5.0125	3.1125	0
-0.864	4.95	3.05	0
-0.862	5.0125	3.1125	0
-0.86	5.0125	3.1125	0
-0.858	4.95	3.1125	0
-0.856	4.95	3.1125	0
-0.854	5.0125	3.1125	0
-0.852	4.95	3.1125	0
-0.85	4.95	3.175	0
-0.848	4.95	3.1125	0
-0.846	5.0125	3.1125	0
-0.844	5.0125	3.1125	0
-0.842	5.0125	3.05	0
-0.84	5.0125	3.1125	0
-0.838	4.95	3.175	0
-0.836	5.0125	3.1125	0
-0.834	5.0125	3.1125	0
-0.832	5.0125	3.175	0
-0.83	5.0125	3.1125	0
-0.828	4.95	3.1125	0
-0.826	5.0125	3.1125	0
-0.824	5.0125	3.1125	0
-0.822	5.0125	3.1125	0
-0.82	5.0125	3.1125	0
-0.818	5.0125	3.175	0
-0.816	4.95	3.05	0
-0.814	4.95	3.05	0
-0.812	5.0125	3.1125	0
-0.81	5.0125	3.1125	0
-0.808	4.95	3.1125	0
-0.806	5.0125	3.1125	0
-0.804	5.0125	3.175	0
-0.802	5.0125	3.1125	0
-0.8	5.0125	3.175	0
-0.798	5.0125	3.175	0
-0.796	5.0125	3.1125	0
-0.794	4.95	3.05	0
-0.792	5.0125	3.1125	0
-0.79	4.95	3.1125	0
-0.788	4.95	3.1125	0
-0.786	5.0125	3.1125	0
-0.784	5.0125	3.1125	0
-0.782	4.95	3.1125	0
-0.78	4.95	3.1125	0
-0.778	5.0125	3.175	0
-0.776	4.95	3.1125	0
-0.774	5.0125	3.1125	0
-0.772	4.95	3.1125	0
-0.77	4.95	3.175	0
-0.768	4.95	3.1125	0
-0.766	5.0125	3.1125	0
-0.764	5.0125	3.1125	0
-0.762	4.8875	3.1125	0
-0.76	4.95	3.1125	0
-0.758	5.0125	3.1125	0
-0.756	5.0125	3.1125	0
-0.754	4.95	3.1125	0
-0.752	4.95	3.1125	0
-0.75	4.95	3.05	0
-0.748	5.0125	3.1125	0
-0.746	4.95	3.1125	0
-0.744	4.95	3.1125	0
-0.742	5.0125	3.1125	0
-0.74	4.95	3.1125	0
-0.738	4.95	3.1125	0
-0.736	5.0125	3.175	0
-0.734	5.0125	3.175	0
-0.732	5.0125	3.1125	0
-0.73	4.95	3.175	0
-0.728	5.0125	3.05	0
-0.726	4.95	3.175	0
-0.724	5.0125	3.1125	0
-0.722	4.95	3.1125	0
-0.72	5.0125	3.1125	0
-0.718	4.95	3.175	0
-0.716	4.95	3.1125	0
-0.714	5.0125	3.1125	0
-0.712	5.0125	3.1125	0
-0.71	4.95	3.1125	0
-0.708	5.0125	3.05	0
-0.706	4.95	3.05	0
-0.704	4.95	3.1125	0
-0.702	5.0125	3.175	0
-0.7	4.95	3.1125	0
-0.698	4.95	3.1125	0
-0.696	5.0125	3.1125	0
-0.694	4.95	3.1125	0
-0.692	5.0125	3.1125	0
-0.69	4.95	3.1125	0
-0.688	5.0125	3.1125	0
-0.686	5.0125	3.1125	0
-0.684	5.0125	3.175	0
-0.682	4.95	3.175	0
-0.68	5.0125	3.1125	0
-0.678	5.0125	3.1125	0
-0.676	4.95	3.1125	0
-0.674	4.95	3.1125	0
-0.672	4.95	3.05	0
-0.67	5.0125	3.1125	0
-0.668	4.95	3.1125	0
-0.666	5.0125	3.1125	0
-0.664	4.95	3.1125	0
-0.662	5.0125	3.05	0
-0.66	4.95	3.1125	0
-0.658	5.0125	3.1125	0
-0.656	4.95	3.1125	0
-0.654	4.95	3.1125	0
-0.652	4.95	3.1125	0
-0.65	5.0125	3.1125	0
-0.648	4.95	3.1125	0
-0.646	5.0125	3.175	0
-0.644	4.95	3.1125	0
-0.642	4.95	3.1125	0
-0.64	5.0125	3.1125	0
-0.638	5.0125	3.1125	0
-0.636	5.0125	3.1125	0
-0.634	4.95	3.1125	0
-0.632	5.0125	3.175	0
-0.63	5.0125	3.1125	0
-0.628	5.0125	3.1125	0
-0.626	4.95	3.1125	0
-0.624	5.0125	3.05	0
-0.622	5.0125	3.1125	0
-0.62	5.0125	3.1125	0
-0.618	5.0125	3.05	0
-0.616	5.0125	3.1125	0
-0.614	5.0125	3.1125	0
-0.612	5.0125	3.1125	0
-0.61	4.95	3.1125	0
-0.608	4.95	3.1125	0
-0.606	5.0125	3.1125	0
-0.604	5.075	3.175	0
-0.602	4.95	3.175	0
-0.6	4.95	3.175	0
-0.598	5.0125	3.1125	0
-0.596	5.0125	3.1125	0
-0.594	5.0125	3.1125	0
-0.592	5.0125	3.1125	0
-0.59	5.0125	3.1125	0
-0.588	4.95	3.1125	0
-0.586	4.95	3.1125	0
-0.584	5.0125	3.1125	0
-0.582	4.95	3.175	0
-0.58	5.0125	3.1125	0
-0.578	5.0125	3.1125	0
-0.576	4.95	3.05	0
-0.574	5.0125	3.1125	0
-0.572	5.0125	3.1125	0
-0.57	5.0125	3.1125	0
-0.568	4.95	3.1125	0
-0.566	5.0125	3.1125	0
-0.564	4.95	3.1125	0
-0.562	5.0125	3.1125	0
-0.56	5.0125	3.1125	0
-0.558	5.0125	3.1125	0
-0.556	5.0125	3.1125	0
-0.554	5.0125	3.05	0
-0.552	5.0125	3.05	0
-0.55	4.95	3.05	0
-0.548	4.95	3.1125	0
-0.546	5.0125	3.175	0
-0.544	4.95	3.1125	0
-0.542	4.95	3.1125	0
-0.54	4.95	3.1125	0
-0.538	4.95	3.1125	0
-0.536	4.95	3.1125	0
-0.534	4.95	3.1125	0
-0.532	4.95	3.1125	0
-0.53	5.0125	3.1125	0
-0.528	5.0125	3.1125	0
-0.526	4.95	3.1125	0
-0.524	4.95	3.1125	0
-0.522	4.95	3.1125	0
-0.52	5.0125	3.1125	0
-0.518	4.95	3.175	0
-0.516	4.95	3.175	0
-0.514	4.95	3.1125	0
-0.512	5.0125	3.1125	0
-0.51	4.95	3.1125	0
-0.508	5.0125	3.05	0
-0.506	4.95	3.05	0
-0.504	4.95	3.1125	0
-0.502	4.95	3.05	0
-0.5	5.0125	3.1125	0
-0.498	4.95	3.1125	0
-0.496	4.95	3.05	0
-0.494	4.95	3.1125	0
-0.492	4.95	3.1125	0
-0.49	5.0125	3.175	0
-0.488	5.0125	3.1125	0
-0.486	4.95	3.1125	0
-0.484	5.0125	3.1125	0
-0.482	5.0125	3.1125	0
-0.48	5.0125	3.175	0
-0.478	5.0125	3.1125	0
-0.476	4.95	3.1125	0
-0.474	5.0125	3.1125	0
-0.472	5.0125	3.1125	0
-0.47	5.0125	3.1125	0
-0.468	5.0125	3.1125	0
-0.466	5.0125	3.05	0
-0.464	4.95	3.1125	0
-0.462	5.0125	3.1125	0
-0.46	5.0125	3.1125	0
-0.458	5.0125	3.1125	0
-0.456	5.0125	3.05	0
-0.454	5.0125	3.175	0
-0.452	5.0125	3.175	0
-0.45	5.0125	3.1125	0
-0.448	5.0125	3.175	0
-0.446	4.95	3.1125	0
-0.444	4.95	3.05	0
-0.442	5.0125	3.1125	0
-0.44	5.0125	3.175	0
-0.438	4.95	3.05	0
-0.436	4.95	3.1125	0
-0.434	4.95	3.175	0
-0.432	4.95	3.1125	0
-0.43	5.0125	3.05	0
-0.428	4.95	3.1125	0
-0.426	5.0125	3.1125	0
-0.424	4.95	3.05	0
-0.422	5.0125	3.1125	0
-0.42	4.95	3.1125	0
-0.418	4.95	3.175	0
-0.416	5.0125	3.175	0
-0.414	5.0125	3.1125	0
-0.412	4.95	3.05	0
-0.41	5.0125	3.1125	0
-0.408	4.95	3.1125	0
-0.406	5.0125	3.1125	0
-0.404	5.0125	3.1125	0
-0.402	4.95	3.175	0
-0.4	5.0125	3.1125	0
-0.398	4.95	3.1125	0
-0.396	5.0125	3.175	0
-0.394	5.0125	3.1125	0
-0.392	4.95	3.1125	0
-0.39	5.0125	3.1125	0
-0.388	5.0125	3.1125	0
-0.386	4.95	3.1125	0
-0.384	4.95	3.1125	0
-0.382	4.95	3.175	0
-0.38	5.0125	3.1125	0
-0.378	5.0125	3.1125	0
-0.376	4.95	3.175	0
-0.374	4.95	3.175	0
-0.372	4.95	3.1125	0
-0.37	4.95	3.1125	0
-0.368	4.95	3.1125	0
-0.366	4.95	3.1125	0
-0.364	4.95	3.1125	0
-0.362	5.0125	3.1125	0
-0.36	5.0125	3.1125	0
-0.358	4.95	3.1125	0
-0.356	5.0125	3.1125	0
-0.354	5.0125	3.1125	0
-0.352	5.0125	3.1125	0
-0.35	5.0125	3.1125	0
-0.348	4.95	3.1125	0
-0.346	5.0125	3.1125	0
-0.344	5.0125	3.1125	0
-0.342	5.0125	3.1125	0
-0.34	5.0125	3.1125	0
-0.338	5.0125	3.1125	0
-0.336	4.95	3.1125	0
-0.334	5.0125	3.1125	0
-0.332	5.0125	3.1125	0
-0.33	4.95	3.1125	0
-0.328	5.0125	3.1125	0
-0.326	5.0125	3.1125	0
-0.324	5.0125	3.1125	0
-0.322	5.0125	3.1125	0
-0.32	4.95	3.05	0
-0.318	5.0125	3.1125	0
-0.316	4.95	3.1125	0
-0.314	5.0125	3.05	0
-0.312	5.0125	3.1125	0
-0.31	4.95	3.1125	0
-0.308	5.0125	3.1125	0
-0.306	5.0125	3.1125	0
-0.304	4.95	3.1125	0
-0.302	5.0125	3.1125	0
-0.3	4.95	3.1125	0
-0.298	5.0125	3.1125	0
-0.296	5.0125	3.1125	0
-0.294	4.95	3.1125	0
-0.292	4.95	3.1125	0
-0.29	4.95	3.1125	0
-0.288	5.0125	3.1125	0
-0.286	4.95	3.1125	0
-0.284	4.95	3.1125	0
-0.282	5.0125	3.1125	0
-0.28	5.0125	3.1125	0
-0.278	5.0125	3.1125	0
-0.276	4.95	3.1125	0
-0.274	5.0125	3.1125	0
-0.272	5.0125	3.1125	0
-0.27	5.0125	3.175	0
-0.268	4.95	3.1125	0
-0.266	5.0125	3.1125	0
-0.264	0.0124999	3.1125	69
-0.262	4.95	3.1125	69
-0.26	5.0125	3.1125	69
-0.258	4.95	3.05	69
-0.256	5.075	3.1125	69
-0.254	4.95	3.1125	69
-0.252	5.0125	3.175	69
-0.25	4.95	3.1125	69
-0.248	4.95	3.1125	69
-0.246	5.0125	3.1125	69
-0.244	4.95	3.1125	69
-0.242	4.95	3.175	69
-0.24	4.95	3.175	69
-0.238	4.95	3.1125	69
-0.236	4.95	3.175	69
-0.234	5.0125	3.1125	69
-0.232	4.95	3.1125	69
-0.23	4.95	3.1125	69
-0.228	4.95	3.1125	69
-0.226	5.0125	3.175	69
-0.224	4.95	3.175	69
-0.222	4.95	3.1125	69
-0.22	4.95	3.1125	69
-0.218	5.0125	3.05	69
-0.216	4.95	3.1125	69
-0.214	4.95	3.1125	69
-0.212	5.0125	3.1125	69
-0.21	4.95	3.1125	69
-0.208	5.0125	3.1125	69
-0.206	5.0125	3.1125	69
-0.204	5.0125	3.1125	69
-0.202	5.0125	3.175	69
-0.2	4.95	3.1125	69
-0.198	4.95	3.1125	69
-0.196	5.0125	3.1125	69
-0.194	4.95	3.05	69
-0.192	5.0125	3.175	69
-0.19	5.0125	3.1125	69
-0.188	5.0125	3.1125	69
-0.186	5.0125	3.1125	69
-0.184	5.0125	3.1125	69
-0.182	5.0125	3.1125	69
-0.18	5.0125	3.1125	69
-0.178	5.0125	3.1125	69
-0.176	4.95	3.1125	69
-0.174	4.95	3.1125	69
-0.172	4.8875	3.1125	69
-0.17	5.0125	3.1125	69
-0.168	4.95	3.05	69
-0.166	4.95	3.05	69
-0.164	4.95	3.1125	69
-0.162	4.95	3.1125	69
-0.16	5.0125	3.1125	69
-0.158	5.0125	3.1125	69
-0.156	5.0125	3.1125	69
-0.154	4.95	3.1125	69
-0.152	4.95	3.1125	69
-0.15	5.0125	3.1125	69
-0.148	4.95	3.175	69
-0.146	4.95	3.1125	69
-0.144	5.0125	3.05	69
-0.142	5.0125	3.1125	69
-0.14	5.0125	3.1125	69
-0.138	5.0125	3.175	69
-0.136	4.95	3.1125	69
-0.134	5.0125	3.1125	69
-0.132	4.95	3.1125	69
-0.13	4.95	3.1125	69
-0.128	5.0125	3.1125	69
-0.126	5.0125	3.1125	69
-0.124	5.0125	3.175	69
-0.122	4.95	3.05	69
-0.12	4.95	3.1125	69
-0.118	4.95	3.1125	69
-0.116	4.95	3.1125	69
-0.114	5.075	3.175	69
-0.112	5.0125	3.1125	69
-0.11	5.0125	3.1125	69
-0.108	4.95	3.1125	69
-0.106	5.0125	3.1125	69
-0.104	5.0125	3.1125	69
-0.102	4.95	3.1125	69
-0.1	4.95	3.05	69
-0.098	5.0125	3.1125	69
-0.096	5.0125	3.1125	69
-0.094	5.0125	3.05	69
-0.092	4.95	3.1125	69
-0.09	4.95	3.1125	69
-0.088	5.0125	3.175	69
-0.086	5.0125	3.1125	69
-0.084	4.95	3.1125	69
-0.082	4.95	3.1125	69
-0.08	5.0125	3.1125	69
-0.078	4.95	3.05	69
-0.076	5.0125	3.1125	69
-0.074	4.95	3.1125	69
-0.072	4.95	3.1125	69
-0.07	5.0125	3.175	69
-0.068	5.0125	3.1125	69
-0.066	5.0125	3.1125	69
-0.064	5.0125	3.175	69
-0.062	4.95	3.1125	69
-0.06	5.0125	3.1125	69
-0.058	4.95	3.05	69
-0.056	4.95	3.1125	69
-0.054	5.0125	3.1125	69
-0.052	4.95	3.1125	69
-0.05	4.95	3.05	69
-0.048	4.95	3.1125	69
-0.046	5.0125	3.1125	69
-0.044	5.0125	3.1125	69
-0.042	4.95	3.1125	69
-0.04	5.0125	3.1125	69
-0.038	5.0125	3.05	69
-0.036	5.0125	3.1125	69
-0.034	5.0125	3.1125	69
-0.032	4.95	3.1125	69
-0.03	5.0125	3.1125	69
-0.028	4.95	3.175	69
-0.026	4.95	3.1125	69
-0.024	5.0125	3.175	69
-0.022	5.0125	3.1125	69
-0.02	4.95	3.1125	69
-0.018	4.95	3.05	69
-0.016	5.0125	3.175	69
-0.014	4.95	3.1125	69
-0.012	5.0125	3.1125	69
-0.01	4.95	3.175	69
-0.008	5.0125	3.1125	69
-0.006	5.0125	3.1125	69
-0.004	4.95	3.1125	69
-0.002	5.0125	3.1125	69
0.0000000000000000208167	4.95	3.1125	69
0.002	4.95	3.175	69
0.004	4.95	3.1125	69
0.006	4.95	3.175	69
0.008	4.95	3.1125	69
0.01	5.0125	3.1125	69
0.012	5.0125	3.05	69
0.014	4.95	3.05	69
0.016	5.0125	3.05	69
0.018	4.95	3.1125	69
0.02	5.0125	3.1125	69
0.022	5.0125	3.05	69
0.024	4.95	3.175	69
0.026	5.0125	3.1125	69
0.028	5.075	3.1125	69
0.03	5.0125	3.1125	69
0.032	4.95	3.05	69
0.034	5.0125	3.1125	69
0.036	5.0125	3.1125	69
0.038	4.95	3.1125	69
0.04	5.0125	3.1125	69
0.042	5.0125	3.1125	69
0.044	5.0125	3.1125	69
0.046	4.95	3.175	69
0.048	5.0125	3.175	69
0.05	5.0125	3.05	69
0.052	4.95	3.1125	69
0.054	4.95	3.05	69
0.056	4.95	3.1125	69
0.058	5.0125	3.1125	69
0.06	5.0125	3.1125	69
0.062	5.0125	3.1125	69
0.064	4.95	3.175	69
0.066	5.0125	3.1125	69
0.068	5.0125	3.175	69
0.07	4.95	3.175	69
0.072	5.0125	3.1125	69
0.074	5.0125	3.1125	69
0.076	5.0125	3.175	69
0.078	4.95	3.1125	69
0.08	4.95	3.1125	69
0.082	5.0125	3.175	69
0.084	4.95	3.1125	69
0.086	4.95	3.1125	69
0.088	4.95	3.1125	69
0.09	4.95	3.1125	69
0.092	5.0125	3.175	69
0.094	4.95	3.1125	69
0.096	4.95	3.1125	69
0.098	4.95	3.1125	69
0.1	5.0125	3.1125	69
0.102	4.95	3.1125	69
0.104	4.95	3.1125	69
0.106	4.95	3.1125	69
0.108	4.95	3.1125	69
0.11	4.95	3.1125	69
0.112	4.95	3.1125	69
0.114	4.95	3.1125	69
0.116	5.0125	3.1125	69
0.118	4.95	3.1125	69
0.12	4.95	3.1125	69
0.122	5.0125	3.1125	69
0.124	4.95	3.1125	69
0.126	5.0125	3.175	69
0.128	4.95	3.05	69
0.13	4.95	3.05	69
0.132	5.0125	3.1125	69
0.134	5.0125	3.175	69
0.136	4.95	3.1125	69
0.138	4.95	3.1125	69
0.14	4.95	3.1125	69
0.142	5.0125	3.1125	69
0.144	5.0125	3.1125	69
0.146	5.0125	3.1125	69
0.148	5.0125	3.1125	69
0.15	5.0125	3.1125	69
0.152	5.0125	3.1125	69
0.154	4.95	3.1125	69
0.156	5.0125	3.1125	69
0.158	5.0125	3.1125	69
0.16	4.95	3.05	69
0.162	5.0125	3.1125	69
0.164	5.0125	3.175	69
0.166	4.95	3.1125	69
0.168	4.95	3.1125	69
0.17	4.95	3.1125	69
0.172	4.95	3.175	69
0.174	5.0125	3.1125	69
0.176	4.95	3.1125	69
0.178	5.0125	3.1125	69
0.18	4.95	3.1125	69
0.182	5.0125	3.1125	69
0.184	4.95	3.1125	69
0.186	4.95	3.1125	69
0.188	5.0125	3.1125	69
0.19	5.0125	3.1125	69
0.192	4.95	3.1125	69
0.194	4.95	3.1125	69
0.196	5.0125	3.1125	69
0.198	5.0125	3.1125	69
0.2	5.0125	3.1125	69
0.202	5.0125	3.1125	69
0.204	5.0125	3.1125	69
0.206	5.0125	3.175	69
0.208	4.95	3.1125	69
0.21	4.95	3.1125	69
0.212	4.95	3.1125	69
0.214	4.95	3.175	69
0.216	4.95	3.1125	69
0.218	4.95	3.1125	69
0.22	4.95	3.1125	69
0.222	5.0125	3.1125	69
0.224	4.95	3.1125	69
0.226	5.0125	3.1125	69
0.228	5.0125	3.1125	69
0.23	4.95	3.1125	69
0.232	5.0125	3.1125	69
0.234	4.95	3.1125	69
0.236	5.0125	3.1125	69
0.238	5.0125	3.1125	69
0.24	5.0125	3.1125	69
0.242	4.95	3.1125	69
0.244	4.95	3.1125	69
0.246	4.95	3.1125	69
0.248	4.95	3.1125	69
0.25	4.95	3.175	69
0.252	4.95	3.175	69
0.254	4.95	3.1125	69
0.256	4.95	3.175	69
0.258	4.95	3.1125	69
0.26	4.95	3.1125	69
0.262	5.0125	3.1125	69
0.264	5.0125	3.1125	69
0.266	5.0125	3.1125	69
0.268	5.0125	3.1125	69
0.27	5.0125	3.1125	69
0.272	5.0125	3.05	69
0.274	4.95	3.05	69
0.276	4.95	3.1125	69
0.278	4.95	3.1125	69
0.28	4.95	3.05	69
0.282	5.0125	3.1125	69
0.284	4.95	3.1125	69
0.286	4.95	3.1125	69
0.288	5.0125	3.1125	69
0.29	4.95	3.1125	69
0.292	5.0125	3.175	69
0.294	5.0125	3.175	69
0.296	4.95	3.1125	69
0.298	4.95	3.1125	69
0.3	5.0125	3.1125	69
0.302	4.8875	3.1125	69
0.304	5.0125	3.1125	69
0.306	4.95	3.1125	69
0.308	4.95	3.1125	69
0.31	4.95	3.175	69
0.312	4.95	3.1125	69
0.314	5.0125	3.05	69
0.316	4.95	3.1125	69
0.318	4.95	3.05	69
0.32	5.0125	3.1125	69
0.322	4.95	3.1125	69
0.324	5.0125	3.1125	69
0.326	5.0125	3.1125	69
0.328	4.95	3.1125	69
0.33	4.95	3.1125	69
0.332	4.95	3.1125	69
0.334	4.95	3.175	69
0.336	5.0125	3.1125	69
0.338	5.0125	3.1125	69
0.34	4.95	3.1125	69
0.342	5.0125	3.05	69
0.344	4.95	3.1125	69
0.346	4.95	3.1125	69
0.348	4.95	3.1125	69
0.35	4.95	3.1125	69
0.352	5.0125	3.1125	69
0.354	5.0125	3.1125	69
0.356	5.0125	3.1125	69
0.358	4.95	3.1125	69
0.36	5.0125	3.1125	69
0.362	4.95	3.1125	69
0.364	5.0125	3.1125	69
0.366	5.0125	3.175	69
0.368	5.0125	3.1125	69
0.37	4.95	3.1125	69
0.372	5.0125	3.1125	69
0.374	4.95	3.1125	69
0.376	5.0125	3.1125	69
0.378	4.95	3.1125	69
0.38	5.0125	3.1125	69
0.382	5.0125	3.1125	69
0.384	5.0125	3.1125	69
0.386	5.0125	3.1125	69
0.388	4.95	3.1125	69
0.39	5.0125	3.1125	69
0.392	5.0125	3.1125	69
0.394	4.95	3.05	69
0.396	5.0125	3.1125	69
0.398	4.95	3.1125	69
0.4	4.95	3.1125	69
0.402	4.95	3.1125	69
0.404	4.95	3.1125	69
0.406	5.0125	3.1125	69
0.408	4.95	3.05	69
0.41	4.95	3.1125	69
0.412	4.95	3.175	69
0.414	5.0125	3.05	69
0.416	4.95	3.1125	69
0.418	5.0125	3.1125	69
0.42	5.0125	3.1125	69
0.422	5.0125	3.1125	69
0.424	4.95	3.1125	69
0.426	5.0125	3.1125	69
0.428	5.0125	3.1125	69
0.43	4.95	3.1125	69
0.432	4.95	3.1125	69
0.434	4.95	3.1125	69
0.436	4.95	3.175	69
0.438	4.95	3.05	69
0.44	4.95	3.1125	69
0.442	4.95	3.1125	69
0.444	4.95	3.1125	69
0.446	5.0125	3.1125	69
0.448	4.95	3.1125	69
0.45	5.0125	3.1125	69
0.452	5.0125	3.1125	69
0.454	5.0125	3.175	69
0.456	5.0125	3.1125	69
0.458	5.0125	3.1125	69
0.46	4.95	3.1125	69
0.462	4.95	3.1125	69
0.464	5.0125	3.1125	69
0.466	4.95	3.175	69
0.468	5.0125	3.1125	69
0.47	4.95	3.05	69
0.472	4.95	3.1125	69
0.474	5.0125	3.1125	69
0.476	4.95	3.1125	69
0.478	4.95	3.1125	69
0.48	4.95	3.1125	69
0.482	5.0125	3.1125	69
0.484	4.95	3.175	69
0.486	4.95	3.1125	69
0.488	5.0125	3.1125	69
0.49	4.95	3.1125	69
0.492	5.0125	3.175	69
0.494	4.95	3.1125	69
0.496	4.95	3.175	69
0.498	5.0125	3.1125	69
0.5	4.95	3.1125	69
0.502	5.0125	3.175	69
0.504	4.95	3.1125	69
0.506	5.0125	3.1125	69
0.508	5.0125	3.1125	69
0.51	5.0125	3.175	69
0.512	4.95	3.1125	69
0.514	5.0125	3.1125	69
0.516	4.95	3.1125	69
0.518	5.0125	3.1125	69
0.52	4.95	3.1125	69
0.522	5.0125	3.1125	69
0.524	4.95	3.1125	69
0.526	4.95	3.1125	69
0.528	4.95	3.1125	69
0.53	5.0125	3.1125	69
0.532	4.95	3.1125	69
0.534	5.0125	3.1125	69
0.536	5.0125	3.1125	69
0.538	5.0125	3.1125	69
0.54	4.95	3.1125	69
0.542	5.0125	3.1125	69
0.544	4.95	3.175	69
0.546	5.0125	3.1125	69
0.548	4.95	3.1125	69
0.55	4.95	3.1125	69
0.552	5.0125	3.1125	69
0.554	5.0125	3.1125	69
0.556	5.0125	3.1125	69
0.558	4.95	3.175	69
0.56	5.0125	3.1125	69
0.562	5.0125	3.1125	69
0.564	4.95	3.1125	69
0.566	5.0125	3.175	69
0.568	4.95	3.1125	69
0.57	5.0125	3.1125	69
0.572	5.0125	3.1125	69
0.574	5.0125	3.1125	69
0.576	5.0125	3.05	69
0.578	4.95	3.1125	69
0.58	4.95	3.1125	69
0.582	4.95	3.1125	69
0.584	4.95	3.1125	69
0.586	5.0125	3.1125	69
0.588	5.0125	3.1125	69
0.59	5.0125	3.1125	69
0.592	4.95	3.1125	69
0.594	5.0125	3.1125	69
0.596	4.95	3.1125	69
0.598	4.95	3.1125	69
0.6	5.0125	3.1125	69
0.602	4.95	3.1125	69
0.604	4.95	3.175	69
0.606	4.95	3.1125	69
0.608	5.0125	3.1125	69
0.61	4.95	3.1125	69
0.612	4.95	3.175	69
0.614	5.0125	3.1125	69
0.616	5.0125	3.1125	69
0.618	5.0125	3.1125	69
0.62	5.0125	3.1125	69
0.622	5.0125	3.1125	69
0.624	4.95	3.1125	69
0.626	4.95	3.1125	69
0.628	4.95	3.1125	69
0.63	4.95	3.1125	69
0.632	5.0125	3.1125	69
0.634	5.0125	3.175	69
0.636	5.0125	3.05	69
0.638	5.0125	3.1125	69
0.64	5.0125	3.1125	69
0.642	5.0125	3.1125	69
0.644	5.0125	3.1125	69
0.646	5.0125	3.05	69
0.648	4.95	3.1125	69
0.65	5.0125	3.1125	69
0.652	5.0125	3.175	69
0.654	4.95	3.1125	69
0.656	4.95	3.05	69
0.658	4.95	3.1125	69
0.66	5.0125	3.1125	69
0.662	5.0125	3.1125	69
0.664	5.0125	3.1125	69
0.666	5.0125	3.1125	69
0.668	5.075	3.1125	69
0.67	5.0125	3.175	69
0.672	5.0125	3.1125	69
0.674	5.0125	3.1125	69
0.676	5.0125	3.1125	69
0.678	4.95	3.1125	69
0.68	4.95	3.1125	69
0.682	5.0125	3.1125	69
0.684	5.0125	3.1125	69
0.686	5.0125	3.05	69
0.688	4.95	3.1125	69
0.69	5.0125	3.1125	69
0.692	4.95	3.1125	69
0.694	5.0125	3.1125	69
0.696	5.0125	3.1125	69
0.698	5.0125	3.1125	69
0.7	4.95	3.1125	69
0.702	5.0125	3.1125	69
0.704	5.0125	3.05	69
0.706	4.95	3.1125	69
0.708	5.075	3.1125	69
0.71	4.95	3.1125	69
0.712	4.95	3.05	69
0.714	5.0125	3.1125	69
0.716	5.0125	3.175	69
0.718	5.0125	3.1125	69
0.72	4.95	3.1125	69
0.722	4.95	3.1125	69
0.724	4.95	3.1125	69
0.726	5.0125	3.1125	69
0.728	5.0125	3.175	69
0.73	5.0125	3.1125	69
0.732	4.95	3.1125	69
0.734	4.95	3.175	69
0.736	4.95	3.1125	69
0.738	4.95	3.1125	69
0.74	5.0125	3.1125	69
0.742	5.0125	3.1125	69
0.744	4.95	3.05	69
0.746	5.0125	3.1125	69
0.748	4.95	3.1125	69
0.75	4.95	3.1125	69
0.752	5.0125	3.1125	69
0.754	5.0125	3.1125	69
0.756	4.95	3.1125	69
0.758	5.0125	3.1125	69
0.76	5.0125	3.05	69
0.762	4.95	3.1125	69
0.764	5.0125	3.1125	69
0.766	4.95	3.1125	69
0.768	4.95	3.1125	69
0.77	5.0125	3.1125	69
0.772	5.0125	3.1125	69
0.774	4.95	3.1125	69
0.776	5.0125	3.1125	69
0.778	4.95	3.1125	69
0.78	4.95	3.1125	69
0.782	4.95	3.1125	69
0.784	4.95	3.1125	69
0.786	5.0125	3.05	69
0.788	4.95	3.1125	69
0.79	5.0125	3.1125	69
0.792	5.0125	3.05	69
0.794	4.95	3.1125	69
0.796	4.95	3.175	69
0.798	5.0125	3.1125	69
0.8	5.0125	3.1125	69
0.802	4.95	3.1125	69
0.804	4.95	3.1125	69
0.806	5.0125	3.1125	69
0.808	4.95	3.175	69
0.81	4.95	3.1125	69
0.812	5.0125	3.1125	69
0.814	4.95	3.1125	69
0.816	5.0125	3.1125	69
0.818	4.95	3.175	69
0.82	5.0125	3.1125	69
0.822	4.95	3.1125	69
0.824	5.0125	3.1125	69
0.826	5.075	3.1125	69
0.828	5.0125	3.1125	69
0.83	4.95	3.1125	69
0.832	5.0125	3.1125	69
0.834	4.95	3.1125	69
0.836	5.0125	3.1125	69
0.838	4.95	3.1125	69
0.84	5.0125	3.175	69
0.842	5.0125	3.1125	69
0.844	4.95	3.1125	69
0.846	4.95	3.1125	69
0.848	5.0125	3.1125	69
0.85	5.0125	3.1125	69
0.852	4.95	3.1125	69
0.854	5.0125	3.1125	69
0.856	5.0125	3.1125	69
0.858	5.0125	3.1125	69
0.86	5.0125	3.1125	69
0.862	4.95	3.1125	69
0.864	5.0125	3.1125	69
0.866	5.0125	3.1125	69
0.868	4.95	3.1125	69
0.87	5.0125	3.1125	69
0.872	4.95	3.1125	69
0.874	4.95	3.05	69
0.876	5.0125	3.1125	69
0.878	5.0125	3.1125	69
0.88	5.0125	3.1125	69
0.882	5.0125	3.1125	69
0.884	4.8875	3.1125	69
0.886	5.0125	3.175	69
0.888	4.95	3.175	69
0.89	4.95	3.1125	69
0.892	4.95	3.1125	69
0.894	4.95	3.175	69
0.896	4.95	3.1125	69
0.898	5.0125	3.1125	69
0.9	4.95	3.1125	69
0.902	4.95	3.1125	69
0.904	5.0125	3.1125	69
0.906	5.0125	3.1125	69
0.908	5.0125	3.1125	69
0.91	4.95	3.1125	69
0.912	4.95	3.1125	69
0.914	4.95	3.05	69
0.916	4.95	3.1125	69
0.918	5.0125	3.1125	69
0.92	4.95	3.1125	69
0.922	5.0125	3.1125	69
0.924	4.95	3.175	69
0.926	5.0125	3.1125	69
0.928	4.95	3.1125	69
0.93	4.95	3.1125	69
0.932	5.0125	3.05	69
0.934	5.0125	3.1125	69
0.936	5.0125	3.05	69
0.938	5.0125	3.175	69
0.94	4.95	3.1125	69
0.942	4.95	3.1125	69
0.944	4.95	3.1125	69
0.946	5.0125	3.1125	69
0.948	4.95	3.175	69
0.95	4.95	3.1125	69
0.952	5.0125	3.175	69
0.954	4.95	3.1125	69
0.956	4.95	3.1125	69
0.958	4.95	3.1125	69
0.96	4.95	3.05	69
0.962	5.0125	3.175	69
0.964	5.0125	3.1125	69
0.966	5.0125	3.1125	69
0.968	5.0125	3.1125	69
0.97	5.0125	3.1125	69
0.972	5.0125	3.1125	69
0.974	4.95	3.05	69
0.976	5.0125	3.1125	69
0.978	4.95	3.05	69
0.98	4.95	3.1125	69
0.982	4.95	3.1125	69
0.984	5.0125	3.1125	69
0.986	5.0125	3.1125	69
0.988	4.95	3.1125	69
0.99	4.95	3.1125	69
0.992	5.0125	3.05	69
0.994	5.0125	3.1125	69
0.996	4.95	3.1125	69
0.998	4.95	3.175	69
