# Zeit (s)	# Kanal 1 (V)	# Kanal 2 (V)	# D0-D7	
-0.0025	4.95	4.2745	251
-0.002495	5.0125	4.24325	251
-0.00249	5.0125	4.212	251
-0.002485	4.95	4.2745	251
-0.00248	5.0125	4.212	251
-0.002475	4.95	4.24325	251
-0.00247	4.95	4.24325	251
-0.002465	4.95	4.2745	251
-0.00246	4.95	4.24325	251
-0.002455	5.0125	4.24325	251
-0.00245	5.0125	4.212	251
-0.002445	4.95	4.212	251
-0.00244	4.95	4.18075	251
-0.002435	5.0125	4.212	251
-0.00243	5.0125	4.18075	251
-0.002425	4.8875	4.18075	251
-0.00242	4.95	4.18075	251
-0.002415	5.0125	4.18075	251
-0.00241	4.95	4.18075	251
-0.002405	5.0125	4.11825	251
-0.0024	4.95	4.11825	251
-0.002395	4.95	4.11825	251
-0.00239	5.0125	4.11825	251
-0.002385	5.0125	4.087	251
-0.00238	5.0125	4.087	251
-0.002375	5.0125	4.05575	251
-0.00237	4.95	4.05575	251
-0.002365	4.95	4.0245	251
-0.00236	5.0125	4.0245	251
-0.002355	4.95	4.0245	251
-0.00235	4.95	3.99325	251
-0.002345	4.95	3.962	251
-0.00234	5.0125	3.99325	27
-0.002335	4.95	3.962	27
-0.00233	5.0125	3.8995	27
-0.002325	5.0125	3.93075	27
-0.00232	4.95	3.86825	27
-0.002315	5.0125	3.86825	27
-0.00231	4.95	3.86825	27
-0.002305	4.95	3.837	27
-0.0023	5.075	3.80575	27
-0.002295	4.95	3.74325	27
-0.00229	4.95	3.7745	27
-0.002285	4.95	3.74325	27
-0.00228	4.95	3.712	27
-0.002275	5.0125	3.712	27
-0.00227	5.0125	3.712	27
-0.002265	4.95	3.6495	27
-0.00226	5.0125	3.6495	27
-0.002255	4.95	3.6495	27
-0.00225	5.0125	3.61825	27
-0.002245	5.0125	3.55575	27
-0.00224	5.0125	3.55575	27
-0.002235	4.95	3.49325	27
-0.00223	4.95	3.49325	27
-0.002225	4.95	3.462	27
-0.00222	4.95	3.49325	27
-0.002215	4.95	3.3995	27
-0.00221	4.95	3.3995	27
-0.002205	4.95	3.337	27
-0.0022	4.95	3.337	27
-0.002195	5.0125	3.2745	27
-0.00219	5.0125	3.30575	27
-0.002185	5.0125	3.212	27
-0.00218	5.0125	3.212	27
-0.002175	4.95	3.18075	3
-0.00217	4.95	3.18075	3
-0.002165	4.95	3.1495	3
-0.00216	5.0125	3.11825	3
-0.002155	4.95	3.087	3
-0.00215	4.95	3.087	3
-0.002145	4.95	3.05575	3
-0.00214	4.95	2.99325	3
-0.002135	4.95	2.93075	3
-0.00213	5.0125	2.962	3
-0.002125	4.95	2.8995	3
-0.00212	5.0125	2.93075	3
-0.002115	4.95	2.837	3
-0.00211	4.8875	2.837	3
-0.002105	4.95	2.7745	3
-0.0021	4.95	2.7745	3
-0.002095	4.95	2.74325	3
-0.00209	5.0125	2.68075	3
-0.002085	4.95	2.6495	3
-0.00208	5.0125	2.61825	3
-0.002075	4.95	2.61825	3
-0.00207	4.95	2.587	3
-0.002065	5.0125	2.55575	3
-0.00206	4.95	2.5245	3
-0.002055	4.95	2.49325	3
-0.00205	4.95	2.43075	3
-0.002045	4.95	2.43075	3
-0.00204	4.95	2.3995	3
-0.002035	5.0125	2.337	3
-0.00203	4.95	2.337	3
-0.002025	5.0125	2.2745	3
-0.00202	4.95	2.2745	11
-0.002015	5.0125	2.24325	9
-0.00201	4.95	2.24325	9
-0.002005	5.0125	2.18075	9
-0.002	5.0125	2.11825	9
-0.001995	5.0125	2.11825	9
-0.00199	4.95	2.087	9
-0.001985	4.95	2.05575	9
-0.00198	4.95	2.0245	9
-0.001975	4.95	2.0245	9
-0.00197	4.95	1.962	9
-0.001965	4.95	1.8995	9
-0.00196	5.0125	1.93075	9
-0.001955	4.95	1.86825	9
-0.00195	4.95	1.837	9
-0.001945	5.0125	1.7745	9
-0.00194	5.0125	1.7745	9
-0.001935	4.95	1.74325	9
-0.00193	5.0125	1.712	9
-0.001925	4.95	1.68075	9
-0.00192	4.95	1.61825	9
-0.001915	5.0125	1.61825	9
-0.00191	4.95	1.587	9
-0.001905	4.95	1.55575	9
-0.0019	5.0125	1.49325	9
-0.001895	4.95	1.49325	9
-0.00189	4.95	1.43075	9
-0.001885	4.95	1.462	9
-0.00188	5.0125	1.3995	9
-0.001875	4.95	1.36825	9
-0.00187	5.0125	1.36825	9
-0.001865	4.95	1.337	9
-0.00186	4.95	1.2745	9
-0.001855	5.0125	1.24325	15
-0.00185	4.95	1.24325	6
-0.001845	4.95	1.24325	6
-0.00184	5.0125	1.18075	6
-0.001835	4.95	1.1495	6
-0.00183	4.95	1.1495	6
-0.001825	4.95	1.087	6
-0.00182	4.95	1.087	6
-0.001815	4.95	1.05575	6
-0.00181	4.95	1.0245	6
-0.001805	4.95	1.0245	6
-0.0018	4.95	0.99325	6
-0.001795	5.0125	0.962	6
-0.00179	4.95	0.93075	6
-0.001785	4.95	0.8995	6
-0.00178	4.95	0.8995	6
-0.001775	5.0125	0.86825	6
-0.00177	4.95	0.86825	6
-0.001765	4.95	0.80575	6
-0.00176	4.95	0.80575	6
-0.001755	4.95	0.80575	6
-0.00175	4.95	0.7745	6
-0.001745	5.0125	0.74325	6
-0.00174	4.95	0.74325	6
-0.001735	4.95	0.68075	6
-0.00173	5.0125	0.6495	6
-0.001725	4.95	0.6495	6
-0.00172	4.95	0.6495	6
-0.001715	5.0125	0.61825	6
-0.00171	5.0125	0.6495	6
-0.001705	4.95	0.61825	6
-0.0017	4.95	0.55575	6
-0.001695	4.95	0.55575	6
-0.00169	5.0125	0.587	22
-0.001685	0.0124999	0.49325	20
-0.00168	4.95	0.55575	20
-0.001675	5.0125	0.5245	20
-0.00167	4.95	0.49325	20
-0.001665	4.95	0.5245	20
-0.00166	4.95	0.462	20
-0.001655	5.0125	0.43075	20
-0.00165	5.0125	0.43075	20
-0.001645	5.0125	0.43075	20
-0.00164	5.0125	0.3995	20
-0.001635	4.95	0.43075	20
-0.00163	5.0125	0.3995	20
-0.001625	4.95	0.3995	20
-0.00162	4.95	0.36825	20
-0.001615	5.0125	0.36825	20
-0.00161	5.0125	0.337	20
-0.001605	4.95	0.36825	20
-0.0016	4.95	0.337	20
-0.001595	5.0125	0.36825	20
-0.00159	4.95	0.337	20
-0.001585	4.95	0.337	20
-0.00158	4.95	0.30575	20
-0.001575	5.0125	0.2745	20
-0.00157	5.0125	0.30575	20
-0.001565	4.95	0.30575	20
-0.00156	4.95	0.2745	20
-0.001555	5.0125	0.30575	20
-0.00155	4.95	0.30575	20
-0.001545	5.0125	0.2745	20
-0.00154	4.95	0.2745	20
-0.001535	5.0125	0.2745	20
-0.00153	4.95	0.2745	20
-0.001525	5.0125	0.2745	156
-0.00152	5.0125	0.30575	136
-0.001515	5.0125	0.2745	136
-0.00151	5.0125	0.2745	136
-0.001505	5.0125	0.30575	136
-0.0015	4.95	0.30575	136
-0.001495	5.0125	0.2745	136
-0.00149	5.0125	0.30575	136
-0.001485	4.95	0.337	136
-0.00148	5.075	0.30575	136
-0.001475	4.95	0.30575	136
-0.00147	5.0125	0.30575	136
-0.001465	4.95	0.337	136
-0.00146	4.95	0.36825	136
-0.001455	4.95	0.337	136
-0.00145	5.0125	0.337	136
-0.001445	5.0125	0.337	136
-0.00144	4.95	0.36825	136
-0.001435	4.95	0.36825	136
-0.00143	5.0125	0.36825	136
-0.001425	5.0125	0.3995	136
-0.00142	5.0125	0.3995	136
-0.001415	5.0125	0.43075	136
-0.00141	4.95	0.43075	136
-0.001405	5.0125	0.3995	136
-0.0014	4.95	0.462	136
-0.001395	5.0125	0.462	136
-0.00139	4.95	0.43075	136
-0.001385	5.0125	0.462	136
-0.00138	4.95	0.49325	136
-0.001375	4.95	0.5245	136
-0.00137	4.95	0.5245	136
-0.001365	4.95	0.5245	136
-0.00136	5.0125	0.55575	232
-0.001355	4.95	0.55575	232
-0.00135	5.0125	0.587	232
-0.001345	4.95	0.55575	232
-0.00134	4.95	0.61825	232
-0.001335	4.95	0.6495	232
-0.00133	4.95	0.6495	232
-0.001325	5.0125	0.68075	232
-0.00132	5.0125	0.74325	232
-0.001315	4.95	0.712	232
-0.00131	4.95	0.74325	232
-0.001305	4.95	0.712	232
-0.0013	4.8875	0.74325	232
-0.001295	4.95	0.7745	232
-0.00129	4.95	0.80575	232
-0.001285	4.95	0.86825	232
-0.00128	4.95	0.837	232
-0.001275	4.95	0.86825	232
-0.00127	4.95	0.8995	232
-0.001265	4.95	0.93075	232
-0.00126	5.0125	0.962	232
-0.001255	4.95	0.93075	232
-0.00125	5.0125	0.962	232
-0.001245	4.95	1.05575	232
-0.00124	4.95	1.05575	232
-0.001235	4.95	1.087	232
-0.00123	4.95	1.087	232
-0.001225	4.95	1.087	232
-0.00122	5.0125	1.1495	232
-0.001215	5.0125	1.18075	232
-0.00121	5.0125	1.212	232
-0.001205	4.95	1.212	232
-0.0012	5.0125	1.24325	252
-0.001195	5.0125	1.30575	244
-0.00119	5.0125	1.30575	244
-0.001185	4.95	1.337	244
-0.00118	4.95	1.36825	244
-0.001175	5.0125	1.36825	244
-0.00117	5.0125	1.3995	244
-0.001165	5.0125	1.43075	244
-0.00116	5.0125	1.49325	244
-0.001155	4.95	1.49325	244
-0.00115	5.0125	1.55575	244
-0.001145	5.075	1.55575	244
-0.00114	4.95	1.587	244
-0.001135	5.0125	1.61825	244
-0.00113	5.0125	1.6495	244
-0.001125	4.95	1.68075	244
-0.00112	5.0125	1.712	244
-0.001115	5.0125	1.74325	244
-0.00111	5.0125	1.7745	244
-0.001105	4.95	1.80575	244
-0.0011	4.95	1.837	244
-0.001095	5.0125	1.86825	244
-0.00109	5.0125	1.8995	244
-0.001085	4.95	1.93075	244
-0.00108	5.0125	1.93075	244
-0.001075	4.95	1.99325	244
-0.00107	4.95	2.05575	244
-0.001065	4.95	2.05575	244
-0.00106	4.95	2.087	244
-0.001055	5.0125	2.11825	244
-0.00105	4.95	2.1495	244
-0.001045	4.95	2.1495	244
-0.00104	4.95	2.212	244
-0.001035	4.95	2.24325	254
-0.00103	4.95	2.2745	250
-0.001025	4.95	2.337	250
-0.00102	4.95	2.337	250
-0.001015	5.0125	2.337	250
-0.00101	5.0125	2.3995	250
-0.001005	4.95	2.43075	250
-0.001	4.95	2.462	250
-0.000995	4.95	2.49325	250
-0.00099	5.0125	2.5245	250
-0.000985	4.95	2.55575	250
-0.00098	4.95	2.587	250
-0.000975	5.0125	2.61825	250
-0.00097	5.0125	2.61825	250
-0.000965	5.0125	2.68075	250
-0.00096	5.0125	2.68075	250
-0.000955	4.95	2.7745	250
-0.00095	5.0125	2.7745	250
-0.000945	5.0125	2.80575	250
-0.00094	4.95	2.837	250
-0.000935	4.95	2.86825	250
-0.00093	5.0125	2.8995	250
-0.000925	4.95	2.93075	250
-0.00092	5.0125	2.962	250
-0.000915	5.0125	2.962	250
-0.00091	5.0125	3.0245	250
-0.000905	4.95	3.05575	250
-0.0009	4.95	3.087	250
-0.000895	4.95	3.05575	250
-0.00089	5.0125	3.1495	250
-0.000885	4.95	3.11825	250
-0.00088	4.95	3.1495	250
-0.000875	4.95	3.212	250
-0.00087	4.95	3.212	254
-0.000865	4.825	3.2745	254
-0.00086	5.0125	3.30575	254
-0.000855	4.95	3.337	254
-0.00085	4.95	3.30575	254
-0.000845	5.0125	3.36825	254
-0.00084	4.95	3.43075	254
-0.000835	5.0125	3.3995	254
-0.00083	5.0125	3.43075	254
-0.000825	4.95	3.462	254
-0.00082	4.95	3.49325	254
-0.000815	4.95	3.49325	254
-0.00081	5.0125	3.55575	254
-0.000805	4.95	3.587	254
-0.0008	4.95	3.61825	254
-0.000795	4.95	3.587	254
-0.00079	5.0125	3.6495	254
-0.000785	4.95	3.68075	254
-0.00078	5.0125	3.68075	254
-0.000775	4.95	3.712	254
-0.00077	4.95	3.712	254
-0.000765	4.95	3.7745	254
-0.00076	5.0125	3.7745	254
-0.000755	4.95	3.80575	254
-0.00075	4.95	3.80575	254
-0.000745	4.95	3.837	254
-0.00074	4.95	3.837	254
-0.000735	4.95	3.86825	254
-0.00073	4.95	3.8995	254
-0.000725	4.95	3.93075	254
-0.00072	4.95	3.93075	254
-0.000715	4.95	3.93075	254
-0.00071	4.95	3.93075	254
-0.000705	5.0125	3.99325	255
-0.0007	4.95	3.962	253
-0.000695	5.0125	3.99325	253
-0.00069	4.95	4.0245	253
-0.000685	4.95	4.05575	253
-0.00068	4.95	4.0245	253
-0.000675	5.0125	4.087	253
-0.00067	4.95	4.087	253
-0.000665	4.95	4.087	253
-0.00066	4.95	4.11825	253
-0.000655	4.95	4.087	253
-0.00065	5.0125	4.1495	253
-0.000645	5.0125	4.1495	253
-0.00064	5.0125	4.1495	253
-0.000635	4.95	4.1495	253
-0.00063	5.0125	4.18075	253
-0.000625	5.0125	4.18075	253
-0.00062	4.95	4.18075	253
-0.000615	5.0125	4.18075	253
-0.00061	4.95	4.212	253
-0.000605	4.95	4.24325	253
-0.0006	5.0125	4.24325	253
-0.000595	4.8875	4.212	253
-0.00059	4.95	4.24325	253
-0.000585	4.95	4.24325	253
-0.00058	5.0125	4.24325	253
-0.000575	4.95	4.24325	253
-0.00057	4.95	4.2745	253
-0.000565	4.95	4.24325	253
-0.00056	4.95	4.2745	253
-0.000555	5.0125	4.2745	253
-0.00055	4.95	4.2745	253
-0.000545	4.95	4.2745	253
-0.00054	5.0125	4.24325	255
-0.000535	5.0125	4.24325	123
-0.00053	4.95	4.24325	123
-0.000525	5.0125	4.2745	123
-0.00052	4.95	4.24325	123
-0.000515	4.95	4.2745	123
-0.00051	5.0125	4.2745	123
-0.000505	4.95	4.2745	123
-0.0005	5.0125	4.2745	123
-0.000495	5.0125	4.2745	123
-0.00049	4.95	4.2745	123
-0.000485	4.95	4.24325	123
-0.00048	4.95	4.24325	123
-0.000475	5.0125	4.2745	123
-0.00047	4.95	4.24325	123
-0.000465	5.0125	4.24325	123
-0.00046	4.95	4.2745	123
-0.000455	4.95	4.24325	123
-0.00045	4.95	4.212	123
-0.000445	4.95	4.212	123
-0.00044	4.95	4.212	123
-0.000435	5.0125	4.212	123
-0.00043	4.8875	4.18075	123
-0.000425	4.95	4.18075	123
-0.00042	4.95	4.212	123
-0.000415	4.95	4.1495	123
-0.00041	4.95	4.18075	123
-0.000405	4.95	4.1495	123
-0.0004	4.95	4.11825	123
-0.000395	5.0125	4.1495	123
-0.00039	4.95	4.087	123
-0.000385	5.0125	4.11825	123
-0.00038	4.95	4.05575	123
-0.000375	4.95	4.0245	27
-0.00037	4.95	4.05575	27
-0.000365	4.95	4.0245	27
-0.00036	5.0125	4.0245	27
-0.000355	5.0125	3.99325	27
-0.00035	4.95	3.99325	27
-0.000345	5.0125	3.962	27
-0.00034	5.0125	3.962	27
-0.000335	5.0125	3.93075	27
-0.00033	5.075	3.93075	27
-0.000325	5.0125	3.93075	27
-0.00032	4.95	3.8995	27
-0.000315	5.0125	3.837	27
-0.00031	5.0125	3.837	27
-0.000305	4.95	3.80575	27
-0.0003	5.0125	3.80575	27
-0.000295	4.95	3.80575	27
-0.00029	5.0125	3.74325	27
-0.000285	5.0125	3.74325	27
-0.00028	4.95	3.712	27
-0.000275	4.95	3.712	27
-0.00027	4.95	3.68075	27
-0.000265	5.0125	3.61825	27
-0.00026	4.95	3.6495	27
-0.000255	4.95	3.61825	27
-0.00025	4.95	3.587	27
-0.000245	5.0125	3.587	27
-0.00024	4.95	3.55575	27
-0.000235	5.0125	3.5245	27
-0.00023	5.0125	3.49325	27
-0.000225	5.0125	3.462	27
-0.00022	4.95	3.43075	27
-0.000215	5.0125	3.43075	27
-0.00021	4.95	3.36825	3
-0.000205	4.95	3.36825	3
-0.0002	4.95	3.337	3
-0.000195	4.95	3.30575	3
-0.00019	4.95	3.2745	3
-0.000185	5.0125	3.24325	3
-0.00018	4.95	3.212	3
-0.000175	5.0125	3.212	3
-0.00017	4.95	3.18075	3
-0.000165	5.0125	3.1495	3
-0.00016	5.0125	3.087	3
-0.000155	5.0125	3.11825	3
-0.00015	5.0125	3.0245	3
-0.000145	4.95	3.0245	3
-0.00014	4.95	3.0245	3
-0.000135	4.95	2.962	3
-0.00013	5.0125	2.93075	3
-0.000125	4.95	2.93075	3
-0.00012	4.95	2.8995	3
-0.000115	4.95	2.837	3
-0.00011	4.95	2.80575	3
-0.000105	5.0125	2.80575	3
-0.0001	4.95	2.74325	3
-0.000095	5.0125	2.712	3
-0.00009	4.95	2.712	3
-0.000085	4.95	2.68075	3
-0.00008	4.95	2.6495	3
-0.000075	4.95	2.587	3
-0.00007	5.0125	2.587	3
-0.000065	5.0125	2.5245	3
-0.00006	5.0125	2.55575	3
-0.000055	4.95	2.5245	3
-0.00005	5.0125	2.462	11
-0.000045	4.95	2.43075	9
-0.00004	4.95	2.36825	9
-0.000035	5.0125	2.36825	9
-0.00003	5.0125	2.30575	9
-0.000025	4.95	2.30575	9
-0.00002	5.0125	2.2745	9
-0.000015	4.95	2.24325	9
-0.00001	5.0125	2.212	9
-0.000005	5.0125	2.18075	9
-0.0000000000000000205998	4.95	2.1495	9
0.000005	5.0125	2.11825	9
0.00001	5.0125	2.087	9
0.000015	4.95	2.0245	9
0.00002	4.95	2.0245	9
0.000025	4.95	1.99325	9
0.00003	4.95	1.962	9
0.000035	4.95	1.8995	9
0.00004	4.95	1.86825	9
0.000045	4.95	1.86825	9
0.00005	4.95	1.80575	9
0.000055	5.0125	1.80575	9
0.00006	5.0125	1.74325	9
0.000065	4.95	1.712	9
0.00007	4.95	1.712	9
0.000075	4.95	1.68075	9
0.00008	5.0125	1.6495	9
0.000085	4.95	1.61825	9
0.00009	4.95	1.587	9
0.000095	4.95	1.55575	9
0.0001	5.0125	1.5245	9
0.000105	4.95	1.49325	9
0.00011	4.95	1.49325	9
0.000115	4.95	1.43075	15
0.00012	5.0125	1.3995	6
0.000125	4.95	1.36825	6
0.00013	4.95	1.337	6
0.000135	4.95	1.30575	6
0.00014	5.0125	1.24325	6
0.000145	5.0125	1.30575	6
0.00015	5.0125	1.24325	6
0.000155	4.95	1.212	6
0.00016	5.0125	1.18075	6
0.000165	4.95	1.1495	6
0.00017	4.95	1.1495	6
0.000175	4.95	1.11825	6
0.00018	5.0125	1.087	6
0.000185	4.95	1.087	6
0.00019	4.95	1.0245	6
0.000195	4.95	1.0245	6
0.0002	4.95	0.99325	6
0.000205	4.95	0.962	6
0.00021	5.0125	0.93075	6
0.000215	4.95	0.8995	6
0.00022	5.0125	0.8995	6
0.000225	5.0125	0.837	6
0.00023	4.95	0.837	6
0.000235	4.95	0.80575	6
0.00024	4.95	0.80575	6
0.000245	4.95	0.7745	6
0.00025	4.95	0.712	6
0.000255	4.95	0.74325	6
0.00026	4.95	0.712	6
0.000265	4.95	0.712	6
0.00027	5.0125	0.68075	6
0.000275	4.95	0.6495	14
0.00028	5.0125	0.6495	12
0.000285	4.95	0.61825	12
0.00029	5.0125	0.61825	12
0.000295	4.95	0.587	12
0.0003	5.0125	0.587	12
0.000305	5.0125	0.587	12
0.00031	4.95	0.55575	12
0.000315	4.95	0.55575	12
0.00032	4.95	0.5245	12
0.000325	5.0125	0.5245	12
0.00033	4.95	0.49325	12
0.000335	4.95	0.49325	12
0.00034	4.95	0.462	12
0.000345	4.95	0.462	12
0.00035	5.0125	0.462	12
0.000355	4.95	0.43075	12
0.00036	5.0125	0.3995	12
0.000365	5.0125	0.3995	12
0.00037	5.0125	0.3995	12
0.000375	4.95	0.36825	12
0.00038	5.0125	0.36825	12
0.000385	5.0125	0.36825	12
0.00039	5.0125	0.36825	12
0.000395	5.0125	0.36825	12
0.0004	4.95	0.337	12
0.000405	4.95	0.337	12
0.00041	5.0125	0.337	12
0.000415	4.95	0.30575	12
0.00042	5.0125	0.337	12
0.000425	5.0125	0.2745	12
0.00043	4.95	0.337	12
0.000435	4.95	0.2745	12
0.00044	4.95	0.30575	44
0.000445	4.95	0.337	40
0.00045	5.0125	0.2745	40
0.000455	4.95	0.2745	40
0.00046	4.95	0.2745	40
0.000465	5.0125	0.2745	40
0.00047	5.0125	0.2745	40
0.000475	4.95	0.2745	40
0.00048	5.0125	0.2745	40
0.000485	4.95	0.30575	40
0.00049	5.0125	0.30575	40
0.000495	4.95	0.2745	40
0.0005	4.95	0.2745	40
0.000505	4.95	0.30575	40
0.00051	4.95	0.2745	40
0.000515	5.0125	0.30575	40
0.00052	4.95	0.30575	40
0.000525	4.95	0.30575	40
0.00053	5.0125	0.2745	40
0.000535	4.95	0.337	40
0.00054	5.0125	0.30575	40
0.000545	5.0125	0.337	40
0.00055	5.0125	0.337	40
0.000555	4.95	0.337	40
0.00056	5.0125	0.3995	40
0.000565	4.95	0.36825	40
0.00057	5.0125	0.36825	40
0.000575	5.0125	0.3995	40
0.00058	4.95	0.3995	40
0.000585	4.95	0.3995	40
0.00059	5.0125	0.43075	40
0.000595	4.95	0.43075	40
0.0006	4.95	0.462	40
0.000605	5.0125	0.43075	232
0.00061	0.0124999	0.462	232
0.000615	4.95	0.49325	232
0.00062	4.95	0.49325	232
0.000625	5.0125	0.5245	232
0.00063	4.95	0.5245	232
0.000635	4.95	0.55575	232
0.00064	4.95	0.55575	232
0.000645	4.95	0.55575	232
0.00065	4.95	0.587	232
0.000655	4.95	0.587	232
0.00066	4.95	0.587	232
0.000665	4.95	0.61825	232
0.00067	4.95	0.68075	232
0.000675	5.0125	0.68075	232
0.00068	4.95	0.6495	232
0.000685	4.95	0.74325	232
0.00069	5.0125	0.74325	232
0.000695	4.95	0.74325	232
0.0007	4.95	0.7745	232
0.000705	4.95	0.80575	232
0.00071	4.95	0.80575	232
0.000715	4.95	0.837	232
0.00072	5.0125	0.86825	232
0.000725	5.0125	0.86825	232
0.00073	4.95	0.86825	232
0.000735	5.0125	0.8995	232
0.00074	4.95	0.93075	232
0.000745	5.0125	0.99325	232
0.00075	4.95	0.99325	232
0.000755	4.95	1.0245	232
0.00076	5.0125	1.05575	232
0.000765	4.95	1.05575	232
0.00077	4.95	1.087	252
0.000775	4.95	1.11825	244
0.00078	4.95	1.1495	244
0.000785	4.95	1.18075	244
0.00079	4.95	1.18075	244
0.000795	5.0125	1.212	244
0.0008	5.0125	1.24325	244
0.000805	4.95	1.2745	244
0.00081	4.95	1.30575	244
0.000815	4.95	1.337	244
0.00082	5.0125	1.337	244
0.000825	4.95	1.36825	244
0.00083	4.95	1.43075	244
0.000835	5.0125	1.462	244
0.00084	5.0125	1.462	244
0.000845	5.0125	1.49325	244
0.00085	4.95	1.5245	244
0.000855	4.95	1.587	244
0.00086	5.0125	1.587	244
0.000865	4.95	1.6495	244
0.00087	4.95	1.68075	244
0.000875	4.95	1.6495	244
0.00088	4.95	1.74325	244
0.000885	4.95	1.712	244
0.00089	4.95	1.7745	244
0.000895	4.95	1.80575	244
0.0009	4.95	1.80575	244
0.000905	4.95	1.86825	244
0.00091	5.0125	1.8995	244
0.000915	5.0125	1.93075	244
0.00092	5.0125	1.962	244
0.000925	5.0125	1.962	244
0.00093	4.95	2.0245	244
0.000935	4.95	2.05575	254
0.00094	4.95	2.087	234
0.000945	4.95	2.11825	234
0.00095	5.0125	2.1495	234
0.000955	4.95	2.18075	234
0.00096	4.95	2.24325	234
0.000965	4.95	2.24325	234
0.00097	4.95	2.2745	234
0.000975	5.0125	2.30575	234
0.00098	4.95	2.30575	234
0.000985	5.0125	2.36825	234
0.00099	4.95	2.36825	234
0.000995	4.95	2.43075	234
0.001	4.95	2.462	234
0.001005	4.95	2.49325	234
0.00101	4.95	2.55575	234
0.001015	5.0125	2.587	234
0.00102	5.0125	2.55575	234
0.001025	5.0125	2.61825	234
0.00103	5.0125	2.6495	234
0.001035	4.95	2.712	234
0.00104	4.95	2.712	234
0.001045	4.95	2.74325	234
0.00105	4.95	2.74325	234
0.001055	5.0125	2.80575	234
0.00106	4.95	2.837	234
0.001065	4.95	2.8995	234
0.00107	4.95	2.8995	234
0.001075	4.95	2.93075	234
0.00108	4.95	2.93075	234
0.001085	5.0125	2.962	234
0.00109	5.0125	3.0245	234
0.001095	5.0125	3.05575	254
0.0011	5.0125	3.087	254
0.001105	5.0125	3.11825	254
0.00111	4.95	3.1495	254
0.001115	4.95	3.18075	254
0.00112	5.0125	3.18075	254
0.001125	4.95	3.18075	254
0.00113	4.95	3.24325	254
0.001135	5.0125	3.24325	254
0.00114	4.95	3.30575	254
0.001145	5.0125	3.337	254
0.00115	5.0125	3.337	254
0.001155	4.95	3.36825	254
0.00116	5.0125	3.3995	254
0.001165	5.0125	3.43075	254
0.00117	5.0125	3.462	254
0.001175	5.0125	3.43075	254
0.00118	4.8875	3.5245	254
0.001185	4.95	3.5245	254
0.00119	5.0125	3.55575	254
0.001195	5.0125	3.5245	254
0.0012	4.95	3.587	254
0.001205	5.0125	3.61825	254
0.00121	4.95	3.61825	254
0.001215	5.0125	3.68075	254
0.00122	4.95	3.712	254
0.001225	5.0125	3.68075	254
0.00123	4.95	3.74325	254
0.001235	4.95	3.7745	254
0.00124	4.95	3.7745	254
0.001245	4.95	3.74325	254
0.00125	4.95	3.80575	254
0.001255	4.95	3.837	254
0.00126	5.0125	3.837	255
0.001265	5.0125	3.86825	253
0.00127	4.95	3.86825	253
0.001275	5.0125	3.8995	253
0.00128	5.0125	3.962	253
0.001285	5.0125	3.93075	253
0.00129	5.0125	3.962	253
0.001295	5.0125	3.99325	253
0.0013	5.0125	3.99325	253
0.001305	5.0125	4.0245	253
0.00131	5.0125	4.0245	253
0.001315	5.0125	4.087	253
0.00132	4.95	4.087	253
0.001325	4.95	4.05575	253
0.00133	4.95	4.087	253
0.001335	4.95	4.11825	253
0.00134	5.0125	4.11825	253
0.001345	5.0125	4.11825	253
0.00135	5.0125	4.1495	253
0.001355	4.95	4.11825	253
0.00136	5.0125	4.1495	253
0.001365	4.95	4.18075	253
0.00137	4.95	4.1495	253
0.001375	4.95	4.1495	253
0.00138	5.0125	4.212	253
0.001385	4.95	4.24325	253
0.00139	4.95	4.212	253
0.001395	4.95	4.24325	253
0.0014	5.0125	4.24325	253
0.001405	5.0125	4.24325	253
0.00141	4.95	4.212	253
0.001415	4.95	4.24325	253
0.00142	4.95	4.212	253
0.001425	5.0125	4.24325	255
0.00143	0.825	4.2745	219
0.001435	4.95	4.2745	219
0.00144	4.95	4.2745	219
0.001445	4.95	4.30575	219
0.00145	4.95	4.2745	219
0.001455	4.95	4.24325	219
0.00146	4.95	4.2745	219
0.001465	4.95	4.30575	219
0.00147	4.95	4.2745	219
0.001475	5.0125	4.2745	219
0.00148	5.0125	4.24325	219
0.001485	4.95	4.2745	219
0.00149	5.0125	4.2745	219
0.001495	5.0125	4.2745	219
0.0015	5.0125	4.212	219
0.001505	4.95	4.2745	219
0.00151	5.0125	4.2745	219
0.001515	5.0125	4.24325	219
0.00152	4.95	4.24325	219
0.001525	4.95	4.24325	219
0.00153	4.95	4.24325	219
0.001535	5.0125	4.2745	219
0.00154	4.95	4.24325	219
0.001545	4.95	4.2745	219
0.00155	4.95	4.24325	219
0.001555	4.95	4.212	219
0.00156	5.0125	4.212	219
0.001565	5.0125	4.212	219
0.00157	4.95	4.18075	219
0.001575	4.95	4.18075	219
0.00158	4.95	4.1495	219
0.001585	4.95	4.18075	219
0.00159	5.0125	4.1495	251
0.001595	5.0125	4.11825	59
0.0016	4.95	4.087	59
0.001605	5.0125	4.11825	59
0.00161	5.0125	4.087	59
0.001615	5.0125	4.087	59
0.00162	4.95	4.087	59
0.001625	5.0125	4.05575	59
0.00163	4.95	4.0245	59
0.001635	4.95	4.0245	59
0.00164	5.0125	3.99325	59
0.001645	4.95	4.0245	59
0.00165	5.0125	3.99325	59
0.001655	5.0125	3.99325	59
0.00166	4.95	3.962	59
0.001665	4.95	3.962	59
0.00167	5.0125	3.962	59
0.001675	4.95	3.8995	59
0.00168	4.95	3.837	59
0.001685	4.95	3.837	59
0.00169	4.95	3.837	59
0.001695	5.0125	3.837	59
0.0017	4.95	3.80575	59
0.001705	5.0125	3.7745	59
0.00171	5.0125	3.7745	59
0.001715	4.95	3.7745	59
0.00172	4.95	3.712	59
0.001725	5.075	3.68075	59
0.00173	4.95	3.68075	59
0.001735	4.95	3.6495	59
0.00174	5.0125	3.6495	59
0.001745	4.95	3.61825	59
0.00175	5.0125	3.587	59
0.001755	4.95	3.5245	59
0.00176	5.0125	3.5245	19
0.001765	4.95	3.5245	19
0.00177	5.0125	3.49325	19
0.001775	4.95	3.462	19
0.00178	4.95	3.43075	19
0.001785	4.95	3.43075	19
0.00179	5.0125	3.3995	19
0.001795	4.95	3.3995	19
0.0018	4.95	3.337	19
0.001805	4.95	3.2745	19
0.00181	4.95	3.2745	19
0.001815	4.95	3.2745	19
0.00182	4.95	3.212	19
0.001825	4.95	3.212	19
0.00183	4.95	3.1495	19
0.001835	5.0125	3.18075	19
0.00184	4.95	3.1495	19
0.001845	5.0125	3.087	19
0.00185	4.95	3.087	19
0.001855	5.0125	3.05575	19
0.00186	4.95	3.0245	19
0.001865	5.0125	2.99325	19
0.00187	5.0125	2.99325	19
0.001875	4.95	2.93075	19
0.00188	4.95	2.86825	19
0.001885	4.95	2.837	19
0.00189	5.0125	2.80575	19
0.001895	4.95	2.80575	19
0.0019	5.0125	2.74325	19
0.001905	5.0125	2.712	19
0.00191	5.0125	2.68075	19
0.001915	4.95	2.68075	23
0.00192	4.95	2.61825	5
0.001925	4.95	2.61825	5
0.00193	4.95	2.587	5
0.001935	5.0125	2.55575	5
0.00194	5.0125	2.5245	5
0.001945	4.95	2.49325	5
0.00195	4.95	2.462	5
0.001955	4.95	2.43075	5
0.00196	5.0125	2.3995	5
0.001965	5.0125	2.337	5
0.00197	5.0125	2.30575	5
0.001975	4.95	2.2745	5
0.00198	4.95	2.2745	5
0.001985	5.0125	2.212	5
0.00199	5.0125	2.212	5
0.001995	5.0125	2.18075	5
0.002	4.95	2.1495	5
0.002005	5.0125	2.11825	5
0.00201	4.95	2.05575	5
0.002015	4.95	2.05575	5
0.00202	5.0125	2.0245	5
0.002025	4.95	1.99325	5
0.00203	4.95	1.8995	5
0.002035	5.0125	1.93075	5
0.00204	4.95	1.86825	5
0.002045	5.0125	1.837	5
0.00205	4.95	1.837	5
0.002055	4.95	1.80575	5
0.00206	4.95	1.7745	5
0.002065	4.95	1.74325	5
0.00207	4.95	1.712	5
0.002075	4.95	1.68075	5
0.00208	4.95	1.6495	5
0.002085	4.95	1.61825	1
0.00209	4.95	1.587	1
0.002095	4.95	1.5245	1
0.0021	4.95	1.5245	1
0.002105	4.95	1.49325	1
0.00211	5.0125	1.43075	1
0.002115	5.0125	1.462	1
0.00212	4.95	1.43075	1
0.002125	5.0125	1.36825	1
0.00213	5.0125	1.30575	1
0.002135	5.0125	1.30575	1
0.00214	5.0125	1.2745	1
0.002145	5.0125	1.2745	1
0.00215	4.95	1.24325	1
0.002155	4.95	1.212	1
0.00216	4.95	1.1495	1
0.002165	5.0125	1.1495	1
0.00217	4.95	1.1495	1
0.002175	5.0125	1.087	1
0.00218	4.95	1.11825	1
0.002185	5.0125	1.05575	1
0.00219	5.0125	1.0245	1
0.002195	4.95	1.0245	1
0.0022	4.95	0.99325	1
0.002205	4.95	0.962	1
0.00221	4.95	0.93075	1
0.002215	5.0125	0.93075	1
0.00222	5.0125	0.8995	1
0.002225	4.95	0.86825	1
0.00223	5.0125	0.86825	1
0.002235	5.0125	0.80575	1
0.00224	5.0125	0.7745	1
0.002245	5.0125	0.837	3
0.00225	4.95	0.74325	2
0.002255	5.0125	0.712	2
0.00226	5.0125	0.712	2
0.002265	4.95	0.712	2
0.00227	5.0125	0.712	2
0.002275	4.95	0.68075	2
0.00228	4.95	0.61825	2
0.002285	5.0125	0.6495	2
0.00229	4.95	0.61825	2
0.002295	5.0125	0.61825	2
0.0023	5.0125	0.55575	2
0.002305	5.0125	0.55575	2
0.00231	5.0125	0.55575	2
0.002315	4.95	0.55575	2
0.00232	4.95	0.5245	2
0.002325	5.0125	0.49325	2
0.00233	5.0125	0.49325	2
0.002335	4.95	0.462	2
0.00234	5.0125	0.462	2
0.002345	4.95	0.462	2
0.00235	5.0125	0.43075	2
0.002355	4.95	0.43075	2
0.00236	5.0125	0.3995	2
0.002365	4.95	0.43075	2
0.00237	5.0125	0.3995	2
0.002375	5.0125	0.36825	2
0.00238	4.95	0.36825	2
0.002385	5.0125	0.36825	2
0.00239	5.0125	0.337	2
0.002395	5.0125	0.337	2
0.0024	5.0125	0.337	2
0.002405	4.95	0.36825	2
0.00241	4.95	0.30575	26
0.002415	4.95	0.337	24
0.00242	5.0125	0.337	24
0.002425	5.0125	0.30575	24
0.00243	5.0125	0.30575	24
0.002435	4.95	0.30575	24
0.00244	4.95	0.2745	24
0.002445	4.95	0.2745	24
0.00245	5.0125	0.2745	24
0.002455	4.95	0.2745	24
0.00246	4.95	0.2745	24
0.002465	4.95	0.30575	24
0.00247	4.95	0.2745	24
0.002475	4.95	0.30575	24
0.00248	4.95	0.2745	24
0.002485	4.95	0.30575	24
0.00249	5.0125	0.30575	24
0.002495	5.0125	0.30575	24
