# Zeit (s)	# Kanal 1 (V)	# Kanal 2 (V)	# D0-D7	
-0.00025	5.0125	4.24325	62
-0.0002495	4.95	4.2745	62
-0.000249	5.0125	4.24325	62
-0.0002485	4.95	4.24325	62
-0.000248	5.0125	4.2745	62
-0.0002475	4.95	4.24325	62
-0.000247	5.0125	4.24325	62
-0.0002465	4.95	4.24325	62
-0.000246	5.0125	4.24325	62
-0.0002455	4.95	4.212	62
-0.000245	5.0125	4.24325	62
-0.0002445	4.95	4.18075	62
-0.000244	4.95	4.212	62
-0.0002435	4.95	4.18075	62
-0.000243	4.95	4.18075	62
-0.0002425	4.95	4.1495	62
-0.000242	5.0125	4.18075	62
-0.0002415	4.95	4.1495	62
-0.000241	5.0125	4.11825	62
-0.0002405	4.95	4.11825	62
-0.00024	5.0125	4.11825	62
-0.0002395	4.8875	4.087	62
-0.000239	4.95	4.087	62
-0.0002385	4.95	4.087	62
-0.000238	5.0125	4.087	62
-0.0002375	4.95	4.05575	62
-0.000237	4.95	4.0245	62
-0.0002365	4.95	4.05575	62
-0.000236	5.0125	3.99325	62
-0.0002355	4.95	3.99325	62
-0.000235	4.95	3.962	62
-0.0002345	4.95	3.962	62
-0.000234	5.0125	3.962	62
-0.0002335	4.95	3.93075	62
-0.000233	5.0125	3.8995	62
-0.0002325	4.95	3.8995	62
-0.000232	4.95	3.86825	62
-0.0002315	4.95	3.86825	62
-0.000231	4.95	3.837	62
-0.0002305	4.95	3.80575	62
-0.00023	5.0125	3.7745	62
-0.0002295	4.95	3.80575	62
-0.000229	5.0125	3.7745	62
-0.0002285	4.95	3.712	62
-0.000228	4.95	3.712	62
-0.0002275	4.95	3.68075	62
-0.000227	5.0125	3.6495	62
-0.0002265	4.95	3.6495	62
-0.000226	4.95	3.6495	62
-0.0002255	4.95	3.6495	62
-0.000225	5.0125	3.587	62
-0.0002245	5.0125	3.55575	62
-0.000224	5.0125	3.5245	62
-0.0002235	4.95	3.49325	62
-0.000223	4.95	3.462	62
-0.0002225	4.95	3.462	62
-0.000222	5.0125	3.43075	62
-0.0002215	4.95	3.43075	62
-0.000221	5.0125	3.337	62
-0.0002205	5.0125	3.337	62
-0.00022	5.0125	3.30575	62
-0.0002195	4.95	3.2745	62
-0.000219	5.0125	3.2745	62
-0.0002185	4.95	3.24325	62
-0.000218	5.0125	3.24325	62
-0.0002175	4.95	3.212	62
-0.000217	5.0125	3.18075	62
-0.0002165	4.95	3.1495	62
-0.000216	4.95	3.11825	62
-0.0002155	4.95	3.087	62
-0.000215	4.95	3.05575	62
-0.0002145	4.95	3.0245	62
-0.000214	5.0125	2.99325	62
-0.0002135	4.95	2.99325	62
-0.000213	5.0125	2.962	62
-0.0002125	5.0125	2.8995	62
-0.000212	5.0125	2.837	62
-0.0002115	4.95	2.837	62
-0.000211	4.95	2.80575	62
-0.0002105	4.95	2.7745	62
-0.00021	5.075	2.74325	62
-0.0002095	4.95	2.74325	62
-0.000209	5.0125	2.68075	254
-0.0002085	4.95	2.6495	252
-0.000208	4.95	2.6495	252
-0.0002075	4.95	2.587	252
-0.000207	4.95	2.587	252
-0.0002065	-0.0500001	2.5245	252
-0.000206	5.0125	2.5245	252
-0.0002055	5.0125	2.49325	252
-0.000205	5.0125	2.43075	252
-0.0002045	4.95	2.43075	252
-0.000204	5.0125	2.36825	252
-0.0002035	4.95	2.337	252
-0.000203	5.0125	2.30575	252
-0.0002025	4.95	2.2745	252
-0.000202	5.0125	2.2745	252
-0.0002015	5.0125	2.212	252
-0.000201	5.0125	2.18075	252
-0.0002005	5.0125	2.1495	252
-0.0002	5.0125	2.11825	252
-0.0001995	4.95	2.087	252
-0.000199	5.0125	2.087	252
-0.0001985	4.95	2.0245	252
-0.000198	5.0125	2.0245	252
-0.0001975	4.95	1.962	252
-0.000197	5.0125	1.962	252
-0.0001965	4.95	1.93075	252
-0.000196	5.0125	1.8995	252
-0.0001955	4.95	1.837	252
-0.000195	5.0125	1.80575	252
-0.0001945	4.95	1.80575	252
-0.000194	4.95	1.7745	252
-0.0001935	4.95	1.74325	252
-0.000193	5.0125	1.712	252
-0.0001925	4.95	1.68075	252
-0.000192	5.0125	1.6495	252
-0.0001915	4.95	1.61825	252
-0.000191	5.0125	1.55575	252
-0.0001905	4.95	1.55575	252
-0.00019	4.95	1.5245	252
-0.0001895	5.0125	1.5245	252
-0.000189	5.0125	1.462	252
-0.0001885	4.95	1.43075	252
-0.000188	4.95	1.3995	252
-0.0001875	4.95	1.3995	252
-0.000187	5.0125	1.36825	252
-0.0001865	4.95	1.30575	252
-0.000186	4.95	1.2745	252
-0.0001855	4.95	1.2745	252
-0.000185	4.95	1.24325	252
-0.0001845	5.0125	1.24325	252
-0.000184	5.0125	1.18075	252
-0.0001835	4.95	1.1495	252
-0.000183	5.0125	1.11825	252
-0.0001825	4.95	1.11825	252
-0.000182	5.0125	1.087	252
-0.0001815	4.95	1.05575	252
-0.000181	5.0125	1.0245	252
-0.0001805	4.95	0.99325	252
-0.00018	5.0125	1.0245	252
-0.0001795	5.0125	0.962	252
-0.000179	5.0125	0.93075	252
-0.0001785	4.95	0.93075	252
-0.000178	5.0125	0.86825	252
-0.0001775	4.95	0.837	252
-0.000177	5.0125	0.837	252
-0.0001765	5.0125	0.837	252
-0.000176	5.0125	0.80575	252
-0.0001755	5.0125	0.80575	252
-0.000175	5.0125	0.74325	252
-0.0001745	4.95	0.74325	252
-0.000174	5.0125	0.712	252
-0.0001735	4.95	0.712	252
-0.000173	5.0125	0.68075	252
-0.0001725	4.95	0.68075	252
-0.000172	5.0125	0.6495	252
-0.0001715	4.95	0.6495	252
-0.000171	4.95	0.61825	252
-0.0001705	4.95	0.61825	252
-0.00017	4.95	0.587	252
-0.0001695	5.0125	0.55575	252
-0.000169	5.0125	0.55575	252
-0.0001685	4.95	0.55575	252
-0.000168	5.0125	0.5245	252
-0.0001675	4.95	0.49325	252
-0.000167	5.0125	0.5245	252
-0.0001665	4.95	0.462	252
-0.000166	5.0125	0.462	252
-0.0001655	4.95	0.462	252
-0.000165	5.0125	0.462	252
-0.0001645	5.0125	0.3995	252
-0.000164	5.0125	0.43075	252
-0.0001635	5.0125	0.3995	252
-0.000163	5.0125	0.3995	252
-0.0001625	4.95	0.3995	252
-0.000162	5.0125	0.36825	252
-0.0001615	4.95	0.36825	252
-0.000161	5.0125	0.36825	252
-0.0001605	5.0125	0.36825	252
-0.00016	5.0125	0.36825	252
-0.0001595	4.95	0.337	252
-0.000159	5.0125	0.337	252
-0.0001585	4.95	0.337	252
-0.000158	5.0125	0.30575	252
-0.0001575	5.0125	0.30575	252
-0.000157	5.0125	0.337	252
-0.0001565	4.95	0.30575	252
-0.000156	5.0125	0.30575	252
-0.0001555	4.95	0.30575	252
-0.000155	5.0125	0.2745	252
-0.0001545	4.95	0.30575	252
-0.000154	5.0125	0.2745	252
-0.0001535	4.95	0.30575	252
-0.000153	4.95	0.30575	252
-0.0001525	4.95	0.30575	252
-0.000152	4.95	0.30575	252
-0.0001515	4.95	0.30575	252
-0.000151	5.0125	0.30575	252
-0.0001505	4.95	0.30575	252
-0.00015	5.0125	0.30575	252
-0.0001495	4.95	0.30575	252
-0.000149	5.0125	0.30575	252
-0.0001485	4.95	0.30575	252
-0.000148	5.0125	0.30575	252
-0.0001475	4.95	0.36825	252
-0.000147	4.95	0.337	252
-0.0001465	4.95	0.36825	252
-0.000146	5.0125	0.337	252
-0.0001455	4.95	0.36825	252
-0.000145	5.0125	0.36825	252
-0.0001445	4.95	0.36825	252
-0.000144	4.95	0.3995	252
-0.0001435	4.95	0.36825	252
-0.000143	5.0125	0.3995	252
-0.0001425	4.95	0.3995	252
-0.000142	4.95	0.3995	252
-0.0001415	4.95	0.3995	252
-0.000141	5.0125	0.43075	252
-0.0001405	4.95	0.43075	252
-0.00014	5.0125	0.462	252
-0.0001395	4.95	0.49325	252
-0.000139	5.0125	0.462	252
-0.0001385	4.95	0.49325	252
-0.000138	4.95	0.5245	252
-0.0001375	4.95	0.5245	252
-0.000137	5.0125	0.5245	252
-0.0001365	4.95	0.55575	252
-0.000136	4.95	0.55575	252
-0.0001355	5.0125	0.587	252
-0.000135	5.0125	0.61825	252
-0.0001345	4.95	0.6495	252
-0.000134	5.0125	0.61825	252
-0.0001335	4.95	0.6495	252
-0.000133	4.95	0.6495	252
-0.0001325	4.95	0.68075	252
-0.000132	5.0125	0.712	252
-0.0001315	5.0125	0.74325	252
-0.000131	5.0125	0.74325	252
-0.0001305	4.95	0.7745	252
-0.00013	5.0125	0.7745	252
-0.0001295	4.95	0.80575	252
-0.000129	4.95	0.80575	252
-0.0001285	4.95	0.837	252
-0.000128	5.0125	0.86825	252
-0.0001275	5.0125	0.8995	252
-0.000127	4.95	0.93075	252
-0.0001265	4.95	0.962	252
-0.000126	5.0125	0.962	252
-0.0001255	4.95	0.99325	252
-0.000125	5.0125	0.99325	252
-0.0001245	4.95	1.05575	252
-0.000124	4.95	1.05575	252
-0.0001235	5.0125	1.087	252
-0.000123	5.0125	1.087	252
-0.0001225	4.95	1.11825	252
-0.000122	5.0125	1.1495	252
-0.0001215	4.95	1.18075	252
-0.000121	5.0125	1.24325	252
-0.0001205	4.95	1.212	252
-0.00012	5.0125	1.24325	252
-0.0001195	4.95	1.30575	252
-0.000119	5.0125	1.337	252
-0.0001185	4.95	1.337	252
-0.000118	5.0125	1.36825	252
-0.0001175	4.95	1.36825	252
-0.000117	5.0125	1.3995	252
-0.0001165	4.95	1.462	252
-0.000116	4.95	1.49325	252
-0.0001155	4.95	1.49325	252
-0.000115	5.0125	1.55575	252
-0.0001145	4.95	1.55575	252
-0.000114	5.0125	1.61825	252
-0.0001135	4.95	1.61825	252
-0.000113	5.0125	1.68075	252
-0.0001125	4.95	1.68075	252
-0.000112	4.95	1.712	252
-0.0001115	4.95	1.7745	252
-0.000111	5.0125	1.80575	252
-0.0001105	5.0125	1.80575	252
-0.00011	4.95	1.837	252
-0.0001095	4.95	1.8995	252
-0.000109	5.0125	1.8995	252
-0.0001085	4.95	1.93075	252
-0.000108	5.0125	1.962	252
-0.0001075	4.95	1.99325	252
-0.000107	5.0125	2.0245	252
-0.0001065	4.95	2.05575	252
-0.000106	5.0125	2.087	252
-0.0001055	4.95	2.11825	252
-0.000105	4.95	2.1495	252
-0.0001045	4.95	2.212	252
-0.000104	5.0125	2.24325	252
-0.0001035	4.95	2.24325	252
-0.000103	4.95	2.30575	252
-0.0001025	4.95	2.2745	252
-0.000102	5.0125	2.337	252
-0.0001015	4.95	2.36825	252
-0.000101	4.95	2.3995	252
-0.0001005	5.0125	2.43075	252
-0.0001	5.0125	2.462	252
-0.0000995	5.0125	2.462	252
-0.000099	5.0125	2.49325	252
-0.0000985	4.95	2.55575	252
-0.000098	4.95	2.587	252
-0.0000975	4.95	2.61825	252
-0.000097	5.0125	2.6495	252
-0.0000965	4.95	2.68075	252
-0.000096	4.95	2.712	252
-0.0000955	4.95	2.7745	252
-0.000095	5.0125	2.7745	252
-0.0000945	4.95	2.80575	252
-0.000094	5.0125	2.837	252
-0.0000935	4.95	2.86825	252
-0.000093	4.95	2.8995	252
-0.0000925	4.95	2.93075	252
-0.000092	5.0125	2.962	252
-0.0000915	4.95	2.99325	252
-0.000091	4.95	3.0245	252
-0.0000905	4.95	3.0245	252
-0.00009	5.0125	3.087	252
-0.0000895	4.95	3.11825	252
-0.000089	5.0125	3.11825	252
-0.0000885	4.95	3.1495	252
-0.000088	4.95	3.18075	252
-0.0000875	4.95	3.212	252
-0.000087	5.0125	3.24325	252
-0.0000865	4.95	3.2745	252
-0.000086	5.0125	3.30575	252
-0.0000855	4.95	3.2745	252
-0.000085	4.95	3.337	252
-0.0000845	4.95	3.36825	252
-0.000084	4.95	3.3995	252
-0.0000835	4.95	3.3995	252
-0.000083	5.0125	3.43075	252
-0.0000825	4.95	3.462	252
-0.000082	4.95	3.49325	252
-0.0000815	4.95	3.49325	252
-0.000081	5.0125	3.5245	252
-0.0000805	4.95	3.587	252
-0.00008	5.0125	3.587	252
-0.0000795	5.0125	3.6495	252
-0.000079	4.95	3.61825	252
-0.0000785	4.95	3.68075	252
-0.000078	5.0125	3.68075	252
-0.0000775	4.95	3.712	252
-0.000077	4.95	3.712	252
-0.0000765	4.95	3.74325	252
-0.000076	5.0125	3.7745	252
-0.0000755	4.95	3.7745	252
-0.000075	5.0125	3.7745	252
-0.0000745	4.95	3.837	252
-0.000074	5.0125	3.837	252
-0.0000735	5.0125	3.86825	252
-0.000073	4.95	3.86825	252
-0.0000725	4.95	3.8995	252
-0.000072	5.0125	3.93075	252
-0.0000715	4.95	3.93075	252
-0.000071	5.0125	3.93075	252
-0.0000705	4.95	3.99325	252
-0.00007	5.0125	3.99325	252
-0.0000695	4.95	4.0245	252
-0.000069	5.0125	4.0245	252
-0.0000685	4.95	4.05575	252
-0.000068	4.95	4.0245	252
-0.0000675	4.95	4.05575	252
-0.000067	5.0125	4.087	252
-0.0000665	4.95	4.087	252
-0.000066	5.0125	4.05575	252
-0.0000655	4.95	4.087	252
-0.000065	5.0125	4.11825	252
-0.0000645	4.95	4.1495	252
-0.000064	5.0125	4.1495	252
-0.0000635	4.95	4.18075	252
-0.000063	5.0125	4.18075	252
-0.0000625	4.95	4.18075	252
-0.000062	4.95	4.18075	252
-0.0000615	4.95	4.18075	252
-0.000061	4.95	4.212	252
-0.0000605	4.95	4.24325	252
-0.00006	5.0125	4.212	252
-0.0000595	4.95	4.212	252
-0.000059	5.0125	4.24325	252
-0.0000585	4.95	4.24325	252
-0.000058	5.0125	4.24325	252
-0.0000575	4.95	4.24325	252
-0.000057	5.0125	4.24325	252
-0.0000565	4.95	4.24325	252
-0.000056	5.0125	4.24325	252
-0.0000555	4.95	4.2745	252
-0.000055	5.0125	4.2745	252
-0.0000545	4.95	4.2745	252
-0.000054	5.0125	4.2745	252
-0.0000535	4.95	4.2745	252
-0.000053	4.95	4.2745	252
-0.0000525	4.95	4.2745	252
-0.000052	5.0125	4.24325	252
-0.0000515	4.95	4.24325	252
-0.000051	5.0125	4.2745	252
-0.0000505	4.95	4.24325	252
-0.00005	5.0125	4.24325	252
-0.0000495	4.95	4.2745	252
-0.000049	5.0125	4.24325	252
-0.0000485	4.95	4.2745	252
-0.000048	5.0125	4.2745	252
-0.0000475	4.95	4.24325	252
-0.000047	4.95	4.24325	252
-0.0000465	4.95	4.24325	252
-0.000046	4.95	4.24325	252
-0.0000455	4.95	4.24325	252
-0.000045	5.0125	4.212	248
-0.0000445	4.95	4.212	248
-0.000044	4.95	4.212	248
-0.0000435	4.95	4.18075	248
-0.000043	5.0125	4.1495	248
-0.0000425	-0.0500001	4.18075	248
-0.000042	5.0125	4.18075	248
-0.0000415	4.95	4.1495	248
-0.000041	5.0125	4.11825	248
-0.0000405	4.95	4.1495	248
-0.00004	4.95	4.11825	248
-0.0000395	4.95	4.11825	248
-0.000039	5.0125	4.087	248
-0.0000385	4.95	4.087	248
-0.000038	5.0125	4.0245	248
-0.0000375	4.95	4.05575	248
-0.000037	5.0125	4.0245	248
-0.0000365	4.95	4.0245	248
-0.000036	5.0125	4.0245	248
-0.0000355	4.95	3.99325	248
-0.000035	4.95	3.99325	248
-0.0000345	4.8875	3.962	248
-0.000034	5.0125	3.962	248
-0.0000335	4.95	3.93075	248
-0.000033	5.075	3.86825	248
-0.0000325	4.95	3.8995	248
-0.000032	5.0125	3.86825	248
-0.0000315	4.95	3.86825	248
-0.000031	4.95	3.837	248
-0.0000305	4.95	3.80575	248
-0.00003	5.0125	3.7745	248
-0.0000295	4.95	3.7745	248
-0.000029	5.0125	3.7745	248
-0.0000285	4.95	3.74325	248
-0.000028	5.0125	3.712	248
-0.0000275	4.95	3.68075	248
-0.000027	5.0125	3.6495	248
-0.0000265	4.95	3.6495	248
-0.000026	4.95	3.61825	248
-0.0000255	4.95	3.587	248
-0.000025	4.95	3.587	248
-0.0000245	4.95	3.55575	248
-0.000024	5.0125	3.5245	248
-0.0000235	4.95	3.5245	248
-0.000023	4.95	3.49325	248
-0.0000225	4.95	3.462	248
-0.000022	5.0125	3.3995	248
-0.0000215	4.95	3.3995	248
-0.000021	5.0125	3.36825	248
-0.0000205	4.95	3.337	248
-0.00002	4.95	3.337	248
-0.0000195	4.95	3.2745	248
-0.000019	5.0125	3.24325	248
-0.0000185	4.95	3.24325	248
-0.000018	5.0125	3.212	248
-0.0000175	4.95	3.212	248
-0.000017	4.95	3.1495	248
-0.0000165	5.0125	3.1495	248
-0.000016	4.95	3.11825	248
-0.0000155	4.95	3.05575	248
-0.000015	5.0125	3.0245	248
-0.0000145	4.8875	3.0245	248
-0.000014	5.0125	2.99325	248
-0.0000135	4.95	2.962	248
-0.000013	5.0125	2.93075	248
-0.0000125	4.95	2.93075	248
-0.000012	5.0125	2.837	248
-0.0000115	4.95	2.86825	248
-0.000011	5.0125	2.837	248
-0.0000105	4.95	2.7745	248
-0.00001	5.0125	2.74325	248
-0.0000095	4.95	2.712	248
-0.000009	4.95	2.712	248
-0.0000085	4.95	2.68075	248
-0.000008	5.0125	2.6495	248
-0.0000075	4.95	2.61825	248
-0.000007	5.0125	2.587	248
-0.0000065	4.95	2.55575	248
-0.000006	5.0125	2.49325	248
-0.0000055	4.95	2.462	248
-0.000005	5.0125	2.43075	248
-0.0000045	4.95	2.3995	248
-0.000004	5.0125	2.36825	248
-0.0000035	4.95	2.337	248
-0.000003	4.95	2.337	248
-0.0000025	4.95	2.2745	248
-0.000002	4.95	2.2745	248
-0.0000015	4.95	2.212	248
-0.000001	5.0125	2.18075	248
-0.0000005	4.95	2.18075	248
-0.0000000000000000210335	5.0125	2.1495	248
0.0000005	4.95	2.087	248
0.000001	5.0125	2.087	248
0.0000015	4.95	2.05575	248
0.000002	5.0125	2.0245	248
0.0000025	4.95	1.962	248
0.000003	5.0125	1.93075	248
0.0000035	4.95	1.8995	248
0.000004	5.0125	1.93075	248
0.0000045	4.95	1.86825	248
0.000005	5.0125	1.80575	248
0.0000055	5.0125	1.7745	248
0.000006	5.0125	1.7745	248
0.0000065	4.95	1.74325	248
0.000007	4.95	1.68075	248
0.0000075	4.95	1.6495	248
0.000008	5.0125	1.61825	248
0.0000085	4.95	1.61825	248
0.000009	5.0125	1.587	248
0.0000095	4.95	1.55575	248
0.00001	4.95	1.5245	248
0.0000105	4.95	1.49325	248
0.000011	5.0125	1.462	248
0.0000115	4.95	1.43075	248
0.000012	5.0125	1.3995	248
0.0000125	4.8875	1.36825	248
0.000013	4.95	1.337	248
0.0000135	4.95	1.337	248
0.000014	5.0125	1.30575	248
0.0000145	4.95	1.2745	248
0.000015	5.0125	1.24325	248
0.0000155	4.95	1.24325	248
0.000016	5.0125	1.18075	248
0.0000165	4.95	1.18075	248
0.000017	5.0125	1.11825	248
0.0000175	4.95	1.11825	248
0.000018	5.0125	1.087	248
0.0000185	4.95	1.05575	248
0.000019	5.0125	1.0245	248
0.0000195	4.95	1.0245	248
0.00002	5.0125	0.962	248
0.0000205	4.95	0.962	248
0.000021	5.0125	0.962	248
0.0000215	4.95	0.8995	248
0.000022	5.0125	0.86825	248
0.0000225	4.95	0.837	248
0.000023	4.95	0.86825	248
0.0000235	5.0125	0.80575	248
0.000024	4.95	0.80575	248
0.0000245	4.95	0.7745	248
0.000025	5.0125	0.74325	248
0.0000255	4.95	0.7745	248
0.000026	5.0125	0.712	248
0.0000265	4.95	0.712	248
0.000027	5.0125	0.68075	248
0.0000275	4.95	0.6495	248
0.000028	5.0125	0.6495	248
0.0000285	4.95	0.6495	248
0.000029	4.95	0.61825	248
0.0000295	4.95	0.587	248
0.00003	4.95	0.587	248
0.0000305	4.95	0.587	248
0.000031	5.0125	0.587	248
0.0000315	4.95	0.55575	248
0.000032	5.0125	0.5245	248
0.0000325	5.0125	0.49325	248
0.000033	5.0125	0.5245	248
0.0000335	5.0125	0.49325	248
0.000034	5.0125	0.462	248
0.0000345	5.0125	0.462	248
0.000035	5.0125	0.462	248
0.0000355	4.95	0.462	248
0.000036	5.0125	0.3995	248
0.0000365	4.95	0.43075	248
0.000037	5.0125	0.3995	248
0.0000375	4.95	0.3995	248
0.000038	5.0125	0.3995	248
0.0000385	4.95	0.36825	248
0.000039	5.0125	0.36825	248
0.0000395	5.0125	0.337	248
0.00004	5.0125	0.337	248
0.0000405	4.95	0.337	248
0.000041	4.95	0.337	248
0.0000415	4.95	0.36825	248
0.000042	5.0125	0.337	248
0.0000425	4.95	0.30575	248
0.000043	5.0125	0.30575	248
0.0000435	4.95	0.30575	248
0.000044	5.0125	0.30575	248
0.0000445	4.95	0.30575	248
0.000045	4.95	0.30575	248
0.0000455	4.95	0.30575	248
0.000046	5.0125	0.30575	248
0.0000465	4.95	0.2745	248
0.000047	5.0125	0.30575	248
0.0000475	4.95	0.30575	248
0.000048	5.0125	0.30575	248
0.0000485	4.95	0.30575	248
0.000049	5.0125	0.30575	248
0.0000495	4.95	0.30575	248
0.00005	5.0125	0.2745	248
0.0000505	5.0125	0.30575	248
0.000051	5.0125	0.337	248
0.0000515	4.95	0.30575	248
0.000052	5.0125	0.337	248
0.0000525	5.0125	0.337	248
0.000053	5.0125	0.30575	248
0.0000535	5.0125	0.30575	248
0.000054	5.0125	0.337	248
0.0000545	4.95	0.36825	248
0.000055	5.0125	0.337	248
0.0000555	4.95	0.36825	248
0.000056	5.0125	0.3995	248
0.0000565	4.95	0.36825	248
0.000057	5.0125	0.36825	248
0.0000575	5.0125	0.43075	248
0.000058	5.0125	0.3995	248
0.0000585	4.95	0.43075	248
0.000059	5.0125	0.43075	248
0.0000595	4.95	0.43075	248
0.00006	5.0125	0.462	248
0.0000605	4.95	0.462	248
0.000061	5.0125	0.462	248
0.0000615	4.95	0.5245	248
0.000062	5.0125	0.5245	248
0.0000625	4.95	0.5245	248
0.000063	5.0125	0.5245	248
0.0000635	4.95	0.55575	248
0.000064	4.95	0.55575	248
0.0000645	4.95	0.61825	248
0.000065	5.0125	0.587	248
0.0000655	4.95	0.6495	248
0.000066	4.95	0.61825	248
0.0000665	5.0125	0.6495	248
0.000067	4.95	0.68075	248
0.0000675	5.0125	0.712	248
0.000068	5.0125	0.712	248
0.0000685	4.95	0.712	248
0.000069	5.0125	0.712	248
0.0000695	4.95	0.7745	248
0.00007	5.075	0.7745	248
0.0000705	4.95	0.80575	248
0.000071	5.0125	0.837	248
0.0000715	4.95	0.837	248
0.000072	5.0125	0.86825	248
0.0000725	4.95	0.8995	248
0.000073	5.0125	0.8995	248
0.0000735	4.95	0.93075	248
0.000074	5.0125	0.93075	248
0.0000745	4.95	0.99325	248
0.000075	5.0125	0.99325	248
0.0000755	5.0125	1.05575	248
0.000076	5.0125	1.087	248
0.0000765	4.95	1.087	248
0.000077	4.95	1.087	248
0.0000775	4.95	1.11825	248
0.000078	5.0125	1.1495	248
0.0000785	4.95	1.18075	248
0.000079	5.0125	1.212	248
0.0000795	4.95	1.24325	248
0.00008	5.0125	1.2745	248
0.0000805	4.95	1.30575	248
0.000081	4.95	1.30575	248
0.0000815	4.95	1.337	248
0.000082	5.0125	1.36825	248
0.0000825	4.95	1.3995	248
0.000083	5.0125	1.43075	248
0.0000835	4.95	1.462	248
0.000084	4.95	1.462	248
0.0000845	4.95	1.5245	248
0.000085	5.0125	1.55575	248
0.0000855	4.95	1.55575	248
0.000086	5.0125	1.587	248
0.0000865	4.8875	1.6495	248
0.000087	5.0125	1.68075	248
0.0000875	4.95	1.712	248
0.000088	4.95	1.712	248
0.0000885	4.95	1.74325	248
0.000089	4.95	1.80575	248
0.0000895	5.0125	1.837	248
0.00009	5.0125	1.837	248
0.0000905	4.8875	1.8995	248
0.000091	5.0125	1.93075	248
0.0000915	4.95	1.962	248
0.000092	5.0125	1.962	248
0.0000925	4.95	2.0245	248
0.000093	4.95	1.99325	248
0.0000935	4.95	2.05575	248
0.000094	5.0125	2.087	248
0.0000945	5.0125	2.1495	248
0.000095	5.0125	2.1495	248
0.0000955	4.95	2.18075	248
0.000096	5.0125	2.24325	248
0.0000965	4.95	2.24325	248
0.000097	5.0125	2.30575	248
0.0000975	5.0125	2.30575	248
0.000098	5.0125	2.36825	248
0.0000985	4.95	2.36825	248
0.000099	5.0125	2.36825	248
0.0000995	4.95	2.43075	248
0.0001	5.0125	2.462	248
0.0001005	4.95	2.49325	248
0.000101	5.0125	2.5245	248
0.0001015	5.0125	2.587	248
0.000102	5.0125	2.587	248
0.0001025	4.95	2.61825	248
0.000103	5.0125	2.6495	248
0.0001035	5.0125	2.68075	248
0.000104	5.0125	2.74325	248
0.0001045	4.95	2.74325	248
0.000105	5.0125	2.7745	248
0.0001055	4.95	2.80575	248
0.000106	5.0125	2.837	248
0.0001065	4.95	2.8995	248
0.000107	4.95	2.8995	248
0.0001075	4.8875	2.93075	248
0.000108	5.0125	2.962	248
0.0001085	4.95	2.99325	248
0.000109	5.0125	3.0245	248
0.0001095	4.95	3.0245	248
0.00011	5.0125	3.087	248
0.0001105	4.95	3.11825	248
0.000111	4.95	3.11825	248
0.0001115	5.0125	3.18075	248
0.000112	5.0125	3.18075	248
0.0001125	4.95	3.212	248
0.000113	5.0125	3.24325	248
0.0001135	4.95	3.24325	248
0.000114	5.0125	3.30575	248
0.0001145	4.95	3.337	248
0.000115	5.0125	3.337	248
0.0001155	4.95	3.36825	248
0.000116	5.0125	3.3995	248
0.0001165	4.95	3.43075	248
0.000117	5.0125	3.462	248
0.0001175	4.95	3.462	248
0.000118	5.0125	3.49325	248
0.0001185	5.0125	3.5245	249
0.000119	5.0125	3.5245	129
0.0001195	4.95	3.55575	129
0.00012	5.0125	3.587	129
0.0001205	4.95	3.6495	129
0.000121	2.1375	3.6495	129
0.0001215	2.325	3.6495	129
0.000122	5.0125	3.68075	129
0.0001225	4.95	3.712	129
0.000123	5.0125	3.74325	129
0.0001235	4.95	3.712	129
0.000124	5.0125	3.7745	129
0.0001245	4.95	3.80575	129
0.000125	5.0125	3.80575	129
0.0001255	5.0125	3.837	129
0.000126	5.075	3.86825	129
0.0001265	4.95	3.8995	129
0.000127	5.0125	3.86825	129
0.0001275	4.95	3.93075	129
0.000128	5.0125	3.8995	129
0.0001285	4.95	3.93075	129
0.000129	4.95	3.93075	129
0.0001295	4.95	3.962	129
0.00013	4.95	3.962	129
0.0001305	4.95	3.99325	129
0.000131	4.95	4.0245	129
0.0001315	4.95	4.0245	129
0.000132	5.0125	4.0245	129
0.0001325	4.95	4.05575	129
0.000133	5.0125	4.05575	129
0.0001335	4.95	4.087	129
0.000134	5.0125	4.11825	129
0.0001345	4.95	4.11825	129
0.000135	5.0125	4.11825	129
0.0001355	4.95	4.1495	129
0.000136	5.0125	4.1495	129
0.0001365	4.95	4.1495	129
0.000137	5.0125	4.18075	129
0.0001375	4.95	4.18075	129
0.000138	5.0125	4.18075	129
0.0001385	4.95	4.18075	129
0.000139	4.95	4.212	129
0.0001395	4.95	4.24325	129
0.00014	5.0125	4.24325	129
0.0001405	4.95	4.212	129
0.000141	4.95	4.212	129
0.0001415	4.95	4.212	129
0.000142	5.0125	4.24325	129
0.0001425	4.95	4.24325	129
0.000143	5.0125	4.24325	129
0.0001435	4.95	4.2745	129
0.000144	5.0125	4.24325	129
0.0001445	4.95	4.24325	129
0.000145	4.95	4.24325	129
0.0001455	4.95	4.2745	129
0.000146	4.95	4.24325	129
0.0001465	5.0125	4.2745	129
0.000147	5.0125	4.24325	129
0.0001475	4.95	4.2745	129
0.000148	5.0125	4.2745	129
0.0001485	4.95	4.2745	129
0.000149	5.0125	4.24325	129
0.0001495	4.95	4.24325	129
0.00015	5.0125	4.24325	129
0.0001505	5.0125	4.2745	129
0.000151	5.0125	4.2745	129
0.0001515	4.95	4.24325	129
0.000152	5.0125	4.24325	129
0.0001525	4.95	4.2745	129
0.000153	5.0125	4.2745	129
0.0001535	4.95	4.24325	129
0.000154	5.0125	4.24325	129
0.0001545	4.95	4.212	129
0.000155	5.0125	4.212	129
0.0001555	4.95	4.24325	129
0.000156	5.0125	4.212	129
0.0001565	4.95	4.212	129
0.000157	5.0125	4.1495	129
0.0001575	4.95	4.18075	129
0.000158	5.0125	4.1495	129
0.0001585	4.95	4.1495	129
0.000159	5.0125	4.11825	129
0.0001595	4.95	4.11825	129
0.00016	5.0125	4.11825	129
0.0001605	4.95	4.11825	129
0.000161	5.0125	4.05575	129
0.0001615	4.95	4.087	129
0.000162	5.0125	4.05575	129
0.0001625	4.95	4.05575	129
0.000163	5.0125	4.0245	129
0.0001635	4.95	4.0245	129
0.000164	5.0125	4.0245	129
0.0001645	4.95	3.99325	129
0.000165	5.0125	3.962	129
0.0001655	4.95	3.962	129
0.000166	5.0125	3.93075	129
0.0001665	4.95	3.93075	129
0.000167	4.95	3.8995	129
0.0001675	4.95	3.8995	129
0.000168	5.0125	3.86825	129
0.0001685	4.95	3.86825	129
0.000169	4.95	3.837	129
0.0001695	4.95	3.837	129
0.00017	5.0125	3.7745	129
0.0001705	4.95	3.7745	129
0.000171	5.0125	3.7745	129
0.0001715	5.0125	3.712	129
0.000172	5.0125	3.712	129
0.0001725	4.95	3.712	129
0.000173	5.0125	3.68075	129
0.0001735	4.95	3.6495	129
0.000174	5.0125	3.61825	129
0.0001745	4.95	3.587	129
0.000175	5.0125	3.55575	129
0.0001755	5.0125	3.55575	129
0.000176	5.0125	3.5245	129
0.0001765	4.95	3.49325	129
0.000177	5.0125	3.49325	129
0.0001775	4.95	3.43075	129
0.000178	4.95	3.3995	129
0.0001785	5.0125	3.3995	129
0.000179	4.95	3.36825	129
0.0001795	4.95	3.337	129
0.00018	5.0125	3.30575	129
0.0001805	4.95	3.30575	129
0.000181	4.95	3.2745	129
0.0001815	5.0125	3.24325	129
0.000182	5.0125	3.212	129
0.0001825	4.95	3.212	129
0.000183	5.0125	3.1495	129
0.0001835	4.95	3.1495	129
0.000184	5.0125	3.11825	129
0.0001845	4.95	3.05575	129
0.000185	5.0125	3.05575	129
0.0001855	4.95	3.0245	129
0.000186	5.0125	2.962	129
0.0001865	4.95	2.99325	129
0.000187	5.0125	2.93075	129
0.0001875	4.95	2.93075	129
0.000188	5.0125	2.837	129
0.0001885	4.95	2.86825	129
0.000189	5.0125	2.80575	129
0.0001895	4.95	2.7745	129
0.00019	5.0125	2.74325	129
0.0001905	4.95	2.712	129
0.000191	5.0125	2.68075	129
0.0001915	4.95	2.6495	129
0.000192	5.075	2.61825	129
0.0001925	4.95	2.587	129
0.000193	4.95	2.55575	129
0.0001935	4.95	2.5245	129
0.000194	4.95	2.49325	129
0.0001945	4.95	2.49325	129
0.000195	5.0125	2.43075	129
0.0001955	4.95	2.3995	129
0.000196	5.0125	2.36825	129
0.0001965	4.95	2.337	129
0.000197	5.0125	2.337	129
0.0001975	4.95	2.2745	129
0.000198	5.0125	2.24325	129
0.0001985	4.95	2.212	129
0.000199	5.0125	2.18075	129
0.0001995	4.95	2.18075	129
0.0002	5.0125	2.1495	129
0.0002005	4.95	2.087	129
0.000201	5.0125	2.087	129
0.0002015	4.95	2.05575	129
0.000202	5.0125	1.99325	129
0.0002025	4.95	1.962	129
0.000203	5.0125	1.93075	129
0.0002035	4.95	1.93075	129
0.000204	5.0125	1.86825	129
0.0002045	4.95	1.86825	129
0.000205	4.95	1.80575	129
0.0002055	4.95	1.7745	129
0.000206	4.95	1.74325	129
0.0002065	4.95	1.74325	129
0.000207	4.95	1.68075	129
0.0002075	4.95	1.6495	129
0.000208	5.0125	1.61825	129
0.0002085	4.95	1.587	129
0.000209	5.0125	1.587	129
0.0002095	4.95	1.55575	129
0.00021	5.0125	1.49325	129
0.0002105	4.95	1.49325	129
0.000211	5.0125	1.462	129
0.0002115	4.95	1.43075	129
0.000212	5.0125	1.3995	129
0.0002125	4.95	1.337	129
0.000213	5.0125	1.337	129
0.0002135	4.95	1.337	129
0.000214	4.95	1.337	129
0.0002145	4.95	1.2745	129
0.000215	5.0125	1.24325	129
0.0002155	4.95	1.212	129
0.000216	5.0125	1.18075	129
0.0002165	4.95	1.11825	129
0.000217	5.0125	1.11825	129
0.0002175	4.95	1.11825	129
0.000218	5.0125	1.087	129
0.0002185	5.0125	1.087	129
0.000219	5.0125	1.0245	129
0.0002195	4.95	1.0245	129
0.00022	5.0125	0.99325	129
0.0002205	4.95	0.93075	129
0.000221	4.95	0.93075	129
0.0002215	4.95	0.93075	129
0.000222	4.95	0.8995	129
0.0002225	4.95	0.86825	129
0.000223	5.0125	0.837	129
0.0002235	4.95	0.837	129
0.000224	4.95	0.7745	129
0.0002245	4.95	0.80575	129
0.000225	5.0125	0.74325	129
0.0002255	4.95	0.74325	129
0.000226	5.0125	0.712	129
0.0002265	5.0125	0.712	129
0.000227	5.0125	0.68075	129
0.0002275	4.95	0.712	129
0.000228	5.0125	0.6495	129
0.0002285	4.95	0.6495	129
0.000229	5.0125	0.61825	129
0.0002295	4.95	0.61825	129
0.00023	5.0125	0.587	129
0.0002305	4.95	0.587	129
0.000231	5.0125	0.55575	129
0.0002315	5.0125	0.55575	129
0.000232	5.0125	0.5245	129
0.0002325	4.95	0.49325	129
0.000233	5.0125	0.49325	129
0.0002335	4.95	0.49325	129
0.000234	5.0125	0.462	129
0.0002345	4.95	0.462	129
0.000235	5.0125	0.43075	129
0.0002355	4.95	0.3995	129
0.000236	5.0125	0.3995	129
0.0002365	4.95	0.3995	129
0.000237	5.0125	0.3995	129
0.0002375	4.95	0.3995	129
0.000238	5.0125	0.3995	129
0.0002385	4.95	0.3995	129
0.000239	5.0125	0.36825	129
0.0002395	5.0125	0.36825	129
0.00024	5.0125	0.337	129
0.0002405	4.95	0.36825	129
0.000241	5.0125	0.337	129
0.0002415	4.95	0.337	129
0.000242	4.95	0.30575	129
0.0002425	4.95	0.337	129
0.000243	5.0125	0.30575	129
0.0002435	4.95	0.337	129
0.000244	5.0125	0.30575	129
0.0002445	4.95	0.30575	129
0.000245	5.0125	0.2745	129
0.0002455	4.95	0.337	129
0.000246	4.95	0.2745	129
0.0002465	4.95	0.2745	129
0.000247	5.0125	0.2745	129
0.0002475	4.95	0.30575	129
0.000248	5.075	0.30575	129
0.0002485	4.95	0.30575	129
0.000249	5.0125	0.2745	129
0.0002495	4.95	0.2745	129
