# Zeit (s)	# Kanal 1 (V)	# Kanal 2 (V)	# D0-D7	
-0.0001	4.95	0.337	225
-0.0000998	5.0125	0.337	225
-0.0000996	5.0125	0.337	225
-0.0000994	4.95	0.337	225
-0.0000992	4.95	0.337	225
-0.000099	4.95	0.2745	225
-0.0000988	4.95	0.30575	225
-0.0000986	4.95	0.337	225
-0.0000984	5.0125	0.2745	225
-0.0000982	4.95	0.30575	225
-0.000098	5.0125	0.2745	225
-0.0000978	4.95	0.337	225
-0.0000976	4.95	0.2745	225
-0.0000974	4.95	0.2745	225
-0.0000972	4.95	0.2745	225
-0.000097	4.95	0.30575	225
-0.0000968	4.95	0.2745	225
-0.0000966	4.95	0.30575	225
-0.0000964	4.95	0.30575	225
-0.0000962	5.0125	0.30575	225
-0.000096	4.95	0.2745	225
-0.0000958	4.95	0.2745	225
-0.0000956	4.95	0.2745	225
-0.0000954	4.95	0.2745	225
-0.0000952	4.95	0.2745	225
-0.000095	5.0125	0.2745	225
-0.0000948	5.0125	0.2745	225
-0.0000946	5.0125	0.30575	225
-0.0000944	4.95	0.30575	225
-0.0000942	5.0125	0.30575	225
-0.000094	5.0125	0.30575	225
-0.0000938	4.95	0.30575	225
-0.0000936	4.95	0.2745	225
-0.0000934	4.95	0.30575	225
-0.0000932	4.95	0.2745	225
-0.000093	5.0125	0.337	225
-0.0000928	4.95	0.30575	225
-0.0000926	4.95	0.30575	225
-0.0000924	5.0125	0.337	225
-0.0000922	4.95	0.337	225
-0.000092	5.0125	0.30575	225
-0.0000918	5.0125	0.30575	225
-0.0000916	4.95	0.30575	225
-0.0000914	4.95	0.337	225
-0.0000912	4.95	0.36825	225
-0.000091	4.95	0.337	225
-0.0000908	4.95	0.337	225
-0.0000906	4.95	0.36825	225
-0.0000904	4.95	0.36825	225
-0.0000902	5.0125	0.36825	225
-0.00009	4.95	0.36825	225
-0.0000898	4.95	0.36825	225
-0.0000896	4.95	0.3995	225
-0.0000894	4.95	0.36825	225
-0.0000892	4.95	0.36825	225
-0.000089	4.95	0.3995	225
-0.0000888	4.95	0.3995	225
-0.0000886	4.95	0.43075	225
-0.0000884	5.0125	0.43075	225
-0.0000882	4.95	0.43075	225
-0.000088	4.95	0.3995	225
-0.0000878	4.95	0.43075	253
-0.0000876	4.95	0.462	124
-0.0000874	4.95	0.43075	124
-0.0000872	4.95	0.462	124
-0.000087	4.95	0.462	124
-0.0000868	4.95	0.462	124
-0.0000866	5.0125	0.462	124
-0.0000864	4.95	0.5245	124
-0.0000862	5.0125	0.5245	124
-0.000086	4.95	0.5245	124
-0.0000858	4.95	0.55575	124
-0.0000856	3.95	0.49325	124
-0.0000854	0.0124999	0.55575	124
-0.0000852	0.0749998	0.55575	124
-0.000085	4.2625	0.55575	124
-0.0000848	4.95	0.587	124
-0.0000846	4.95	0.587	124
-0.0000844	5.0125	0.587	124
-0.0000842	4.95	0.587	124
-0.000084	4.95	0.61825	124
-0.0000838	4.95	0.61825	124
-0.0000836	5.0125	0.61825	124
-0.0000834	4.95	0.6495	124
-0.0000832	4.95	0.6495	124
-0.000083	5.0125	0.68075	124
-0.0000828	4.95	0.68075	124
-0.0000826	4.95	0.712	124
-0.0000824	4.95	0.712	124
-0.0000822	4.95	0.74325	124
-0.000082	5.0125	0.74325	124
-0.0000818	4.95	0.74325	124
-0.0000816	4.95	0.7745	124
-0.0000814	4.95	0.7745	124
-0.0000812	4.95	0.7745	124
-0.000081	4.95	0.7745	124
-0.0000808	4.95	0.7745	124
-0.0000806	5.0125	0.80575	124
-0.0000804	4.95	0.837	124
-0.0000802	4.95	0.86825	124
-0.00008	4.95	0.86825	124
-0.0000798	4.95	0.86825	124
-0.0000796	4.95	0.8995	124
-0.0000794	4.95	0.8995	124
-0.0000792	4.95	0.8995	124
-0.000079	4.95	0.93075	124
-0.0000788	4.95	0.93075	124
-0.0000786	4.95	0.93075	124
-0.0000784	5.0125	0.962	124
-0.0000782	4.95	0.99325	124
-0.000078	4.95	1.05575	124
-0.0000778	4.95	0.99325	124
-0.0000776	4.95	1.05575	124
-0.0000774	5.0125	1.05575	124
-0.0000772	4.95	1.087	124
-0.000077	4.95	1.087	124
-0.0000768	5.0125	1.11825	124
-0.0000766	4.95	1.11825	124
-0.0000764	4.95	1.11825	124
-0.0000762	4.95	1.1495	124
-0.000076	4.95	1.11825	124
-0.0000758	4.95	1.18075	124
-0.0000756	4.95	1.18075	124
-0.0000754	4.95	1.212	124
-0.0000752	4.95	1.2745	124
-0.000075	4.95	1.24325	124
-0.0000748	4.95	1.2745	124
-0.0000746	4.95	1.30575	124
-0.0000744	4.95	1.30575	124
-0.0000742	4.95	1.30575	124
-0.000074	4.95	1.30575	124
-0.0000738	4.95	1.337	124
-0.0000736	5.0125	1.337	124
-0.0000734	4.95	1.3995	124
-0.0000732	4.95	1.3995	124
-0.000073	4.95	1.3995	124
-0.0000728	4.95	1.43075	124
-0.0000726	4.95	1.43075	124
-0.0000724	5.0125	1.462	124
-0.0000722	4.95	1.49325	124
-0.000072	5.0125	1.5245	124
-0.0000718	4.95	1.5245	124
-0.0000716	5.0125	1.55575	124
-0.0000714	4.95	1.55575	124
-0.0000712	4.8875	1.587	124
-0.000071	4.95	1.61825	124
-0.0000708	4.95	1.61825	124
-0.0000706	4.95	1.6495	124
-0.0000704	5.0125	1.68075	124
-0.0000702	4.95	1.712	124
-0.00007	5.0125	1.712	124
-0.0000698	5.0125	1.712	124
-0.0000696	4.95	1.74325	124
-0.0000694	4.95	1.74325	124
-0.0000692	5.0125	1.7745	124
-0.000069	4.95	1.837	124
-0.0000688	4.95	1.837	124
-0.0000686	4.95	1.837	124
-0.0000684	4.95	1.8995	124
-0.0000682	5.0125	1.8995	124
-0.000068	4.95	1.8995	124
-0.0000678	4.95	1.8995	124
-0.0000676	5.0125	1.962	124
-0.0000674	4.95	1.962	124
-0.0000672	4.95	1.99325	124
-0.000067	5.0125	2.0245	124
-0.0000668	4.95	2.05575	124
-0.0000666	4.95	2.05575	124
-0.0000664	4.95	2.05575	124
-0.0000662	4.95	2.087	124
-0.000066	4.95	2.087	124
-0.0000658	4.95	2.11825	124
-0.0000656	4.95	2.1495	124
-0.0000654	4.95	2.1495	124
-0.0000652	4.95	2.18075	124
-0.000065	4.95	2.212	124
-0.0000648	4.95	2.212	124
-0.0000646	4.95	2.24325	124
-0.0000644	4.95	2.2745	124
-0.0000642	4.95	2.2745	124
-0.000064	4.95	2.30575	124
-0.0000638	4.95	2.337	124
-0.0000636	4.95	2.36825	124
-0.0000634	5.0125	2.36825	124
-0.0000632	4.95	2.3995	124
-0.000063	4.95	2.43075	124
-0.0000628	4.95	2.43075	124
-0.0000626	4.95	2.462	124
-0.0000624	4.95	2.462	124
-0.0000622	4.95	2.49325	124
-0.000062	4.95	2.5245	124
-0.0000618	4.95	2.5245	124
-0.0000616	4.95	2.5245	124
-0.0000614	4.95	2.55575	124
-0.0000612	4.95	2.55575	124
-0.000061	5.0125	2.587	124
-0.0000608	4.95	2.61825	124
-0.0000606	4.95	2.61825	124
-0.0000604	4.95	2.68075	124
-0.0000602	5.0125	2.68075	124
-0.00006	5.0125	2.68075	124
-0.0000598	4.95	2.712	124
-0.0000596	4.95	2.7745	124
-0.0000594	4.95	2.7745	124
-0.0000592	4.95	2.7745	124
-0.000059	4.95	2.80575	124
-0.0000588	5.0125	2.837	124
-0.0000586	4.95	2.80575	124
-0.0000584	5.0125	2.86825	124
-0.0000582	4.95	2.86825	124
-0.000058	4.95	2.8995	124
-0.0000578	4.95	2.93075	124
-0.0000576	4.95	2.93075	124
-0.0000574	4.95	2.962	124
-0.0000572	5.0125	2.962	124
-0.000057	5.0125	2.99325	124
-0.0000568	4.95	2.99325	124
-0.0000566	4.95	3.0245	124
-0.0000564	4.95	3.05575	124
-0.0000562	4.95	3.05575	124
-0.000056	4.95	3.05575	124
-0.0000558	4.95	3.087	124
-0.0000556	5.0125	3.11825	124
-0.0000554	5.0125	3.1495	124
-0.0000552	5.0125	3.18075	124
-0.000055	5.0125	3.1495	124
-0.0000548	4.95	3.18075	124
-0.0000546	4.95	3.212	124
-0.0000544	4.95	3.212	124
-0.0000542	5.0125	3.24325	124
-0.000054	4.95	3.24325	124
-0.0000538	5.0125	3.2745	124
-0.0000536	5.0125	3.30575	124
-0.0000534	5.0125	3.337	124
-0.0000532	5.0125	3.30575	124
-0.000053	4.95	3.337	124
-0.0000528	4.95	3.337	124
-0.0000526	4.95	3.36825	124
-0.0000524	4.95	3.3995	124
-0.0000522	4.95	3.3995	124
-0.000052	4.95	3.43075	124
-0.0000518	4.95	3.3995	124
-0.0000516	4.95	3.462	124
-0.0000514	5.0125	3.462	124
-0.0000512	4.95	3.49325	124
-0.000051	4.95	3.49325	124
-0.0000508	4.95	3.49325	124
-0.0000506	4.95	3.49325	124
-0.0000504	4.95	3.55575	124
-0.0000502	4.95	3.587	124
-0.00005	4.95	3.587	124
-0.0000498	4.95	3.55575	124
-0.0000496	5.075	3.61825	124
-0.0000494	4.95	3.61825	124
-0.0000492	4.95	3.6495	124
-0.000049	4.95	3.68075	124
-0.0000488	4.95	3.68075	124
-0.0000486	4.95	3.68075	124
-0.0000484	4.95	3.68075	124
-0.0000482	4.95	3.712	124
-0.000048	4.95	3.74325	124
-0.0000478	4.8875	3.74325	124
-0.0000476	4.95	3.74325	124
-0.0000474	4.95	3.7745	124
-0.0000472	4.95	3.7745	124
-0.000047	4.95	3.80575	124
-0.0000468	4.95	3.7745	124
-0.0000466	4.95	3.7745	124
-0.0000464	4.95	3.837	124
-0.0000462	4.95	3.837	124
-0.000046	4.95	3.837	124
-0.0000458	4.95	3.86825	124
-0.0000456	4.95	3.86825	124
-0.0000454	4.95	3.8995	124
-0.0000452	4.95	3.8995	124
-0.000045	4.95	3.8995	124
-0.0000448	4.95	3.93075	124
-0.0000446	5.0125	3.93075	124
-0.0000444	4.95	3.93075	124
-0.0000442	4.95	3.962	124
-0.000044	4.95	3.93075	124
-0.0000438	4.95	3.962	124
-0.0000436	5.0125	3.99325	124
-0.0000434	4.95	3.99325	124
-0.0000432	4.95	4.0245	124
-0.000043	4.95	3.99325	124
-0.0000428	4.95	4.0245	124
-0.0000426	4.95	4.05575	124
-0.0000424	4.95	4.0245	124
-0.0000422	5.0125	4.05575	124
-0.000042	4.95	4.0245	124
-0.0000418	4.95	4.05575	124
-0.0000416	4.95	4.05575	124
-0.0000414	4.95	4.087	124
-0.0000412	4.95	4.05575	124
-0.000041	4.95	4.087	124
-0.0000408	4.95	4.087	124
-0.0000406	4.95	4.11825	124
-0.0000404	4.95	4.11825	124
-0.0000402	4.95	4.11825	124
-0.00004	4.95	4.11825	124
-0.0000398	4.95	4.11825	124
-0.0000396	5.0125	4.1495	124
-0.0000394	4.95	4.1495	124
-0.0000392	4.95	4.18075	124
-0.000039	4.95	4.1495	124
-0.0000388	4.95	4.18075	124
-0.0000386	4.95	4.1495	124
-0.0000384	4.95	4.18075	124
-0.0000382	5.0125	4.18075	124
-0.000038	4.95	4.212	124
-0.0000378	4.95	4.18075	124
-0.0000376	5.0125	4.212	124
-0.0000374	4.95	4.212	124
-0.0000372	5.0125	4.212	124
-0.000037	4.95	4.212	124
-0.0000368	4.95	4.212	124
-0.0000366	4.95	4.212	124
-0.0000364	4.95	4.24325	124
-0.0000362	4.95	4.212	124
-0.000036	4.95	4.212	124
-0.0000358	4.95	4.24325	124
-0.0000356	4.95	4.212	124
-0.0000354	4.95	4.2745	124
-0.0000352	4.95	4.24325	124
-0.000035	5.0125	4.24325	124
-0.0000348	4.95	4.24325	124
-0.0000346	4.95	4.2745	124
-0.0000344	4.95	4.24325	124
-0.0000342	4.95	4.212	124
-0.000034	4.95	4.2745	124
-0.0000338	4.95	4.24325	124
-0.0000336	4.95	4.24325	124
-0.0000334	5.0125	4.24325	124
-0.0000332	4.95	4.24325	124
-0.000033	4.95	4.24325	124
-0.0000328	4.95	4.24325	124
-0.0000326	4.95	4.24325	124
-0.0000324	4.95	4.24325	124
-0.0000322	4.95	4.24325	124
-0.000032	4.95	4.24325	124
-0.0000318	4.95	4.2745	124
-0.0000316	5.0125	4.24325	124
-0.0000314	4.95	4.212	124
-0.0000312	4.95	4.2745	124
-0.000031	4.95	4.24325	124
-0.0000308	4.95	4.24325	124
-0.0000306	4.95	4.24325	124
-0.0000304	4.95	4.24325	124
-0.0000302	4.95	4.24325	124
-0.00003	4.95	4.24325	124
-0.0000298	4.95	4.212	124
-0.0000296	4.95	4.24325	124
-0.0000294	4.95	4.24325	124
-0.0000292	4.95	4.24325	124
-0.000029	4.95	4.24325	124
-0.0000288	4.95	4.212	124
-0.0000286	4.95	4.212	124
-0.0000284	4.95	4.212	124
-0.0000282	4.95	4.18075	124
-0.000028	4.95	4.18075	124
-0.0000278	4.95	4.18075	124
-0.0000276	4.95	4.212	124
-0.0000274	4.95	4.18075	124
-0.0000272	4.95	4.18075	124
-0.000027	4.95	4.18075	124
-0.0000268	4.95	4.18075	124
-0.0000266	4.95	4.18075	124
-0.0000264	4.95	4.18075	124
-0.0000262	4.95	4.1495	124
-0.000026	4.95	4.11825	124
-0.0000258	4.95	4.11825	124
-0.0000256	4.95	4.11825	124
-0.0000254	5.0125	4.11825	124
-0.0000252	4.95	4.11825	124
-0.000025	5.0125	4.11825	124
-0.0000248	4.95	4.087	124
-0.0000246	4.95	4.087	124
-0.0000244	4.95	4.05575	124
-0.0000242	4.95	4.087	124
-0.000024	4.95	4.05575	124
-0.0000238	5.0125	4.0245	124
-0.0000236	5.0125	4.05575	124
-0.0000234	5.0125	4.087	124
-0.0000232	4.95	4.0245	124
-0.000023	4.95	4.05575	124
-0.0000228	4.95	3.99325	124
-0.0000226	4.95	4.0245	124
-0.0000224	4.95	3.99325	124
-0.0000222	4.95	3.99325	124
-0.000022	4.95	3.962	124
-0.0000218	4.95	3.962	124
-0.0000216	4.95	3.93075	124
-0.0000214	4.95	3.93075	124
-0.0000212	4.95	3.93075	124
-0.000021	4.95	3.93075	124
-0.0000208	4.8875	3.8995	124
-0.0000206	4.95	3.86825	124
-0.0000204	4.95	3.8995	124
-0.0000202	4.8875	3.86825	124
-0.00002	4.95	3.86825	124
-0.0000198	4.95	3.86825	124
-0.0000196	5.0125	3.837	124
-0.0000194	4.95	3.837	124
-0.0000192	4.95	3.80575	124
-0.000019	4.95	3.80575	124
-0.0000188	4.95	3.80575	124
-0.0000186	4.95	3.80575	124
-0.0000184	4.95	3.74325	124
-0.0000182	4.95	3.74325	124
-0.000018	4.95	3.712	124
-0.0000178	4.95	3.74325	124
-0.0000176	4.95	3.712	124
-0.0000174	4.95	3.68075	124
-0.0000172	4.95	3.68075	124
-0.000017	4.95	3.6495	124
-0.0000168	4.95	3.6495	124
-0.0000166	4.95	3.6495	124
-0.0000164	4.95	3.61825	124
-0.0000162	5.0125	3.587	124
-0.000016	4.95	3.587	124
-0.0000158	4.95	3.55575	124
-0.0000156	4.95	3.55575	124
-0.0000154	4.95	3.5245	124
-0.0000152	4.95	3.5245	124
-0.000015	4.95	3.5245	124
-0.0000148	4.95	3.49325	124
-0.0000146	4.95	3.49325	124
-0.0000144	4.95	3.462	124
-0.0000142	4.95	3.49325	124
-0.000014	4.95	3.43075	124
-0.0000138	4.95	3.43075	124
-0.0000136	4.95	3.3995	124
-0.0000134	5.0125	3.3995	124
-0.0000132	5.0125	3.36825	124
-0.000013	4.95	3.36825	124
-0.0000128	4.95	3.337	124
-0.0000126	4.95	3.30575	124
-0.0000124	5.0125	3.30575	124
-0.0000122	4.95	3.30575	124
-0.000012	4.95	3.24325	124
-0.0000118	5.0125	3.2745	124
-0.0000116	4.95	3.24325	124
-0.0000114	4.95	3.212	124
-0.0000112	4.95	3.212	124
-0.000011	4.95	3.212	124
-0.0000108	4.95	3.18075	124
-0.0000106	4.95	3.18075	124
-0.0000104	4.95	3.1495	124
-0.0000102	5.0125	3.11825	124
-0.00001	5.0125	3.11825	124
-0.0000098	4.95	3.087	124
-0.0000096	4.95	3.087	124
-0.0000094	4.95	3.05575	124
-0.0000092	4.95	3.0245	124
-0.000009	4.95	2.99325	124
-0.0000088	4.95	2.99325	124
-0.0000086	4.95	2.99325	124
-0.0000084	4.95	2.962	124
-0.0000082	4.95	2.93075	124
-0.000008	4.95	2.8995	124
-0.0000078	5.0125	2.8995	124
-0.0000076	4.95	2.8995	124
-0.0000074	4.95	2.86825	124
-0.0000072	4.95	2.837	124
-0.000007	5.0125	2.837	124
-0.0000068	4.95	2.80575	124
-0.0000066	4.95	2.7745	124
-0.0000064	4.95	2.7745	124
-0.0000062	4.95	2.74325	124
-0.000006	4.95	2.74325	124
-0.0000058	5.0125	2.712	124
-0.0000056	4.95	2.68075	124
-0.0000054	5.0125	2.68075	124
-0.0000052	4.8875	2.6495	124
-0.000005	4.95	2.6495	124
-0.0000048	4.95	2.587	124
-0.0000046	4.95	2.587	124
-0.0000044	4.95	2.55575	124
-0.0000042	5.0125	2.5245	124
-0.000004	5.0125	2.55575	124
-0.0000038	4.95	2.5245	124
-0.0000036	4.95	2.49325	124
-0.0000034	4.95	2.462	124
-0.0000032	4.95	2.462	124
-0.000003	4.95	2.43075	124
-0.0000028	4.95	2.3995	124
-0.0000026	4.95	2.3995	124
-0.0000024	4.95	2.36825	124
-0.0000022	4.95	2.36825	124
-0.000002	4.95	2.30575	124
-0.0000018	4.95	2.30575	124
-0.0000016	4.95	2.2745	124
-0.0000014	4.95	2.30575	124
-0.0000012	4.95	2.24325	124
-0.000001	4.95	2.24325	124
-0.0000008	4.95	2.212	124
-0.0000006	4.95	2.18075	124
-0.0000004	4.95	2.18075	124
-0.0000002	4.95	2.1495	124
-0.0000000000000000246656	4.95	2.11825	124
0.0000002	4.95	2.087	124
0.0000004	4.95	2.087	124
0.0000006	4.95	2.05575	124
0.0000008	4.95	2.05575	124
0.000001	4.95	2.0245	124
0.0000012	4.95	2.0245	124
0.0000014	4.95	1.99325	124
0.0000016	5.0125	1.99325	124
0.0000018	4.95	1.93075	124
0.000002	5.0125	1.93075	124
0.0000022	5.0125	1.8995	124
0.0000024	4.95	1.8995	124
0.0000026	4.95	1.86825	124
0.0000028	4.95	1.86825	124
0.000003	4.95	1.837	124
0.0000032	4.95	1.80575	124
0.0000034	4.95	1.80575	124
0.0000036	4.95	1.7745	124
0.0000038	4.95	1.74325	124
0.000004	4.95	1.712	124
0.0000042	4.95	1.712	124
0.0000044	4.95	1.712	124
0.0000046	4.95	1.68075	124
0.0000048	4.95	1.6495	124
0.000005	4.95	1.61825	124
0.0000052	4.95	1.61825	124
0.0000054	4.95	1.587	124
0.0000056	4.95	1.55575	124
0.0000058	5.0125	1.55575	124
0.000006	5.0125	1.5245	124
0.0000062	4.95	1.5245	124
0.0000064	5.0125	1.5245	124
0.0000066	4.95	1.462	124
0.0000068	4.95	1.462	124
0.000007	4.95	1.462	124
0.0000072	4.95	1.43075	124
0.0000074	5.0125	1.36825	124
0.0000076	4.95	1.3995	124
0.0000078	5.0125	1.36825	124
0.000008	5.0125	1.337	124
0.0000082	4.95	1.337	124
0.0000084	5.0125	1.337	124
0.0000086	4.95	1.30575	124
0.0000088	4.95	1.30575	124
0.000009	4.95	1.2745	124
0.0000092	5.0125	1.2745	124
0.0000094	4.95	1.24325	124
0.0000096	4.95	1.18075	124
0.0000098	4.95	1.212	124
0.00001	5.0125	1.1495	124
0.0000102	4.95	1.18075	124
0.0000104	4.95	1.1495	124
0.0000106	4.95	1.1495	124
0.0000108	5.0125	1.087	124
0.000011	4.95	1.087	124
0.0000112	4.95	1.087	124
0.0000114	5.0125	1.087	124
0.0000116	4.95	1.05575	124
0.0000118	5.0125	1.05575	124
0.000012	4.95	1.0245	124
0.0000122	4.95	0.99325	124
0.0000124	5.0125	0.962	124
0.0000126	4.95	0.99325	124
0.0000128	5.0125	0.962	124
0.000013	4.95	0.93075	124
0.0000132	4.8875	0.8995	124
0.0000134	4.95	0.8995	124
0.0000136	4.95	0.8995	124
0.0000138	4.95	0.86825	124
0.000014	4.95	0.86825	124
0.0000142	4.95	0.837	124
0.0000144	4.95	0.837	124
0.0000146	4.95	0.837	124
0.0000148	4.95	0.80575	124
0.000015	5.0125	0.80575	124
0.0000152	4.95	0.7745	124
0.0000154	4.95	0.7745	124
0.0000156	4.95	0.7745	124
0.0000158	4.95	0.74325	124
0.000016	4.95	0.74325	124
0.0000162	4.95	0.74325	124
0.0000164	4.95	0.712	124
0.0000166	5.0125	0.712	124
0.0000168	4.95	0.68075	124
0.000017	4.95	0.68075	124
0.0000172	4.95	0.68075	124
0.0000174	4.95	0.68075	124
0.0000176	4.95	0.6495	124
0.0000178	4.95	0.6495	124
0.000018	4.95	0.6495	124
0.0000182	5.0125	0.61825	124
0.0000184	4.95	0.61825	124
0.0000186	5.0125	0.587	124
0.0000188	4.95	0.587	124
0.000019	4.95	0.587	124
0.0000192	5.0125	0.55575	124
0.0000194	4.95	0.55575	124
0.0000196	5.0125	0.5245	124
0.0000198	4.95	0.55575	124
0.00002	5.0125	0.5245	124
0.0000202	4.95	0.49325	124
0.0000204	4.95	0.5245	124
0.0000206	4.95	0.5245	124
0.0000208	4.95	0.49325	124
0.000021	4.95	0.49325	124
0.0000212	4.95	0.462	124
0.0000214	4.95	0.462	124
0.0000216	4.95	0.462	124
0.0000218	4.95	0.462	124
0.000022	4.95	0.462	124
0.0000222	4.95	0.43075	124
0.0000224	4.95	0.43075	124
0.0000226	4.95	0.3995	124
0.0000228	4.95	0.3995	124
0.000023	4.95	0.3995	124
0.0000232	4.95	0.36825	124
0.0000234	4.95	0.3995	124
0.0000236	4.95	0.36825	124
0.0000238	5.0125	0.36825	124
0.000024	4.95	0.36825	124
0.0000242	4.95	0.36825	124
0.0000244	5.0125	0.36825	124
0.0000246	4.95	0.36825	124
0.0000248	4.95	0.337	124
0.000025	4.95	0.337	124
0.0000252	4.95	0.337	124
0.0000254	4.95	0.337	124
0.0000256	4.95	0.337	124
0.0000258	4.95	0.337	124
0.000026	4.95	0.337	124
0.0000262	4.95	0.337	124
0.0000264	4.95	0.337	124
0.0000266	4.95	0.2745	124
0.0000268	4.95	0.337	124
0.000027	4.95	0.30575	124
0.0000272	4.95	0.30575	124
0.0000274	4.95	0.2745	124
0.0000276	4.95	0.337	124
0.0000278	4.95	0.30575	124
0.000028	4.95	0.2745	124
0.0000282	4.95	0.30575	124
0.0000284	4.95	0.30575	124
0.0000286	4.8875	0.30575	124
0.0000288	4.95	0.30575	124
0.000029	4.95	0.30575	124
0.0000292	5.0125	0.2745	124
0.0000294	4.95	0.30575	124
0.0000296	4.95	0.30575	124
0.0000298	4.95	0.30575	124
0.00003	4.95	0.30575	124
0.0000302	4.95	0.2745	124
0.0000304	4.95	0.2745	124
0.0000306	5.0125	0.2745	124
0.0000308	4.95	0.30575	124
0.000031	4.95	0.2745	124
0.0000312	4.95	0.30575	124
0.0000314	4.95	0.30575	124
0.0000316	4.95	0.30575	124
0.0000318	5.0125	0.2745	124
0.000032	4.95	0.337	124
0.0000322	4.95	0.30575	124
0.0000324	4.95	0.30575	124
0.0000326	4.95	0.337	124
0.0000328	4.95	0.30575	124
0.000033	4.95	0.337	124
0.0000332	5.0125	0.337	124
0.0000334	4.95	0.337	124
0.0000336	4.95	0.337	124
0.0000338	4.95	0.36825	124
0.000034	4.95	0.36825	124
0.0000342	4.95	0.36825	124
0.0000344	4.95	0.337	124
0.0000346	4.95	0.36825	124
0.0000348	5.0125	0.337	124
0.000035	5.0125	0.3995	124
0.0000352	4.95	0.36825	124
0.0000354	4.95	0.3995	124
0.0000356	4.95	0.36825	124
0.0000358	4.95	0.3995	124
0.000036	4.95	0.36825	124
0.0000362	4.95	0.3995	124
0.0000364	4.95	0.43075	124
0.0000366	4.95	0.43075	124
0.0000368	4.95	0.43075	124
0.000037	4.95	0.43075	124
0.0000372	4.95	0.43075	124
0.0000374	4.95	0.43075	124
0.0000376	4.95	0.462	124
0.0000378	4.95	0.462	124
0.000038	4.95	0.462	124
0.0000382	4.95	0.49325	124
0.0000384	4.95	0.462	124
0.0000386	4.95	0.49325	124
0.0000388	5.0125	0.5245	124
0.000039	4.95	0.49325	124
0.0000392	4.95	0.49325	124
0.0000394	5.0125	0.55575	124
0.0000396	4.95	0.55575	124
0.0000398	4.95	0.55575	124
0.00004	5.0125	0.587	124
0.0000402	4.95	0.587	124
0.0000404	4.95	0.587	124
0.0000406	4.95	0.61825	124
0.0000408	5.0125	0.61825	124
0.000041	4.95	0.587	124
0.0000412	4.95	0.68075	124
0.0000414	4.95	0.6495	124
0.0000416	4.95	0.68075	124
0.0000418	5.0125	0.68075	124
0.000042	4.95	0.68075	124
0.0000422	5.0125	0.68075	124
0.0000424	4.95	0.712	124
0.0000426	4.95	0.712	124
0.0000428	4.95	0.74325	124
0.000043	4.95	0.74325	124
0.0000432	4.95	0.74325	124
0.0000434	4.95	0.74325	124
0.0000436	4.95	0.7745	124
0.0000438	4.95	0.7745	124
0.000044	4.95	0.7745	124
0.0000442	4.95	0.80575	124
0.0000444	4.8875	0.837	124
0.0000446	4.95	0.837	124
0.0000448	5.0125	0.837	124
0.000045	4.95	0.837	124
0.0000452	4.95	0.86825	124
0.0000454	4.95	0.86825	124
0.0000456	4.95	0.86825	124
0.0000458	4.95	0.8995	124
0.000046	4.95	0.8995	124
0.0000462	4.8875	0.93075	124
0.0000464	4.95	0.962	124
0.0000466	5.0125	0.962	124
0.0000468	4.95	0.99325	124
0.000047	4.95	0.99325	124
0.0000472	4.8875	1.0245	124
0.0000474	4.95	1.0245	124
0.0000476	4.95	1.05575	124
0.0000478	4.95	1.087	124
0.000048	5.0125	1.087	124
0.0000482	4.95	1.087	124
0.0000484	4.95	1.11825	124
0.0000486	4.95	1.18075	124
0.0000488	4.95	1.1495	124
0.000049	4.95	1.18075	124
0.0000492	4.95	1.18075	124
0.0000494	5.0125	1.18075	124
0.0000496	4.95	1.212	124
0.0000498	4.95	1.24325	124
0.00005	4.95	1.24325	124
0.0000502	4.95	1.30575	124
0.0000504	4.95	1.30575	124
0.0000506	4.95	1.30575	124
0.0000508	4.95	1.337	124
0.000051	5.0125	1.337	124
0.0000512	4.95	1.337	124
0.0000514	5.0125	1.3995	124
0.0000516	4.95	1.3995	124
0.0000518	4.95	1.3995	124
0.000052	4.95	1.3995	124
0.0000522	4.95	1.462	124
0.0000524	4.95	1.43075	124
0.0000526	4.95	1.462	124
0.0000528	5.0125	1.5245	124
0.000053	4.95	1.5245	124
0.0000532	4.95	1.5245	124
0.0000534	4.95	1.55575	124
0.0000536	4.95	1.587	124
0.0000538	5.0125	1.587	124
0.000054	5.0125	1.61825	124
0.0000542	5.0125	1.61825	124
0.0000544	4.95	1.6495	124
0.0000546	4.95	1.68075	124
0.0000548	4.95	1.68075	124
0.000055	4.95	1.712	124
0.0000552	4.95	1.712	124
0.0000554	4.95	1.74325	124
0.0000556	4.95	1.7745	124
0.0000558	4.95	1.7745	124
0.000056	4.95	1.837	124
0.0000562	4.95	1.837	124
0.0000564	4.95	1.837	124
0.0000566	4.95	1.86825	124
0.0000568	4.95	1.8995	124
0.000057	4.95	1.8995	124
0.0000572	4.95	1.93075	124
0.0000574	4.95	1.962	124
0.0000576	4.95	1.962	124
0.0000578	4.95	1.99325	124
0.000058	4.95	1.99325	124
0.0000582	4.95	2.0245	124
0.0000584	5.0125	2.05575	124
0.0000586	4.95	2.05575	124
0.0000588	5.0125	2.087	124
0.000059	5.0125	2.11825	124
0.0000592	4.95	2.1495	124
0.0000594	4.95	2.1495	124
0.0000596	4.95	2.18075	124
0.0000598	4.95	2.18075	124
0.00006	4.95	2.212	124
0.0000602	4.95	2.24325	124
0.0000604	4.95	2.24325	124
0.0000606	4.95	2.30575	124
0.0000608	5.0125	2.2745	124
0.000061	4.95	2.337	124
0.0000612	4.95	2.30575	124
0.0000614	4.95	2.337	124
0.0000616	4.95	2.36825	124
0.0000618	5.0125	2.3995	124
0.000062	4.95	2.3995	124
0.0000622	4.95	2.43075	124
0.0000624	4.95	2.43075	124
0.0000626	4.95	2.49325	124
0.0000628	4.95	2.49325	124
0.000063	4.95	2.49325	124
0.0000632	4.95	2.5245	124
0.0000634	4.95	2.5245	124
0.0000636	5.0125	2.587	124
0.0000638	4.95	2.55575	124
0.000064	4.95	2.61825	124
0.0000642	4.95	2.6495	124
0.0000644	4.95	2.61825	124
0.0000646	4.95	2.68075	124
0.0000648	5.0125	2.68075	124
0.000065	4.95	2.68075	124
0.0000652	4.95	2.712	124
0.0000654	4.95	2.74325	124
0.0000656	4.95	2.7745	124
0.0000658	4.95	2.80575	124
0.000066	4.95	2.7745	124
0.0000662	4.95	2.80575	124
0.0000664	5.0125	2.837	124
0.0000666	4.95	2.86825	124
0.0000668	4.95	2.86825	124
0.000067	5.0125	2.8995	124
0.0000672	4.95	2.93075	124
0.0000674	4.95	2.93075	124
0.0000676	4.95	2.99325	124
0.0000678	4.95	2.99325	124
0.000068	4.95	2.99325	124
0.0000682	4.95	3.0245	124
0.0000684	4.95	3.0245	124
0.0000686	4.95	3.05575	124
0.0000688	5.0125	3.05575	124
0.000069	4.95	3.087	124
0.0000692	4.95	3.11825	124
0.0000694	4.95	3.11825	124
0.0000696	5.0125	3.1495	124
0.0000698	4.95	3.18075	124
0.00007	5.0125	3.18075	124
0.0000702	5.0125	3.18075	124
0.0000704	4.95	3.212	124
0.0000706	4.95	3.212	124
0.0000708	5.0125	3.24325	124
0.000071	4.95	3.24325	124
0.0000712	4.95	3.30575	124
0.0000714	4.95	3.30575	124
0.0000716	4.95	3.30575	124
0.0000718	4.95	3.337	124
0.000072	4.95	3.337	124
0.0000722	5.0125	3.36825	124
0.0000724	5.0125	3.36825	124
0.0000726	4.8875	3.36825	124
0.0000728	4.95	3.3995	124
0.000073	4.95	3.43075	124
0.0000732	4.95	3.43075	124
0.0000734	4.95	3.462	124
0.0000736	4.95	3.462	124
0.0000738	4.95	3.49325	124
0.000074	4.95	3.49325	124
0.0000742	5.0125	3.5245	124
0.0000744	4.95	3.5245	124
0.0000746	4.95	3.55575	124
0.0000748	4.95	3.55575	124
0.000075	4.95	3.55575	124
0.0000752	4.95	3.587	124
0.0000754	4.95	3.587	124
0.0000756	4.95	3.61825	124
0.0000758	4.95	3.6495	124
0.000076	4.95	3.6495	254
0.0000762	4.95	3.6495	254
0.0000764	5.0125	3.68075	142
0.0000766	4.95	3.712	142
0.0000768	4.95	3.712	142
0.000077	4.95	3.712	142
0.0000772	4.95	3.74325	142
0.0000774	4.95	3.74325	142
0.0000776	4.95	3.7745	142
0.0000778	4.95	3.7745	142
0.000078	4.95	3.80575	142
0.0000782	4.95	3.80575	142
0.0000784	0.7625	3.80575	142
0.0000786	-0.0500001	3.80575	142
0.0000788	0.0124999	3.837	142
0.000079	4.825	3.86825	142
0.0000792	4.95	3.86825	142
0.0000794	4.95	3.86825	142
0.0000796	4.95	3.86825	142
0.0000798	4.95	3.86825	142
0.00008	4.95	3.8995	142
0.0000802	4.95	3.93075	142
0.0000804	4.95	3.8995	142
0.0000806	4.95	3.962	142
0.0000808	4.95	3.962	142
0.000081	4.95	3.962	142
0.0000812	5.0125	3.99325	142
0.0000814	4.95	3.99325	142
0.0000816	4.95	3.962	142
0.0000818	4.95	4.0245	142
0.000082	4.95	4.0245	142
0.0000822	4.95	3.99325	142
0.0000824	4.95	4.0245	142
0.0000826	4.95	4.0245	142
0.0000828	4.95	4.0245	142
0.000083	4.95	4.05575	142
0.0000832	4.95	4.05575	142
0.0000834	4.95	4.087	142
0.0000836	4.95	4.087	142
0.0000838	4.95	4.087	142
0.000084	4.95	4.087	142
0.0000842	4.95	4.11825	142
0.0000844	4.8875	4.1495	142
0.0000846	4.95	4.11825	142
0.0000848	4.95	4.11825	142
0.000085	4.95	4.11825	142
0.0000852	4.95	4.1495	142
0.0000854	4.95	4.1495	142
0.0000856	4.95	4.1495	142
0.0000858	5.0125	4.18075	142
0.000086	4.95	4.18075	142
0.0000862	4.95	4.1495	142
0.0000864	4.95	4.18075	142
0.0000866	4.95	4.212	142
0.0000868	4.95	4.18075	142
0.000087	4.95	4.18075	142
0.0000872	4.95	4.18075	142
0.0000874	4.95	4.212	142
0.0000876	4.95	4.212	142
0.0000878	4.95	4.212	142
0.000088	4.95	4.212	142
0.0000882	4.95	4.212	142
0.0000884	5.0125	4.212	142
0.0000886	4.95	4.24325	142
0.0000888	4.95	4.24325	142
0.000089	4.95	4.212	142
0.0000892	4.95	4.18075	142
0.0000894	4.95	4.24325	142
0.0000896	5.0125	4.24325	142
0.0000898	5.0125	4.212	142
0.00009	4.95	4.24325	142
0.0000902	4.95	4.212	142
0.0000904	4.95	4.24325	142
0.0000906	4.95	4.24325	142
0.0000908	5.0125	4.24325	142
0.000091	5.0125	4.24325	142
0.0000912	4.95	4.24325	142
0.0000914	4.95	4.24325	142
0.0000916	4.95	4.24325	142
0.0000918	4.95	4.24325	142
0.000092	4.95	4.24325	142
0.0000922	4.95	4.2745	142
0.0000924	4.95	4.24325	142
0.0000926	4.95	4.24325	142
0.0000928	4.95	4.24325	142
0.000093	5.0125	4.24325	142
0.0000932	4.95	4.24325	142
0.0000934	4.95	4.24325	142
0.0000936	4.95	4.2745	142
0.0000938	4.95	4.24325	142
0.000094	4.95	4.24325	142
0.0000942	5.0125	4.24325	142
0.0000944	4.95	4.24325	142
0.0000946	4.95	4.212	142
0.0000948	4.95	4.24325	142
0.000095	4.95	4.212	142
0.0000952	4.95	4.24325	142
0.0000954	4.95	4.24325	142
0.0000956	4.95	4.24325	142
0.0000958	4.95	4.212	142
0.000096	4.95	4.212	142
0.0000962	4.95	4.212	142
0.0000964	4.95	4.212	142
0.0000966	4.95	4.212	142
0.0000968	4.95	4.18075	142
0.000097	4.95	4.18075	142
0.0000972	4.95	4.18075	142
0.0000974	4.95	4.212	142
0.0000976	4.95	4.18075	142
0.0000978	4.95	4.18075	142
0.000098	4.95	4.18075	142
0.0000982	4.95	4.18075	142
0.0000984	5.0125	4.18075	142
0.0000986	4.95	4.11825	142
0.0000988	4.95	4.1495	142
0.000099	5.0125	4.11825	142
0.0000992	4.95	4.11825	142
0.0000994	4.95	4.087	142
0.0000996	4.95	4.11825	142
0.0000998	4.95	4.087	142
